0.0000	500.0000	100.0000
0.0500	581.2605	99.5406
0.1000	676.4304	99.1706
0.1500	787.8116	98.9039
0.2000	918.0110	98.7568
0.2500	1069.9399	98.7490
0.3000	1246.7911	98.9033
0.3500	1451.9789	99.2469
0.4000	1689.0278	99.8120
0.4500	1961.3853	100.6359
0.5000	2272.1362	101.7627
0.5500	2623.5862	103.2433
0.6000	3016.6905	105.1360
0.6500	3450.3077	107.5071
0.7000	3920.2871	110.4301
0.7500	4418.4428	113.9840
0.8000	4931.5419	118.2502
0.8500	5440.5379	123.3068
0.9000	5920.3976	129.2200
0.9500	6340.9501	136.0315
1.0000	6669.1666	143.7431
1.0500	6873.0423	152.3003
1.1000	6926.7542	161.5776
1.1500	6816.0862	171.3723
1.2000	6542.5383	181.4104
1.2500	6124.5087	191.3693
1.3000	5594.7218	200.9142
1.3500	4994.4552	209.7391
1.4000	4366.3606	217.6036
1.4500	3748.0681	224.3541
1.5000	3168.1320	229.9279
1.5500	2644.7351	234.3411
1.6000	2186.5921	237.6689
1.6500	1795.0666	240.0224
1.7000	1466.5937	241.5292
1.7500	1194.8247	242.3185
1.8000	972.2449	242.5118
1.8500	791.2454	242.2175
1.9000	644.7449	241.5291
1.9500	526.4896	240.5252
2.0000	431.1445	239.2708
2.0500	354.2659	237.8188
2.1000	292.2130	236.2122
2.1500	242.0372	234.4853
2.2000	201.3688	232.6657
2.2500	168.3130	230.7755
2.3000	141.3597	228.8323
2.3500	119.3069	226.8500
2.4000	101.1985	224.8399
2.4500	86.2731	222.8109
2.5000	73.9242	220.7702
2.5500	63.6674	218.7236
2.6000	55.1152	216.6756
2.6500	47.9565	214.6300
2.7000	41.9413	212.5898
2.7500	36.8678	210.5573
2.8000	32.5728	208.5345
2.8500	28.9236	206.5229
2.9000	25.8123	204.5239
2.9500	23.1508	202.5383
3.0000	20.8666	200.5671
3.0500	18.9003	198.6109
3.1000	17.2030	196.6701
3.1500	15.7339	194.7453
3.2000	14.4594	192.8366
3.2500	13.3514	190.9444
3.3000	12.3865	189.0687
3.3500	11.5451	187.2099
3.4000	10.8108	185.3678
3.4500	10.1697	183.5426
3.5000	9.6101	181.7343
3.5500	9.1223	179.9428
3.6000	8.6980	178.1682
3.6500	8.3300	176.4104
3.7000	8.0127	174.6694
3.7500	7.7408	172.9450
3.8000	7.5104	171.2372
3.8500	7.3178	169.5460
3.9000	7.1602	167.8711
3.9500	7.0353	166.2125
4.0000	6.9411	164.5702
4.0500	6.8763	162.9440
4.1000	6.8396	161.3337
4.1500	6.8305	159.7393
4.2000	6.8484	158.1607
4.2500	6.8935	156.5977
4.3000	6.9658	155.0503
4.3500	7.0661	153.5183
4.4000	7.1952	152.0016
4.4500	7.3543	150.5001
4.5000	7.5451	149.0137
4.5500	7.7695	147.5423
4.6000	8.0299	146.0857
4.6500	8.3292	144.6440
4.7000	8.6707	143.2169
4.7500	9.0582	141.8044
4.8000	9.4964	140.4065
4.8500	9.9904	139.0230
4.9000	10.5464	137.6538
4.9500	11.1713	136.2989
5.0000	11.8731	134.9582
5.0500	12.6612	133.6318
5.1000	13.5462	132.3194
5.1500	14.5405	131.0212
5.2000	15.6581	129.7371
5.2500	16.9156	128.4671
5.3000	18.3319	127.2112
5.3500	19.9289	125.9695
5.4000	21.7319	124.7421
5.4500	23.7705	123.5290
5.5000	26.0789	122.3303
5.5500	28.6967	121.1462
5.6000	31.6704	119.9770
5.6500	35.0539	118.8228
5.7000	38.9102	117.6839
5.7500	43.3130	116.5608
5.8000	48.3486	115.4538
5.8500	54.1181	114.3635
5.9000	60.7402	113.2906
5.9500	68.3541	112.2356
6.0000	77.1237	111.1996
6.0500	87.2420	110.1835
6.1000	98.9362	109.1886
6.1500	112.4742	108.2163
6.2000	128.1719	107.2683
6.2500	146.4024	106.3467
6.3000	167.6058	105.4537
6.3500	192.3014	104.5921
6.4000	221.1021	103.7653
6.4500	254.7302	102.9770
6.5000	294.0361	102.2320
6.5500	340.0197	101.5355
6.6000	393.8532	100.8941
6.6500	456.9071	100.3151
6.7000	530.7769	99.8077
6.7500	617.3104	99.3823
6.8000	718.6326	99.0516
6.8500	837.1655	98.8303
6.9000	975.6381	98.7361
6.9500	1137.0781	98.7897
7.0000	1324.7757	99.0158
7.0500	1542.2063	99.4434
7.1000	1792.8908	100.1065
7.1500	2080.1734	101.0452
7.2000	2406.8870	102.3061
7.2500	2774.8783	103.9431
7.3000	3184.3680	106.0177
7.3500	3633.1360	108.5990
7.4000	4115.5533	111.7631
7.4500	4621.5412	115.5904
7.5000	5135.6237	120.1619
7.5500	5636.3484	125.5522
7.6000	6096.4660	131.8193
7.6500	6484.3076	138.9911
7.7000	6766.7017	147.0491
7.7500	6913.4389	155.9118
7.8000	6902.6955	165.4233
7.8500	6726.1432	175.3508
7.9000	6392.0621	185.3976
7.9500	5925.0601	195.2313
8.0000	5362.0804	204.5235
8.0500	4745.8081	212.9908
8.1000	4117.5567	220.4256
8.1500	3511.6761	226.7110
8.2000	2952.6099	231.8177
8.2500	2454.5780	235.7879
8.3000	2023.0851	238.7138
8.3500	1657.2519	240.7150
8.4000	1352.1770	241.9214
8.4500	1100.8867	242.4599
8.5000	895.7282	242.4472
8.5500	729.2489	241.9859
8.6000	594.6747	241.1635
8.6500	486.1144	240.0529
8.7000	398.5950	238.7142
8.7500	328.0046	237.1962
8.8000	270.9912	235.5380
8.8500	224.8497	233.7713
8.9000	187.4108	231.9213
8.9500	156.9428	230.0082
9.0000	132.0664	228.0479
9.0500	111.6840	226.0533
9.1000	94.9224	224.0348
9.1500	81.0863	222.0004
9.2000	69.6211	219.9568
9.2500	60.0835	217.9091
9.3000	52.1187	215.8617
9.3500	45.4415	213.8179
9.4000	39.8224	211.7805
9.4500	35.0760	209.7516
9.5000	31.0520	207.7331
9.5500	27.6283	205.7264
9.6000	24.7054	203.7326
9.6500	22.2017	201.7527
9.7000	20.0503	199.7873
9.7500	18.1963	197.8372
9.8000	16.5941	195.9027
9.8500	15.2060	193.9843
9.9000	14.0008	192.0821
9.9500	12.9522	190.1965
10.0000	12.0386	188.3275
10.0500	11.2415	186.4753
10.1000	10.5458	184.6399
10.1500	9.9384	182.8215
10.2000	9.4084	181.0199
10.2500	8.9467	179.2351
10.3000	8.5456	177.4672
10.3500	8.1984	175.7161
10.4000	7.8997	173.9817
10.4500	7.6447	172.2639
10.5000	7.4297	170.5627
10.5500	7.2514	168.8780
10.6000	7.1070	167.2096
10.6500	6.9945	165.5575
10.7000	6.9122	163.9216
10.7500	6.8586	162.3017
10.8000	6.8330	160.6978
10.8500	6.8346	159.1097
10.9000	6.8634	157.5373
10.9500	6.9192	155.9805
11.0000	7.0026	154.4392
11.0500	7.1142	152.9133
11.1000	7.2551	151.4027
11.1500	7.4266	149.9072
11.2000	7.6305	148.4268
11.2500	7.8689	146.9613
11.3000	8.1444	145.5106
11.3500	8.4601	144.0747
11.4000	8.8194	142.6535
11.4500	9.2265	141.2468
11.5000	9.6862	139.8546
11.5500	10.2041	138.4768
11.6000	10.7866	137.1133
11.6500	11.4411	135.7641
11.7000	12.1761	134.4291
11.7500	13.0014	133.1082
11.8000	13.9283	131.8015
11.8500	14.9698	130.5089
11.9000	16.1411	129.2304
11.9500	17.4593	127.9660
12.0000	18.9447	126.7158
12.0500	20.6204	125.4797
12.1000	22.5135	124.2580
12.1500	24.6550	123.0506
12.2000	27.0814	121.8577
12.2500	29.8350	120.6795
12.3000	32.9648	119.5162
12.3500	36.5283	118.3680
12.4000	40.5926	117.2354
12.4500	45.2361	116.1187
12.5000	50.5508	115.0183
12.5500	56.6443	113.9348
12.6000	63.6430	112.8689
12.6500	71.6957	111.8214
12.7000	80.9771	110.7931
12.7500	91.6931	109.7853
12.8000	104.0864	108.7992
12.8500	118.4430	107.8364
12.9000	135.1004	106.8986
12.9500	154.4569	105.9880
13.0000	176.9828	105.1072
13.0500	203.2327	104.2590
13.1000	233.8609	103.4470
13.1500	269.6384	102.6754
13.2000	311.4725	101.9490
13.2500	360.4285	101.2736
13.3000	417.7545	100.6560
13.3500	484.9072	100.1044
13.4000	563.5793	99.6282
13.4500	655.7260	99.2389
13.5000	763.5886	98.9498
13.5500	889.7107	98.7768
13.6000	1036.9425	98.7387
13.6500	1208.4224	98.8578
13.7000	1407.5265	99.1603
13.7500	1637.7689	99.6771
13.8000	1902.6326	100.4448
13.8500	2205.3053	101.5057
13.9000	2548.2933	102.9094
13.9500	2932.8827	104.7126
14.0000	3358.4301	106.9802
14.0500	3821.4815	109.7839
14.1000	4314.7621	113.2021
14.1500	4826.1462	117.3159
14.2000	5337.8167	122.2049
14.2500	5825.9367	127.9384
14.3000	6261.2534	134.5643
14.3500	6611.0594	142.0940
14.4000	6842.7535	150.4858
14.4500	6928.7959	159.6297
14.5000	6852.1932	169.3386
14.5500	6611.0188	179.3518
14.6000	6220.2976	189.3542
14.6500	5710.2072	199.0101
14.7000	5120.8445	208.0043
14.7500	4495.1542	216.0807
14.8000	3872.2127	223.0670
14.8500	3282.6228	228.8825
14.9000	2746.6737	233.5286
14.9500	2274.8701	237.0703
15.0000	1869.8818	239.6131
15.0500	1528.9634	241.2824
15.1000	1246.1861	242.2083
15.1500	1014.1700	242.5143
15.2000	825.2622	242.3117
15.2500	672.2407	241.6971
15.3000	548.6698	240.7521
15.3500	449.0260	239.5443
15.4000	368.6892	238.1290
15.4500	303.8629	236.5509
15.5000	251.4664	234.8462
15.5500	209.0203	233.0437
15.6000	174.5405	231.1664
15.6500	146.4449	229.2328
15.7000	123.4740	227.2575
15.7500	104.6257	225.2523
15.8000	89.1026	223.2266
15.8500	76.2692	221.1878
15.9000	65.6184	219.1420
15.9500	56.7447	217.0940
16.0000	49.3228	215.0476
16.0500	43.0913	213.0061
16.1000	37.8394	210.9718
16.1500	33.3966	208.9469
16.2000	29.6247	206.9330
16.2500	26.4110	204.9313
16.3000	23.6637	202.9429
16.3500	21.3074	200.9687
16.4000	19.2803	199.0094
16.4500	17.5314	197.0654
16.5000	16.0185	195.1373
16.5500	14.7066	193.2253
16.6000	13.5665	191.3297
16.6500	12.5740	189.4507
16.7000	11.7088	187.5883
16.7500	10.9537	185.7428
16.8000	10.2945	183.9142
16.8500	9.7191	182.1024
16.9000	9.2173	180.3075
16.9500	8.7806	178.5295
17.0000	8.4016	176.7683
17.0500	8.0743	175.0238
17.1000	7.7935	173.2960
17.1500	7.5549	171.5849
17.2000	7.3548	169.8902
17.2500	7.1902	168.2120
17.3000	7.0588	166.5502
17.3500	6.9585	164.9045
17.4000	6.8877	163.2750
17.4500	6.8454	161.6615
17.5000	6.8306	160.0638
17.5500	6.8431	158.4820
17.6000	6.8826	156.9159
17.6500	6.9494	155.3653
17.7000	7.0439	153.8301
17.7500	7.1670	152.3103
17.8000	7.3199	150.8057
17.8500	7.5041	149.3162
17.9000	7.7214	147.8417
17.9500	7.9743	146.3822
18.0000	8.2654	144.9374
18.0500	8.5979	143.5074
18.1000	8.9758	142.0919
18.1500	9.4032	140.6910
18.2000	9.8854	139.3045
18.2500	10.4282	137.9324
18.3000	11.0385	136.5746
18.3500	11.7239	135.2311
18.4000	12.4936	133.9017
18.4500	13.3579	132.5865
18.5000	14.3288	131.2854
18.5500	15.4201	129.9984
18.6000	16.6477	128.7255
18.6500	18.0299	127.4668
18.7000	19.5882	126.2222
18.7500	21.3470	124.9918
18.8000	23.3350	123.7757
18.8500	25.5854	122.5741
18.9000	28.1366	121.3870
18.9500	31.0337	120.2147
19.0000	34.3288	119.0574
19.0500	38.0832	117.9154
19.1000	42.3681	116.7891
19.1500	47.2671	115.6788
19.2000	52.8780	114.5850
19.2500	59.3157	113.5085
19.3000	66.7150	112.4498
19.3500	75.2345	111.4098
19.4000	85.0606	110.3896
19.4500	96.4132	109.3902
19.5000	109.5514	108.4132
19.5500	124.7806	107.4601
19.6000	142.4614	106.5329
19.6500	163.0193	105.6338
19.7000	186.9565	104.7656
19.7500	214.8654	103.9314
19.8000	247.4446	103.1349
19.8500	285.5169	102.3807
19.9000	330.0496	101.6738
19.9500	382.1780	101.0206
20.0000	443.2298	100.4282
20.0500	514.7526	99.9054
20.1000	598.5404	99.4623
20.1500	696.6597	99.1112
20.2000	811.4709	98.8662
20.2500	945.6402	98.7445
20.3000	1102.1361	98.7662
20.3500	1284.1999	98.9549
20.4000	1495.2782	99.3387
20.4500	1738.8974	99.9508
20.5000	2018.4608	100.8297
20.5500	2336.9388	102.0208
20.6000	2696.4254	103.5764
20.6500	3097.5335	105.5563
20.7000	3538.6148	108.0283
20.7500	4014.8193	111.0671
20.8000	4517.0593	114.7525
20.8500	5031.0239	119.1658
20.9000	5536.4963	124.3836
20.9500	6007.3441	130.4684
21.0000	6412.6169	137.4553
21.0500	6719.1349	145.3368
21.1000	6895.6621	154.0454
21.1500	6918.2170	163.4409
21.2000	6775.3766	173.3057
21.2500	6471.9319	183.3544
21.3000	6029.3702	193.2587
21.3500	5482.5945	202.6863
21.4000	4873.7113	211.3414
21.4500	4244.8399	218.9992
21.5000	3632.0814	225.5240
21.5500	3062.0021	230.8696
21.6000	2550.8293	235.0655
21.6500	2105.6692	238.1952
21.7000	1726.7455	240.3746
21.7500	1409.8023	241.7326
21.8000	1148.1574	242.3975
21.8500	934.2103	242.4884
21.9000	760.4177	242.1111
21.9500	619.8436	241.3559
22.0000	506.4096	240.2989
22.0500	414.9582	239.0025
22.1000	341.2092	237.5175
22.1500	281.6648	235.8852
22.2000	233.4971	234.1384
22.2500	194.4360	232.3037
22.3000	162.6679	230.4020
22.3500	136.7477	228.4502
22.4000	115.5257	226.4618
22.4500	98.0868	224.4474
22.5000	83.7028	222.4157
22.5500	71.7929	220.3735
22.6000	61.8932	218.3263
22.6500	53.6325	216.2785
22.7000	46.7127	214.2337
22.7500	40.8940	212.1948
22.8000	35.9826	210.1641
22.8500	31.8219	208.1433
22.9000	28.2844	206.1341
22.9500	25.2664	204.1376
23.0000	22.6829	202.1548
23.0500	20.4644	200.1865
23.1000	18.5536	198.2332
23.1500	16.9033	196.2955
23.2000	15.4742	194.3738
23.2500	14.2339	192.4683
23.3000	13.1552	190.5793
23.3500	12.2156	188.7069
23.4000	11.3961	186.8513
23.4500	10.6808	185.0125
23.5000	10.0563	183.1905
23.5500	9.5113	181.3855
23.6000	9.0363	179.5973
23.6500	8.6234	177.8260
23.7000	8.2657	176.0715
23.7500	7.9574	174.3336
23.8000	7.6939	172.6125
23.8500	7.4710	170.9079
23.9000	7.2854	169.2198
23.9500	7.1343	167.5482
24.0000	7.0155	165.8928
24.0500	6.9271	164.2535
24.1000	6.8678	162.6304
24.1500	6.8365	161.0232
24.2000	6.8326	159.4319
24.2500	6.8559	157.8563
24.3000	6.9062	156.2964
24.3500	6.9839	154.7520
24.4000	7.0897	153.2229
24.4500	7.2245	151.7092
24.5000	7.3897	150.2106
24.5500	7.5868	148.7271
24.6000	7.8181	147.2586
24.6500	8.0858	145.8050
24.7000	8.3930	144.3661
24.7500	8.7431	142.9418
24.8000	9.1402	141.5322
24.8500	9.5888	140.1371
24.9000	10.0944	138.7563
24.9500	10.6632	137.3899
25.0000	11.3024	136.0378
25.0500	12.0203	134.6999
25.1000	12.8264	133.3762
25.1500	13.7317	132.0666
25.2000	14.7488	130.7711
25.2500	15.8924	129.4897
25.3000	17.1792	128.2225
25.3500	18.6289	126.9693
25.4000	20.2639	125.7304
25.4500	22.1105	124.5057
25.5000	24.1988	123.2954
25.5500	26.5641	122.0995
25.6000	29.2475	120.9183
25.6500	32.2965	119.7520
25.7000	35.7668	118.6007
25.7500	39.7234	117.4649
25.8000	44.2423	116.3449
25.8500	49.4125	115.2411
25.9000	55.3381	114.1542
25.9500	62.1417	113.0846
26.0000	69.9670	112.0333
26.0500	78.9832	111.0011
26.1000	89.3893	109.9890
26.1500	101.4201	108.9984
26.2000	115.3522	108.0307
26.2500	131.5119	107.0876
26.3000	150.2843	106.1713
26.3500	172.1241	105.2842
26.4000	197.5676	104.4291
26.4500	227.2475	103.6095
26.5000	261.9097	102.8293
26.5500	302.4318	102.0932
26.6000	349.8453	101.4069
26.6500	405.3591	100.7770
26.7000	470.3851	100.2112
26.7500	546.5659	99.7189
26.8000	635.8012	99.3109
26.8500	740.2724	99.0002
26.9000	862.4611	98.8022
26.9500	1005.1553	98.7350
27.0000	1171.4378	98.8201
27.0500	1364.6424	99.0830
27.1000	1588.2663	99.5535
27.1500	1845.8163	100.2669
27.2000	2140.5672	101.2645
27.2500	2475.2018	102.5941
27.3000	2851.3059	104.3112
27.3500	3268.6943	106.4787
27.4000	3724.5631	109.1672
27.4500	4212.4993	112.4539
27.5000	4721.4419	116.4197
27.5500	5234.7801	121.1450
27.6000	5729.8894	126.7020
27.6500	6178.5096	133.1440
27.7000	6548.4013	140.4913
27.7500	6806.5786	148.7142
27.8000	6924.0283	157.7176
27.8500	6881.1908	167.3303
27.9000	6672.8161	177.3057
27.9500	6310.5019	187.3372
28.0000	5821.6721	197.0902
28.0500	5244.9495	206.2420
28.1000	4623.2850	214.5218
28.1500	3996.9991	221.7391
28.2000	3398.6555	227.7949
28.2500	2850.6620	232.6753
28.3000	2365.3860	236.4340
28.3500	1946.8978	239.1700
28.4000	1593.3602	241.0064
28.4500	1299.3335	242.0732
28.5000	1057.6204	242.4958
28.5500	860.5532	242.3883
28.6000	700.7842	241.8504
28.6500	571.7018	240.9667
28.7000	467.5947	239.8075
28.7500	383.6640	238.4304
28.8000	315.9542	236.8824
28.8500	261.2483	235.2009
28.9000	216.9535	233.4162
28.9500	180.9933	231.5525
29.0000	151.7104	229.6291
29.0500	127.7857	227.6612
29.1000	108.1692	225.6613
29.1500	92.0258	223.6391
29.2000	78.6899	221.6025
29.2500	67.6309	219.5577
29.3000	58.4242	217.5098
29.3500	50.7299	215.4628
29.4000	44.2747	213.4201
29.4500	38.8384	211.3842
29.5000	34.2431	209.3573
29.5500	30.3445	207.3410
29.6000	27.0253	205.3367
29.6500	24.1896	203.3455
29.7000	21.7591	201.3684
29.7500	19.6695	199.4060
29.8000	17.8676	197.4589
29.8500	16.3097	195.5275
29.9000	14.9594	193.6122
29.9500	13.7864	191.7133
30.0000	12.7657	189.8309
30.0500	11.8760	187.9652
30.1000	11.0997	186.1162
30.1500	10.4220	184.2842
30.2000	9.8304	182.4690
30.2500	9.3144	180.6707
30.3000	8.8651	178.8892
30.3500	8.4748	177.1246
30.4000	8.1375	175.3767
30.4500	7.8476	173.6456
30.5000	7.6007	171.9310
30.5500	7.3930	170.2331
30.6000	7.2215	168.5515
30.6500	7.0835	166.8863
30.7000	6.9770	165.2374
30.7500	6.9003	163.6046
30.8000	6.8523	161.9878
30.8500	6.8320	160.3870
30.9000	6.8389	158.8020
30.9500	6.8729	157.2327
31.0000	6.9341	155.6789
31.0500	7.0229	154.1406
31.1000	7.1402	152.6177
31.1500	7.2869	151.1100
31.2000	7.4646	149.6175
31.2500	7.6751	148.1400
31.3000	7.9206	146.6774
31.3500	8.2037	145.2296
31.4000	8.5275	143.7966
31.4500	8.8959	142.3782
31.5000	9.3129	140.9743
31.5500	9.7835	139.5849
31.6000	10.3136	138.2099
31.6500	10.9096	136.8492
31.7000	11.5791	135.5028
31.7500	12.3310	134.1705
31.8000	13.1752	132.8525
31.8500	14.1235	131.5485
31.9000	15.1892	130.2586
31.9500	16.3878	128.9829
32.0000	17.7371	127.7213
32.0500	19.2578	126.4738
32.1000	20.9739	125.2405
32.1500	22.9130	124.0215
32.2000	25.1073	122.8170
32.2500	27.5942	121.6269
32.3000	30.4173	120.4516
32.3500	33.6272	119.2913
32.4000	37.2832	118.1461
32.4500	41.4543	117.0166
32.5000	46.2215	115.9030
32.5500	51.6796	114.8058
32.6000	57.9396	113.7257
32.6500	65.1322	112.6633
32.7000	73.4107	111.6195
32.7500	82.9555	110.5952
32.8000	93.9794	109.5915
32.8500	106.7328	108.6098
32.9000	121.5112	107.6517
32.9500	138.6632	106.7191
33.0000	158.6003	105.8141
33.0500	181.8081	104.9394
33.1000	208.8595	104.0980
33.1500	240.4303	103.2936
33.2000	277.3164	102.5304
33.2500	320.4541	101.8134
33.3000	370.9426	101.1488
33.3500	430.0686	100.5434
33.4000	499.3328	100.0057
33.4500	580.4771	99.5456
33.5000	675.5109	99.1747
33.5500	786.7335	98.9070
33.6000	916.7488	98.7588
33.6500	1068.4654	98.7496
33.7000	1245.0732	98.9023
33.7500	1449.9850	99.2442
33.8000	1686.7244	99.8070
33.8500	1958.7408	100.6285
33.9000	2269.1232	101.7523
33.9500	2620.1865	103.2294
34.0000	3012.9008	105.1181
34.0500	3446.1473	107.4845
34.1000	3915.8071	110.4021
34.1500	4413.7356	113.9498
34.2000	4926.7503	118.2091
34.2500	5435.8606	123.2582
34.3000	5916.0872	129.1632
34.3500	6337.3006	135.9662
34.4000	6666.4856	143.6695
34.4500	6871.6092	152.2192
34.5000	6926.7695	161.4904
34.5500	6817.6246	171.2812
34.6000	6545.5205	181.3180
34.6500	6128.7053	191.2788
34.7000	5599.7921	200.8285
34.7500	5000.0083	209.6609
34.8000	4372.0208	217.5347
34.8500	3753.5252	224.2956
34.9000	3173.1667	229.8800
34.9500	2649.2209	234.3035
35.0000	2190.4808	237.6407
35.0500	1798.3667	240.0025
35.1000	1469.3494	241.5164
35.1500	1197.0985	242.3118
35.2000	974.1051	242.5101
35.2500	792.7584	242.2199
35.3000	645.9712	241.5348
35.3500	527.4816	240.5335
35.4000	431.9467	239.2812
35.4500	354.9150	237.8309
35.5000	292.7392	236.2255
35.5500	242.4646	234.4997
35.6000	201.7169	232.6809
35.6500	168.5974	230.7913
35.7000	141.5929	228.8485
35.7500	119.4988	226.8666
35.8000	101.3570	224.8567
35.8500	86.4046	222.8279
35.9000	74.0337	220.7873
35.9500	63.7590	218.7408
36.0000	55.1921	216.6928
36.0500	48.0214	214.6472
36.1000	41.9962	212.6069
36.1500	36.9145	210.5744
36.2000	32.6127	208.5515
36.2500	28.9578	206.5398
36.3000	25.8417	204.5407
36.3500	23.1762	202.5550
36.4000	20.8886	200.5837
36.4500	18.9195	198.6274
36.5000	17.2197	196.6865
36.5500	15.7485	194.7615
36.6000	14.4723	192.8527
36.6500	13.3628	190.9603
36.7000	12.3966	189.0846
36.7500	11.5540	187.2255
36.8000	10.8187	185.3833
36.8500	10.1767	183.5580
36.9000	9.6164	181.7495
36.9500	9.1280	179.9580
37.0000	8.7030	178.1832
37.0500	8.3346	176.4253
37.1000	8.0167	174.6841
37.1500	7.7445	172.9596
37.2000	7.5136	171.2517
37.2500	7.3207	169.5603
37.3000	7.1628	167.8853
37.3500	7.0376	166.2266
37.4000	6.9431	164.5841
37.4500	6.8780	162.9577
37.5000	6.8411	161.3473
37.5500	6.8318	159.7528
37.6000	6.8495	158.1740
37.6500	6.8943	156.6109
37.7000	6.9665	155.0634
37.7500	7.0665	153.5312
37.8000	7.1954	152.0144
37.8500	7.3543	150.5128
37.9000	7.5448	149.0263
37.9500	7.7690	147.5547
38.0000	8.0291	146.0981
38.0500	8.3281	144.6562
38.1000	8.6693	143.2290
38.1500	9.0565	141.8164
38.2000	9.4943	140.4183
38.2500	9.9879	139.0347
38.3000	10.5434	137.6654
38.3500	11.1678	136.3104
38.4000	11.8691	134.9696
38.4500	12.6566	133.6430
38.5000	13.5409	132.3306
38.5500	14.5343	131.0322
38.6000	15.6511	129.7480
38.6500	16.9076	128.4779
38.7000	18.3227	127.2219
38.7500	19.9183	125.9801
38.8000	21.7199	124.7525
38.8500	23.7567	123.5393
38.9000	26.0630	122.3405
38.9500	28.6786	121.1563
39.0000	31.6496	119.9869
39.0500	35.0299	118.8326
39.1000	38.8827	117.6936
39.1500	43.2813	116.5704
39.2000	48.3121	115.4633
39.2500	54.0760	114.3729
39.3000	60.6915	113.2998
39.3500	68.2978	112.2447
39.4000	77.0585	111.2085
39.4500	87.1663	110.1923
39.5000	98.8482	109.1972
39.5500	112.3717	108.2247
39.6000	128.0525	107.2765
39.6500	146.2631	106.3546
39.7000	167.4430	105.4614
39.7500	192.1109	104.5996
39.8000	220.8790	103.7725
39.8500	254.4686	102.9840
39.9000	293.7293	102.2386
39.9500	339.6594	101.5418
40.0000	393.4299	100.8999
40.0500	456.4097	100.3204
40.1000	530.1926	99.8124
40.1500	616.6240	99.3864
40.2000	717.8269	99.0549
40.2500	836.2209	98.8328
40.3000	974.5325	98.7375
40.3500	1135.7870	98.7900
40.4000	1323.2729	99.0147
40.4500	1540.4642	99.4406
40.5000	1790.8820	100.1018
40.5500	2077.8724	101.0384
40.6000	2404.2734	102.2967
40.6500	2771.9409	103.9306
40.7000	3181.1103	106.0016
40.7500	3629.5826	108.5789
40.8000	4111.7584	111.7383
40.8500	4617.5965	115.5602
40.9000	5131.6645	120.1258
40.9500	5632.5566	125.5096
41.0000	6093.0659	131.7698
41.0500	6481.5500	138.9346
41.1000	6764.8369	146.9859
41.1500	6912.6781	155.8427
41.2000	6903.1690	165.3498
41.2500	6727.8654	175.2748
41.3000	6394.9182	185.3215
41.3500	5928.8204	195.1576
41.4000	5366.4412	204.4547
41.4500	4750.4460	212.9288
41.5000	4122.1787	220.3717
41.5500	3516.0539	226.6658
41.6000	2956.5927	231.7812
41.6500	2458.0879	235.7596
41.7000	2026.1022	238.6929
41.7500	1659.7961	240.7006
41.8000	1354.2919	241.9125
41.8500	1102.6262	242.4557
41.9000	897.1485	242.4468
41.9500	730.4030	241.9886
42.0000	595.6098	241.1687
42.0500	486.8710	240.0602
42.1000	399.2073	238.7231
42.1500	328.5007	237.2062
42.2000	271.3939	235.5491
42.2500	225.1774	233.7832
42.3000	187.6782	231.9338
42.3500	157.1618	230.0210
42.4000	132.2463	228.0611
42.4500	111.8324	226.0668
42.5000	95.0454	224.0485
42.5500	81.1886	222.0142
42.6000	69.7064	219.9706
42.6500	60.1551	217.9230
42.7000	52.1789	215.8756
42.7500	45.4924	213.8318
42.8000	39.8656	211.7943
42.8500	35.1129	209.7654
42.9000	31.0836	207.7469
42.9500	27.6555	205.7401
43.0000	24.7288	203.7462
43.0500	22.2220	201.7662
43.1000	20.0680	199.8008
43.1500	18.2117	197.8506
43.2000	16.6076	195.9160
43.2500	15.2179	193.9974
43.3000	14.0112	192.0952
43.3500	12.9615	190.2094
43.4000	12.0468	188.3403
43.4500	11.2489	186.4880
43.5000	10.5523	184.6525
43.5500	9.9442	182.8339
43.6000	9.4137	181.0322
43.6500	8.9514	179.2474
43.7000	8.5498	177.4793
43.7500	8.2022	175.7281
43.8000	7.9031	173.9936
43.8500	7.6478	172.2757
43.9000	7.4325	170.5744
43.9500	7.2539	168.8895
44.0000	7.1093	167.2211
44.0500	6.9966	165.5689
44.1000	6.9140	163.9328
44.1500	6.8602	162.3128
44.2000	6.8344	160.7088
44.2500	6.8359	159.1206
44.3000	6.8644	157.5481
44.3500	6.9201	155.9912
44.4000	7.0033	154.4498
44.4500	7.1147	152.9238
44.5000	7.2554	151.4131
44.5500	7.4268	149.9175
44.6000	7.6305	148.4370
44.6500	7.8687	146.9714
44.7000	8.1440	145.5206
44.7500	8.4594	144.0846
44.8000	8.8184	142.6633
44.8500	9.2253	141.2565
44.9000	9.6847	139.8642
44.9500	10.2023	138.4863
45.0000	10.7845	137.1227
45.0500	11.4386	135.7734
45.1000	12.1731	134.4383
45.1500	12.9979	133.1173
45.2000	13.9242	131.8105
45.2500	14.9651	130.5178
45.3000	16.1356	129.2392
45.3500	17.4531	127.9748
45.4000	18.9375	126.7244
45.4500	20.6121	125.4883
45.5000	22.5039	124.2664
45.5500	24.6441	123.0589
45.6000	27.0688	121.8659
45.6500	29.8204	120.6876
45.7000	32.9481	119.5242
45.7500	36.5091	118.3760
45.8000	40.5704	117.2433
45.8500	45.2105	116.1264
45.9000	50.5212	115.0259
45.9500	56.6100	113.9423
46.0000	63.6034	112.8763
46.0500	71.6497	111.8287
46.1000	80.9237	110.8003
46.1500	91.6310	109.7924
46.2000	104.0141	108.8062
46.2500	118.3586	107.8432
46.3000	135.0019	106.9052
46.3500	154.3418	105.9945
46.4000	176.8481	105.1135
46.4500	203.0748	104.2651
46.5000	233.6758	103.4529
46.5500	269.4212	102.6810
46.6000	311.2172	101.9543
46.6500	360.1285	101.2786
46.7000	417.4017	100.6607
46.7500	484.4923	100.1086
46.8000	563.0914	99.6320
46.8500	655.1526	99.2421
46.9000	762.9152	98.9524
46.9500	888.9212	98.7787
47.0000	1036.0185	98.7397
47.0500	1207.3439	98.8578
47.1000	1406.2721	99.1592
47.1500	1636.3165	99.6747
47.2000	1900.9606	100.4407
47.2500	2203.3946	101.4998
47.3000	2546.1297	102.9013
47.3500	2930.4608	104.7020
47.4000	3355.7579	106.9666
47.4500	3818.5865	109.7669
47.5000	4311.6971	113.1812
47.5500	4822.9960	117.2906
47.6000	5334.7023	122.1747
47.6500	5823.0153	127.9029
47.7000	6258.7123	134.5233
47.7500	6609.1003	142.0475
47.8000	6841.5668	150.4341
47.8500	6928.5284	159.5737
47.9000	6852.9163	169.2795
47.9500	6612.7057	179.2914
48.0000	6222.8213	189.2945
48.0500	5713.3601	198.9530
48.1000	5124.3764	207.9517
48.1500	4498.8153	216.0338
48.2000	3875.7892	223.0267
48.2500	3285.9574	228.8491
48.3000	2749.6703	233.5020
48.3500	2277.4857	237.0499
48.4000	1872.1140	239.5982
48.4500	1530.8359	241.2724
48.5000	1247.7369	242.2024
48.5500	1015.4426	242.5118
48.6000	826.2999	242.3120
48.6500	673.0836	241.6997
48.7000	549.3530	240.7565
48.7500	449.5793	239.5501
48.8000	369.1375	238.1359
48.8500	304.2268	236.5588
48.9000	251.7623	234.8548
48.9500	209.2616	233.0529
49.0000	174.7379	231.1760
49.0500	146.6070	229.2427
49.1000	123.6075	227.2677
49.1500	104.7362	225.2627
49.2000	89.1943	223.2371
49.2500	76.3457	221.1984
49.3000	65.6825	219.1526
49.3500	56.7986	217.1047
49.4000	49.3683	215.0583
49.4500	43.1299	213.0168
49.5000	37.8723	210.9825
49.5500	33.4248	208.9575
49.6000	29.6489	206.9435
49.6500	26.4319	204.9418
49.7000	23.6817	202.9533
49.7500	21.3231	200.9791
49.8000	19.2940	199.0197
49.8500	17.5435	197.0756
49.9000	16.0291	195.1474
49.9500	14.7159	193.2353
50.0000	13.5748	191.3397
50.0500	12.5814	189.4605
50.1000	11.7153	187.5982
50.1500	10.9596	185.7526
50.2000	10.2998	183.9238
50.2500	9.7238	182.1120
50.3000	9.2216	180.3170
50.3500	8.7844	178.5389
50.4000	8.4051	176.7776
50.4500	8.0775	175.0330
50.5000	7.7964	173.3052
50.5500	7.5575	171.5939
50.6000	7.3572	169.8992
50.6500	7.1924	168.2209
50.7000	7.0608	166.5589
50.7500	6.9603	164.9132
50.8000	6.8894	163.2836
50.8500	6.8469	161.6700
50.9000	6.8320	160.0723
50.9500	6.8443	158.4904
51.0000	6.8837	156.9242
51.0500	6.9503	155.3735
51.1000	7.0447	153.8382
51.1500	7.1677	152.3183
51.2000	7.3204	150.8137
51.2500	7.5045	149.3241
51.3000	7.7217	147.8496
51.3500	7.9744	146.3899
51.4000	8.2653	144.9451
51.4500	8.5977	143.5150
51.5000	8.9754	142.0994
51.5500	9.4026	140.6984
51.6000	9.8846	139.3119
51.6500	10.4272	137.9397
51.7000	11.0372	136.5818
51.7500	11.7223	135.2382
51.8000	12.4917	133.9088
51.8500	13.3557	132.5935
51.9000	14.3262	131.2923
51.9500	15.4170	130.0053
52.0000	16.6440	128.7323
52.0500	18.0256	127.4735
52.1000	19.5832	126.2288
52.1500	21.3412	124.9984
52.2000	23.3283	123.7822
52.2500	25.5776	122.5805
52.3000	28.1276	121.3934
52.3500	31.0232	120.2210
52.4000	34.3168	119.0636
52.4500	38.0692	117.9216
52.5000	42.3519	116.7951
52.5500	47.2483	115.6847
52.6000	52.8562	114.5909
52.6500	59.2904	113.5143
52.7000	66.6856	112.4555
52.7500	75.2002	111.4154
52.8000	85.0207	110.3951
52.8500	96.3667	109.3957
52.9000	109.4970	108.4185
52.9500	124.7170	107.4653
53.0000	142.3869	106.5380
53.0500	162.9320	105.6388
53.1000	186.8540	104.7704
53.1500	214.7451	103.9361
53.2000	247.3032	103.1395
53.2500	285.3506	102.3850
53.3000	329.8539	101.6780
53.3500	381.9475	101.0245
53.4000	442.9584	100.4318
53.4500	514.4329	99.9087
53.5000	598.1640	99.4653
53.5500	696.2169	99.1137
53.6000	810.9505	98.8683
53.6500	945.0296	98.7460
53.7000	1101.4212	98.7670
53.7500	1283.3655	98.9549
53.8000	1494.3080	99.3379
53.8500	1737.7750	99.9489
53.9000	2017.1704	100.8266
53.9500	2335.4671	102.0163
54.0000	2694.7637	103.5701
54.0500	3095.6804	105.5481
54.1000	3536.5804	108.0178
54.1500	4012.6296	111.0539
54.2000	4514.7610	114.7363
54.2500	5028.6883	119.1462
54.3000	5534.2224	124.3603
54.3500	6005.2564	130.4411
54.4000	6410.8591	137.4239
54.4500	6717.8550	145.3013
54.5000	6894.9919	154.0063
54.5500	6918.2473	163.3989
54.6000	6776.1353	173.2619
54.6500	6473.3726	183.3100
54.7000	6031.3761	193.2153
54.7500	5484.9991	202.6453
54.8000	4876.3283	211.3039
54.8500	4247.4940	218.9662
54.9000	3634.6302	225.4959
54.9500	3064.3470	230.8465
55.0000	2552.9147	235.0472
55.0500	2107.4754	238.1813
55.1000	1728.2782	240.3646
55.1500	1411.0831	241.7259
55.2000	1149.2156	242.3936
55.2500	935.0776	242.4869
55.3000	761.1248	242.1114
55.3500	620.4182	241.3578
55.4000	506.8758	240.3020
55.4500	415.3365	239.0066
55.5000	341.5164	237.5224
55.5500	281.9147	235.8907
55.6000	233.7009	234.1444
55.6500	194.6027	232.3101
55.7000	162.8047	230.4087
55.7500	136.8604	228.4571
55.8000	115.6188	226.4688
55.8500	98.1642	224.4546
55.9000	83.7673	222.4230
55.9500	71.8469	220.3808
56.0000	61.9386	218.3337
56.0500	53.6709	216.2859
56.1000	46.7453	214.2412
56.1500	40.9217	212.2022
56.2000	36.0064	210.1715
56.2500	31.8423	208.1507
56.3000	28.3020	206.1415
56.3500	25.2816	204.1449
56.4000	22.6962	202.1621
56.4500	20.4760	200.1937
56.5000	18.5638	198.2404
56.5500	16.9123	196.3026
56.6000	15.4822	194.3808
56.6500	14.2410	192.4753
56.7000	13.1615	190.5862
56.7500	12.2213	188.7138
56.8000	11.4012	186.8581
56.8500	10.6854	185.0192
56.9000	10.0604	183.1973
56.9500	9.5150	181.3922
57.0000	9.0398	179.6039
57.0500	8.6265	177.8325
57.1000	8.2685	176.0779
57.1500	7.9601	174.3401
57.2000	7.6963	172.6189
57.2500	7.4732	170.9142
57.3000	7.2875	169.2261
57.3500	7.1362	167.5543
57.4000	7.0172	165.8989
57.4500	6.9287	164.2596
57.5000	6.8693	162.6364
57.5500	6.8379	161.0292
57.6000	6.8339	159.4378
57.6500	6.8571	157.8622
57.7000	6.9073	156.3022
57.7500	6.9849	154.7577
57.8000	7.0906	153.2286
57.8500	7.2254	151.7148
57.9000	7.3904	150.2162
57.9500	7.5875	148.7327
58.0000	7.8187	147.2641
58.0500	8.0863	145.8104
58.1000	8.3934	144.3714
58.1500	8.7434	142.9472
58.2000	9.1404	141.5375
58.2500	9.5889	140.1423
58.3000	10.0944	138.7615
58.3500	10.6630	137.3950
58.4000	11.3021	136.0428
58.4500	12.0198	134.7049
58.5000	12.8257	133.3811
58.5500	13.7308	132.0715
58.6000	14.7477	130.7759
58.6500	15.8909	129.4945
58.7000	17.1775	128.2272
58.7500	18.6268	126.9740
58.8000	20.2614	125.7351
58.8500	22.1074	124.5103
58.9000	24.1952	123.2999
58.9500	26.5599	122.1040
59.0000	29.2425	120.9228
59.0500	32.2906	119.7564
59.1000	35.7599	118.6051
59.1500	39.7153	117.4692
59.2000	44.2328	116.3491
59.2500	49.4013	115.2453
59.3000	55.3251	114.1583
59.3500	62.1264	113.0887
59.4000	69.9491	112.0373
59.4500	78.9621	111.0050
59.5000	89.3646	109.9929
59.5500	101.3911	109.0022
59.6000	115.3181	108.0344
59.6500	131.4718	107.0913
59.7000	150.2371	106.1749
59.7500	172.0685	105.2877
59.8000	197.5020	104.4326
59.8500	227.1702	103.6128
59.9000	261.8184	102.8325
59.9500	302.3240	102.0963
60.0000	349.7179	101.4099
60.0500	405.2085	100.7798
60.1000	470.2071	100.2139
60.1500	546.3556	99.7213
60.2000	635.5529	99.3131
60.2500	739.9796	99.0021
60.3000	862.1161	98.8038
60.3500	1004.7497	98.7362
60.4000	1170.9620	98.8209
60.4500	1364.0863	99.0833
60.5000	1587.6190	99.5532
60.5500	1845.0670	100.2659
60.6000	2139.7058	101.2627
60.6500	2474.2199	102.5913
60.7000	2850.1987	104.3072
60.7500	3267.4624	106.4734
60.8000	3723.2153	109.1604
60.8500	4211.0557	112.4453
60.9000	4719.9368	116.4091
60.9500	5233.2646	121.1321
61.0000	5728.4324	126.6866
61.0500	6177.1958	133.1260
61.1000	6547.3252	140.4706
61.1500	6805.8339	148.6909
61.2000	6923.6932	157.6921
61.2500	6881.3124	167.3031
61.3000	6673.3980	177.2774
61.3500	6311.4999	187.3089
61.4000	5823.0005	197.0627
61.4500	5246.4970	206.2162
61.5000	4624.9340	214.4984
61.5500	3998.6446	221.7186
61.6000	3400.2158	227.7775
61.6500	2852.0838	232.6610
61.7000	2366.6415	236.4226
61.7500	1947.9800	239.1613
61.8000	1594.2758	241.0001
61.8500	1300.0975	242.0688
61.9000	1058.2516	242.4931
61.9500	861.0709	242.3870
62.0000	701.2070	241.8503
62.0500	572.0463	240.9675
62.1000	467.8751	239.8090
62.1500	383.8923	238.4325
62.2000	316.1404	236.8849
62.2500	261.4004	235.2038
62.3000	217.0782	233.4195
62.3500	181.0957	231.5560
62.4000	151.7950	229.6327
62.4500	127.8557	227.6650
62.5000	108.2274	225.6652
62.5500	92.0744	223.6431
62.6000	78.7307	221.6065
62.6500	67.6652	219.5618
62.7000	58.4533	217.5139
62.7500	50.7546	215.4670
62.8000	44.2958	213.4243
62.8500	38.8565	211.3884
62.9000	34.2587	209.3614
62.9500	30.3580	207.3451
63.0000	27.0370	205.3408
63.0500	24.1998	203.3497
63.1000	21.7681	201.3725
63.1500	19.6774	199.4101
63.2000	17.8747	197.4630
63.2500	16.3160	195.5316
63.3000	14.9650	193.6162
63.3500	13.7915	191.7173
63.4000	12.7702	189.8348
63.4500	11.8801	187.9691
63.5000	11.1034	186.1201
63.5500	10.4254	184.2880
63.6000	9.8335	182.4728
63.6500	9.3173	180.6745
63.7000	8.8677	178.8930
63.7500	8.4773	177.1283
63.8000	8.1397	175.3804
63.8500	7.8497	173.6492
63.9000	7.6027	171.9347
63.9500	7.3949	170.2366
64.0000	7.2232	168.5551
64.0500	7.0851	166.8899
64.1000	6.9785	165.2409
64.1500	6.9018	163.6081
64.2000	6.8537	161.9913
64.2500	6.8333	160.3904
64.3000	6.8402	158.8054
64.3500	6.8742	157.2360
64.4000	6.9353	155.6822
64.4500	7.0241	154.1439
64.5000	7.1413	152.6210
64.5500	7.2880	151.1133
64.6000	7.4657	149.6207
64.6500	7.6761	148.1431
64.7000	7.9215	146.6805
64.7500	8.2046	145.2327
64.8000	8.5285	143.7997
64.8500	8.8968	142.3812
64.9000	9.3137	140.9774
64.9500	9.7844	139.5879
65.0000	10.3144	138.2129
65.0500	10.9103	136.8522
65.1000	11.5799	135.5057
65.1500	12.3317	134.1734
65.2000	13.1759	132.8553
65.2500	14.1241	131.5513
65.3000	15.1897	130.2614
65.3500	16.3882	128.9857
65.4000	17.7375	127.7240
65.4500	19.2581	126.4765
65.5000	20.9740	125.2432
65.5500	22.9130	124.0242
65.6000	25.1071	122.8196
65.6500	27.5939	121.6295
65.7000	30.4167	120.4542
65.7500	33.6264	119.2938
65.8000	37.2820	118.1487
65.8500	41.4527	117.0191
65.9000	46.2195	115.9054
65.9500	51.6770	114.8083
66.0000	57.9364	113.7281
66.0500	65.1282	112.6657
66.1000	73.4057	111.6219
66.1500	82.9494	110.5975
66.2000	93.9719	109.5938
66.2500	106.7237	108.6121
66.3000	121.5001	107.6540
66.3500	138.6498	106.7213
66.4000	158.5841	105.8163
66.4500	181.7885	104.9415
66.5000	208.8359	104.1001
66.5500	240.4019	103.2956
66.6000	277.2822	102.5324
66.6500	320.4130	101.8154
66.7000	370.8932	101.1507
66.7500	430.0093	100.5453
66.8000	499.2617	100.0075
66.8500	580.3919	99.5473
66.9000	675.4090	99.1763
66.9500	786.6119	98.9085
67.0000	916.6039	98.7602
67.0500	1068.2930	98.7508
67.1000	1244.8690	98.9033
67.1500	1449.7439	99.2449
67.2000	1686.4413	99.8076
67.2500	1958.4102	100.6287
67.3000	2268.7400	101.7522
67.3500	2619.7463	103.2288
67.4000	3012.4008	105.1170
67.4500	3445.5871	107.4829
67.5000	3915.1902	110.3997
67.5500	4413.0707	113.9466
67.6000	4926.0526	118.2050
67.6500	5435.1535	123.2530
67.7000	5915.4021	129.1569
67.7500	6336.6760	135.9587
67.8000	6665.9642	143.6608
67.8500	6871.2329	152.2092
67.9000	6926.5726	161.4794
67.9500	6817.6267	171.2693
68.0000	6545.7219	181.3056
68.0500	6129.0854	191.2663
68.1000	5600.3132	200.8163
68.1500	5000.6228	209.6493
68.2000	4372.6796	217.5241
68.2500	3754.1852	224.2861
68.3000	3173.7948	229.8718
68.3500	2649.7955	234.2965
68.4000	2190.9907	237.6349
68.4500	1798.8088	239.9978
68.5000	1469.7260	241.5127
68.5500	1197.4152	242.3089
68.6000	974.3690	242.5079
68.6500	792.9769	242.2183
68.7000	646.1514	241.5337
68.7500	527.6300	240.5328
68.8000	432.0688	239.2808
68.8500	355.0156	237.8307
68.9000	292.8221	236.2256
68.9500	242.5332	234.4999
69.0000	201.7738	232.6813
69.0500	168.6448	230.7918
69.1000	141.6325	228.8491
69.1500	119.5321	226.8672
69.2000	101.3850	224.8575
69.2500	86.4283	222.8287
69.3000	74.0539	220.7882
69.3500	63.7762	218.7417
69.4000	55.2069	216.6937
69.4500	48.0341	214.6481
69.5000	42.0073	212.6079
69.5500	36.9242	210.5753
69.6000	32.6211	208.5525
69.6500	28.9652	206.5408
69.7000	25.8483	204.5417
69.7500	23.1820	202.5560
69.8000	20.8938	200.5847
69.8500	18.9242	198.6283
69.9000	17.2239	196.6875
69.9500	15.7523	194.7625
70.0000	14.4757	192.8537
70.0500	13.3659	190.9613
70.1000	12.3995	189.0855
70.1500	11.5567	187.2265
70.2000	10.8212	185.3843
70.2500	10.1790	183.5589
70.3000	9.6186	181.7505
70.3500	9.1300	179.9589
70.4000	8.7049	178.1842
70.4500	8.3364	176.4262
70.5000	8.0184	174.6850
70.5500	7.7461	172.9605
70.6000	7.5152	171.2526
70.6500	7.3222	169.5612
70.7000	7.1643	167.8862
70.7500	7.0390	166.2275
70.8000	6.9445	164.5850
70.8500	6.8794	162.9586
70.9000	6.8425	161.3482
70.9500	6.8331	159.7537
71.0000	6.8508	158.1749
71.0500	6.8956	156.6118
71.1000	6.9678	155.0642
71.1500	7.0678	153.5321
71.2000	7.1967	152.0153
71.2500	7.3556	150.5136
71.3000	7.5462	149.0271
71.3500	7.7704	147.5555
71.4000	8.0306	146.0989
71.4500	8.3296	144.6570
71.5000	8.6708	143.2298
71.5500	9.0580	141.8172
71.6000	9.4959	140.4191
71.6500	9.9896	139.0355
71.7000	10.5452	137.6662
71.7500	11.1696	136.3112
71.8000	11.8710	134.9704
71.8500	12.6586	133.6438
71.9000	13.5430	132.3313
71.9500	14.5366	131.0330
72.0000	15.6535	129.7488
72.0500	16.9101	128.4786
72.1000	18.3254	127.2227
72.1500	19.9212	125.9808
72.2000	21.7230	124.7533
72.2500	23.7601	123.5400
72.3000	26.0667	122.3412
72.3500	28.6826	121.1570
72.4000	31.6539	119.9876
72.4500	35.0347	118.8333
72.5000	38.8879	117.6944
72.5500	43.2871	116.5711
72.6000	48.3185	115.4640
72.6500	54.0830	114.3736
72.7000	60.6992	113.3005
72.7500	68.3063	112.2454
72.8000	77.0680	111.2092
72.8500	87.1769	110.1930
72.9000	98.8600	109.1979
72.9500	112.3850	108.2255
73.0000	128.0674	107.2773
73.0500	146.2798	106.3554
73.1000	167.4618	105.4622
73.1500	192.1322	104.6004
73.2000	220.9030	103.7733
73.2500	254.4957	102.9848
73.3000	293.7599	102.2394
73.3500	339.6941	101.5426
73.4000	393.4692	100.9008
73.4500	456.4543	100.3214
73.5000	530.2430	99.8134
73.5500	616.6812	99.3874
73.6000	717.8915	99.0560
73.6500	836.2938	98.8339
73.7000	974.6145	98.7388
73.7500	1135.8790	98.7913
73.8000	1323.3755	99.0161
73.8500	1540.5780	99.4421
73.9000	1791.0071	100.1035
73.9500	2078.0085	101.0402
74.0000	2404.4195	102.2986
74.0500	2772.0950	103.9328
74.1000	3181.2690	106.0040
74.1500	3629.7412	108.5815
74.2000	4111.9099	111.7411
74.2500	4617.7321	115.5634
74.3000	5131.7734	120.1292
74.3500	5632.6265	125.5133
74.4000	6093.0838	131.7737
74.4500	6481.5042	138.9387
74.5000	6764.7188	146.9901
74.5500	6912.4844	155.8469
74.6000	6902.9034	165.3539
74.6500	6727.5397	175.2786
74.7000	6394.5507	185.3249
74.7500	5928.4333	195.1605
74.8000	5366.0570	204.4569
74.8500	4750.0842	212.9303
74.9000	4121.8532	220.3725
74.9500	3515.7725	226.6659
75.0000	2956.3575	231.7807
75.0500	2457.8970	235.7586
75.1000	2025.9510	238.6915
75.1500	1659.6789	240.6989
75.2000	1354.2027	241.9105
75.2500	1102.5594	242.4535
75.3000	897.0992	242.4445
75.3500	730.3673	241.9862
75.4000	595.5843	241.1662
75.4500	486.8533	240.0576
75.5000	399.1954	238.7205
75.5500	328.4930	237.2037
75.6000	271.3893	235.5465
75.6500	225.1750	233.7806
75.7000	187.6774	231.9312
75.7500	157.1621	230.0185
75.8000	132.2474	228.0586
75.8500	111.8340	226.0644
75.9000	95.0473	224.0460
75.9500	81.1907	222.0118
76.0000	69.7087	219.9682
76.0500	60.1574	217.9207
76.1000	52.1812	215.8733
76.1500	45.4947	213.8295
76.2000	39.8679	211.7921
76.2500	35.1150	209.7632
76.3000	31.0857	207.7446
76.3500	27.6575	205.7379
76.4000	24.7308	203.7440
76.4500	22.2238	201.7640
76.5000	20.0698	199.7987
76.5500	18.2134	197.8484
76.6000	16.6093	195.9139
76.6500	15.2195	193.9954
76.7000	14.0128	192.0931
76.7500	12.9630	190.2074
76.8000	12.0482	188.3383
76.8500	11.2503	186.4860
76.9000	10.5537	184.6506
76.9500	9.9455	182.8320
77.0000	9.4150	181.0303
77.0500	8.9527	179.2455
77.1000	8.5511	177.4775
77.1500	8.2035	175.7263
77.2000	7.9044	173.9918
77.2500	7.6491	172.2739
77.3000	7.4338	170.5726
77.3500	7.2551	168.8878
77.4000	7.1105	167.2193
77.4500	6.9978	165.5671
77.5000	6.9153	163.9311
77.5500	6.8615	162.3112
77.6000	6.8357	160.7071
77.6500	6.8372	159.1189
77.7000	6.8658	157.5465
77.7500	6.9215	155.9896
77.8000	7.0048	154.4482
77.8500	7.1163	152.9222
77.9000	7.2570	151.4115
77.9500	7.4284	149.9160
78.0000	7.6322	148.4354
78.0500	7.8705	146.9699
78.1000	8.1459	145.5191
78.1500	8.4614	144.0832
78.2000	8.8206	142.6618
78.2500	9.2275	141.2551
78.3000	9.6871	139.8628
78.3500	10.2049	138.4849
78.4000	10.7872	137.1213
78.4500	11.4415	135.7720
78.5000	12.1763	134.4369
78.5500	13.0013	133.1160
78.6000	13.9280	131.8092
78.6500	14.9692	130.5165
78.7000	16.1400	129.2380
78.7500	17.4579	127.9735
78.8000	18.9428	126.7232
78.8500	20.6180	125.4871
78.9000	22.5104	124.2652
78.9500	24.6512	123.0577
79.0000	27.0768	121.8648
79.0500	29.8293	120.6865
79.1000	32.9579	119.5231
79.1500	36.5200	118.3749
79.2000	40.5827	117.2422
79.2500	45.2244	116.1254
79.3000	50.5368	115.0249
79.3500	56.6277	113.9413
79.4000	63.6233	112.8754
79.4500	71.6724	111.8278
79.5000	80.9495	110.7995
79.5500	91.6604	109.7916
79.6000	104.0476	108.8054
79.6500	118.3971	107.8424
79.7000	135.0460	106.9045
79.7500	154.3925	105.9938
79.8000	176.9064	105.1129
79.8500	203.1421	104.2646
79.9000	233.7535	103.4524
79.9500	269.5110	102.6806
80.0000	311.3213	101.9541
80.0500	360.2490	101.2785
80.1000	417.5415	100.6607
80.1500	484.6545	100.1088
80.2000	563.2797	99.6323
80.2500	655.3709	99.2426
80.3000	763.1683	98.9531
80.3500	889.2140	98.7797
80.4000	1036.3568	98.7411
80.4500	1207.7336	98.8595
80.5000	1406.7193	99.1613
80.5500	1636.8273	99.6773
80.6000	1901.5404	100.4439
80.6500	2204.0474	101.5036
80.7000	2546.8574	102.9059
80.7500	2931.2616	104.7075
80.8000	3356.6250	106.9731
80.8500	3819.5058	109.7746
80.9000	4312.6461	113.1901
80.9500	4823.9414	117.3010
81.0000	5335.5994	122.1866
81.0500	5823.8090	127.9165
81.1000	6259.3400	134.5385
81.1500	6609.4980	142.0643
81.2000	6841.6784	150.4523
81.2500	6928.3165	159.5929
81.3000	6852.3718	169.2993
81.3500	6611.8534	179.3111
81.4000	6221.7182	189.3134
81.4500	5712.0866	198.9705
81.5000	5123.0221	207.9672
81.5500	4497.4643	216.0470
81.6000	3874.5095	223.0374
81.6500	3284.7950	228.8572
81.7000	2748.6497	233.5078
81.7500	2276.6138	237.0535
81.8000	1871.3848	239.6000
81.8500	1530.2360	241.2726
81.9000	1247.2496	242.2013
81.9500	1015.0503	242.5096
82.0000	825.9862	242.3090
82.0500	672.8338	241.6959
82.1000	549.1546	240.7522
82.1500	449.4220	239.5454
82.2000	369.0128	238.1310
82.2500	304.1278	236.5536
82.3000	251.6837	234.8495
82.3500	209.1991	233.0474
82.4000	174.6882	231.1704
82.4500	146.5673	229.2371
82.5000	123.5758	227.2620
82.5500	104.7108	225.2570
82.6000	89.1740	223.2314
82.6500	76.3294	221.1927
82.7000	65.6694	219.1470
82.7500	56.7880	217.0990
82.8000	49.3598	215.0527
82.8500	43.1231	213.0112
82.9000	37.8668	210.9770
82.9500	33.4204	208.9521
83.0000	29.6454	206.9381
83.0500	26.4291	204.9364
83.1000	23.6796	202.9480
83.1500	21.3215	200.9738
83.2000	19.2928	199.0144
83.2500	17.5426	197.0705
83.3000	16.0285	195.1423
83.3500	14.7156	193.2303
83.4000	13.5746	191.3346
83.4500	12.5814	189.4556
83.5000	11.7155	187.5932
83.5500	10.9598	185.7477
83.6000	10.3002	183.9190
83.6500	9.7243	182.1072
83.7000	9.2222	180.3123
83.7500	8.7851	178.5342
83.8000	8.4058	176.7729
83.8500	8.0783	175.0284
83.9000	7.7972	173.3006
83.9500	7.5584	171.5894
84.0000	7.3581	169.8947
84.0500	7.1935	168.2165
84.1000	7.0619	166.5546
84.1500	6.9614	164.9089
84.2000	6.8906	163.2793
84.2500	6.8481	161.6658
84.3000	6.8333	160.0681
84.3500	6.8457	158.4862
84.4000	6.8851	156.9200
84.4500	6.9518	155.3694
84.5000	7.0463	153.8342
84.5500	7.1694	152.3144
84.6000	7.3223	150.8097
84.6500	7.5064	149.3202
84.7000	7.7238	147.8457
84.7500	7.9767	146.3861
84.8000	8.2678	144.9413
84.8500	8.6003	143.5112
84.9000	8.9782	142.0957
84.9500	9.4057	140.6948
85.0000	9.8879	139.3083
85.0500	10.4308	137.9362
85.1000	11.0410	136.5783
85.1500	11.7265	135.2347
85.2000	12.4963	133.9053
85.2500	13.3607	132.5901
85.3000	14.3317	131.2890
85.3500	15.4230	130.0019
85.4000	16.6506	128.7290
85.4500	18.0330	127.4702
85.5000	19.5913	126.2256
85.5500	21.3502	124.9952
85.6000	23.3384	123.7791
85.6500	25.5888	122.5774
85.7000	28.1402	121.3903
85.7500	31.0373	120.2180
85.8000	34.3326	119.0607
85.8500	38.0871	117.9187
85.9000	42.3721	116.7923
85.9500	47.2711	115.6819
86.0000	52.8821	114.5882
86.0500	59.3199	113.5116
86.1000	66.7192	112.4529
86.1500	75.2386	111.4129
86.2000	85.0646	110.3926
86.2500	96.4170	109.3933
86.3000	109.5549	108.4162
86.3500	124.7836	107.4631
86.4000	142.4638	106.5358
86.4500	163.0208	105.6368
86.5000	186.9568	104.7685
86.5500	214.8643	103.9343
86.6000	247.4415	103.1378
86.6500	285.5112	102.3835
86.7000	330.0408	101.6767
86.7500	382.1650	101.0234
86.8000	443.2118	100.4310
86.8500	514.7281	99.9081
86.9000	598.5078	99.4650
86.9500	696.6171	99.1138
87.0000	811.4160	98.8688
87.0500	945.5702	98.7471
87.1000	1102.0476	98.7686
87.1500	1284.0891	98.9572
87.2000	1495.1405	99.3410
87.2500	1738.7279	99.9529
87.3000	2018.2538	100.8317
87.3500	2336.6884	102.0225
87.4000	2696.1258	103.5778
87.4500	3097.1792	105.5575
87.5000	3538.2015	108.0291
87.5500	4014.3451	111.0674
87.6000	4516.5257	114.7522
87.6500	5030.4372	119.1648
87.7000	5535.8694	124.3819
87.7500	6006.6970	130.4657
87.8000	6411.9772	137.4516
87.8500	6718.5362	145.3319
87.9000	6895.1409	154.0394
87.9500	6917.8074	163.4338
88.0000	6775.1048	173.2976
88.0500	6471.8110	183.3454
88.1000	6029.3974	193.2492
88.1500	5482.7522	202.6765
88.2000	4873.9712	211.3316
88.2500	4245.1689	218.9897
88.3000	3632.4468	225.5150
88.3500	3062.3766	230.8613
88.4000	2551.1922	235.0579
88.4500	2106.0069	238.1883
88.5000	1727.0506	240.3684
88.5500	1410.0721	241.7271
88.6000	1148.3921	242.3925
88.6500	934.4120	242.4840
88.7000	760.5899	242.1071
88.7500	619.9897	241.3524
88.8000	506.5332	240.2957
88.8500	415.0627	238.9996
88.9000	341.2975	237.5149
88.9500	281.7395	235.8828
89.0000	233.5604	234.1362
89.0500	194.4897	232.3016
89.1000	162.7137	230.4000
89.1500	136.7869	228.4483
89.2000	115.5593	226.4600
89.2500	98.1158	224.4457
89.3000	83.7278	222.4140
89.3500	71.8146	220.3719
89.4000	61.9122	218.3248
89.4500	53.6492	216.2771
89.5000	46.7274	214.2323
89.5500	40.9070	212.1935
89.6000	35.9942	210.1628
89.6500	31.8322	208.1421
89.7000	28.2937	206.1329
89.7500	25.2747	204.1364
89.8000	22.6905	202.1536
89.8500	20.4713	200.1853
89.9000	18.5599	198.2321
89.9500	16.9091	196.2944
90.0000	15.4796	194.3727
90.0500	14.2388	192.4672
90.1000	13.1599	190.5782
90.1500	12.2199	188.7058
90.2000	11.4002	186.8502
90.2500	10.6846	185.0115
90.3000	10.0599	183.1896
90.3500	9.5147	181.3845
90.4000	9.0396	179.5964
90.4500	8.6266	177.8251
90.5000	8.2687	176.0705
90.5500	7.9604	174.3327
90.6000	7.6968	172.6116
90.6500	7.4738	170.9071
90.7000	7.2882	169.2190
90.7500	7.1370	167.5473
90.8000	7.0182	165.8919
90.8500	6.9298	164.2527
90.9000	6.8704	162.6296
90.9500	6.8392	161.0224
91.0000	6.8353	159.4311
91.0500	6.8585	157.8556
91.1000	6.9089	156.2956
91.1500	6.9867	154.7512
91.2000	7.0925	153.2222
91.2500	7.2274	151.7085
91.3000	7.3927	150.2099
91.3500	7.5899	148.7264
91.4000	7.8212	147.2579
91.4500	8.0891	145.8043
91.5000	8.3964	144.3654
91.5500	8.7467	142.9412
91.6000	9.1439	141.5316
91.6500	9.5928	140.1364
91.7000	10.0986	138.7557
91.7500	10.6677	137.3893
91.8000	11.3072	136.0372
91.8500	12.0254	134.6993
91.9000	12.8318	133.3756
91.9500	13.7375	132.0660
92.0000	14.7551	130.7706
92.0500	15.8991	129.4892
92.1000	17.1866	128.2219
92.1500	18.6369	126.9688
92.2000	20.2727	125.7299
92.2500	22.1200	124.5052
92.3000	24.2093	123.2949
92.3500	26.5756	122.0991
92.4000	29.2602	120.9179
92.4500	32.3105	119.7516
92.5000	35.7824	118.6004
92.5500	39.7408	117.4646
92.6000	44.2617	116.3446
92.6500	49.4342	115.2408
92.7000	55.3625	114.1539
92.7500	62.1691	113.0844
92.8000	69.9979	112.0331
92.8500	79.0180	111.0009
92.9000	89.4288	109.9889
92.9500	101.4649	108.9983
93.0000	115.4032	108.0306
93.0500	131.5700	107.0876
93.1000	150.3507	106.1714
93.1500	172.2001	105.2844
93.2000	197.6547	104.4294
93.2500	227.3476	103.6098
93.3000	262.0247	102.8297
93.3500	302.5643	102.0938
93.4000	349.9980	101.4077
93.4500	405.5351	100.7779
93.5000	470.5883	100.2123
93.5500	546.8004	99.7202
93.6000	636.0718	99.3124
93.6500	740.5844	99.0020
93.7000	862.8203	98.8043
93.7500	1005.5681	98.7375
93.8000	1171.9109	98.8231
93.8500	1365.1826	99.0864
93.9000	1588.8801	99.5576
93.9500	1846.5094	100.2717
94.0000	2141.3436	101.2700
94.0500	2476.0626	102.6006
94.1000	2852.2479	104.3186
94.1500	3269.7082	106.4874
94.2000	3725.6312	109.1773
94.2500	4213.5937	112.4655
94.3000	4722.5221	116.4330
94.3500	5235.7927	121.1600
94.4000	5730.7685	126.7189
94.4500	6179.1809	133.1629
94.5000	6548.7891	140.5119
94.5500	6806.6169	148.7363
94.6000	6923.6730	157.7409
94.6500	6880.4321	167.3541
94.7000	6671.6851	177.3292
94.7500	6309.0692	187.3596
94.8000	5820.0370	197.1108
94.8500	5243.2232	206.2600
94.9000	4621.5721	214.5368
94.9500	3995.3842	221.7509
95.0000	3397.1955	227.8035
95.0500	2849.3868	232.6809
95.1000	2364.3026	236.4369
95.1500	1945.9977	239.1706
95.2000	1592.6252	241.0051
95.2500	1298.7412	242.0702
95.3000	1057.1479	242.4915
95.3500	860.1790	242.3830
95.4000	700.4894	241.8444
95.4500	571.4705	240.9600
95.5000	467.4136	239.8003
95.5500	383.5224	238.4230
95.6000	315.8436	236.8746
95.6500	261.1619	235.1930
95.7000	216.8862	233.4082
95.7500	180.9407	231.5444
95.8000	151.6695	229.6209
95.8500	127.7538	227.6531
95.9000	108.1444	225.6532
95.9500	92.0065	223.6310
96.0000	78.6751	221.5944
96.0500	67.6195	219.5496
96.1000	58.4155	217.5018
96.1500	50.7234	215.4549
96.2000	44.2699	213.4122
96.2500	38.8350	211.3764
96.3000	34.2407	209.3495
96.3500	30.3430	207.3333
96.4000	27.0244	205.3291
96.4500	24.1893	203.3380
96.5000	21.7592	201.3610
96.5500	19.6699	199.3986
96.6000	17.8684	197.4516
96.6500	16.3107	195.5203
96.7000	14.9606	193.6051
96.7500	13.7878	191.7062
96.8000	12.7671	189.8239
96.8500	11.8775	187.9582
96.9000	11.1014	186.1094
96.9500	10.4238	184.2774
97.0000	9.8322	182.4623
97.0500	9.3163	180.6640
97.1000	8.8670	178.8826
97.1500	8.4768	177.1181
97.2000	8.1395	175.3703
97.2500	7.8497	173.6392
97.3000	7.6028	171.9247
97.3500	7.3952	170.2268
97.4000	7.2237	168.5453
97.4500	7.0858	166.8802
97.5000	6.9794	165.2313
97.5500	6.9028	163.5986
97.6000	6.8548	161.9819
97.6500	6.8346	160.3812
97.7000	6.8417	158.7962
97.7500	6.8758	157.2269
97.8000	6.9371	155.6732
97.8500	7.0261	154.1350
97.9000	7.1434	152.6122
97.9500	7.2904	151.1045
98.0000	7.4682	149.6121
98.0500	7.6789	148.1346
98.1000	7.9246	146.6721
98.1500	8.2080	145.2244
98.2000	8.5321	143.7914
98.2500	8.9008	142.3731
98.3000	9.3181	140.9693
98.3500	9.7892	139.5799
98.4000	10.3197	138.2050
98.4500	10.9161	136.8443
98.5000	11.5862	135.4979
98.5500	12.3387	134.1657
98.6000	13.1836	132.8477
98.6500	14.1327	131.5438
98.7000	15.1993	130.2540
98.7500	16.3988	128.9783
98.8000	17.7492	127.7168
98.8500	19.2712	126.4693
98.9000	20.9887	125.2361
98.9500	22.9294	124.0172
99.0000	25.1256	122.8127
99.0500	27.6146	121.6227
99.1000	30.4401	120.4475
99.1500	33.6527	119.2872
99.2000	37.3119	118.1421
99.2500	41.4866	117.0126
99.3000	46.2580	115.8991
99.3500	51.7209	114.8021
99.4000	57.9865	113.7220
99.4500	65.1854	112.6598
99.5000	73.4713	111.6160
99.5500	83.0248	110.5918
99.6000	94.0586	109.5882
99.6500	106.8236	108.6067
99.7000	121.6155	107.6487
99.7500	138.7833	106.7162
99.8000	158.7388	105.8114
99.8500	181.9680	104.9369
99.9000	209.0445	104.0957
99.9500	240.6446	103.2915
100.0000	277.5649	102.5285
