0.0000	500.0000	100.0000
0.0500	575.0000	99.5000
0.1000	661.9688	99.0771
0.1500	762.7913	98.7422
0.2000	879.6086	98.5080
0.2500	1014.8309	98.3894
0.3000	1171.1417	98.4040
0.3500	1351.4859	98.5724
0.4000	1559.0323	98.9189
0.4500	1797.1009	99.4719
0.5000	2069.0389	100.2647
0.5500	2378.0253	101.3366
0.6000	2726.7829	102.7331
0.6500	3117.1692	104.5070
0.7000	3549.6216	106.7196
0.7500	4022.4345	109.4406
0.8000	4530.8645	112.7483
0.8500	5066.0917	116.7293
0.9000	5614.1246	121.4757
0.9500	6154.8259	127.0807
1.0000	6661.3574	133.6315
1.0500	7100.4828	141.1968
1.1000	7434.2616	149.8105
1.1500	7623.6397	159.4497
1.2000	7634.1275	170.0111
1.2500	7443.0625	181.2899
1.3000	7046.9082	192.9705
1.3500	6466.0585	204.6392
1.4000	5744.4590	215.8249
1.4500	4942.7491	226.0646
1.5000	4126.3967	234.9778
1.5500	3352.9263	242.3241
1.6000	2662.8594	248.0259
1.6500	2076.8582	252.1502
1.7000	1598.4011	254.8655
1.7500	1219.3184	256.3906
1.8000	925.4914	256.9529
1.8500	701.1687	256.7614
1.9000	531.5534	255.9942
1.9500	403.9884	254.7950
2.0000	308.2482	253.2764
2.0500	236.3675	251.5243
2.1000	182.2841	249.6036
2.1500	141.4508	247.5625
2.2000	110.4863	245.4371
2.2500	86.8872	243.2539
2.3000	68.8030	241.0327
2.3500	54.8648	238.7882
2.4000	44.0580	236.5314
2.4500	35.6285	234.2703
2.5000	29.0131	232.0110
2.5500	23.7900	229.7582
2.6000	19.6411	227.5153
2.6500	16.3259	225.2848
2.7000	13.6613	223.0688
2.7500	11.5073	220.8686
2.8000	9.7562	218.6853
2.8500	8.3249	216.5198
2.9000	7.1486	214.3726
2.9500	6.1769	212.2442
3.0000	5.3701	210.1349
3.0500	4.6970	208.0448
3.1000	4.1328	205.9741
3.1500	3.6578	203.9229
3.2000	3.2562	201.8911
3.2500	2.9152	199.8788
3.3000	2.6245	197.8858
3.3500	2.3760	195.9122
3.4000	2.1626	193.9577
3.4500	1.9790	192.0223
3.5000	1.8206	190.1059
3.5500	1.6836	188.2083
3.6000	1.5649	186.3294
3.6500	1.4619	184.4690
3.7000	1.3724	182.6270
3.7500	1.2948	180.8032
3.8000	1.2275	178.9976
3.8500	1.1692	177.2098
3.9000	1.1189	175.4397
3.9500	1.0757	173.6873
4.0000	1.0389	171.9523
4.0500	1.0078	170.2346
4.1000	0.9820	168.5339
4.1500	0.9611	166.8503
4.2000	0.9446	165.1834
4.2500	0.9324	163.5331
4.3000	0.9241	161.8993
4.3500	0.9198	160.2818
4.4000	0.9191	158.6804
4.4500	0.9221	157.0951
4.5000	0.9288	155.5256
4.5500	0.9392	153.9718
4.6000	0.9534	152.4335
4.6500	0.9714	150.9106
4.7000	0.9935	149.4030
4.7500	1.0198	147.9104
4.8000	1.0506	146.4328
4.8500	1.0863	144.9701
4.9000	1.1271	143.5219
4.9500	1.1735	142.0883
5.0000	1.2261	140.6691
5.0500	1.2853	139.2641
5.1000	1.3519	137.8733
5.1500	1.4267	136.4964
5.2000	1.5106	135.1334
5.2500	1.6045	133.7841
5.3000	1.7096	132.4484
5.3500	1.8274	131.1262
5.4000	1.9593	129.8173
5.4500	2.1071	128.5217
5.5000	2.2730	127.2392
5.5500	2.4591	125.9697
5.6000	2.6683	124.7131
5.6500	2.9037	123.4693
5.7000	3.1689	122.2382
5.7500	3.4681	121.0197
5.8000	3.8060	119.8137
5.8500	4.1884	118.6201
5.9000	4.6217	117.4389
5.9500	5.1135	116.2699
6.0000	5.6725	115.1132
6.0500	6.3090	113.9686
6.1000	7.0351	112.8361
6.1500	7.8646	111.7156
6.2000	8.8139	110.6073
6.2500	9.9023	109.5109
6.3000	11.1522	108.4267
6.3500	12.5901	107.3545
6.4000	14.2471	106.2945
6.4500	16.1600	105.2467
6.5000	18.3720	104.2112
6.5500	20.9344	103.1882
6.6000	23.9077	102.1780
6.6500	27.3636	101.1806
6.7000	31.3874	100.1965
6.7500	36.0801	99.2260
6.8000	41.5619	98.2695
6.8500	47.9760	97.3277
6.9000	55.4930	96.4011
6.9500	64.3162	95.4906
7.0000	74.6887	94.5971
7.0500	86.9009	93.7218
7.1000	101.2999	92.8660
7.1500	118.3016	92.0314
7.2000	138.4036	91.2200
7.2500	162.2021	90.4340
7.3000	190.4115	89.6764
7.3500	223.8876	88.9503
7.4000	263.6554	88.2600
7.4500	310.9420	87.6101
7.5000	367.2147	87.0064
7.5500	434.2254	86.4558
7.6000	514.0623	85.9667
7.6500	609.2066	85.5490
7.7000	722.5968	85.2146
7.7500	857.6959	84.9783
7.8000	1018.5605	84.8573
7.8500	1209.9040	84.8731
7.9000	1437.1449	85.0512
7.9500	1706.4255	85.4230
8.0000	2024.5756	86.0265
8.0500	2398.9881	86.9079
8.1000	2837.3560	88.1237
8.1500	3347.2025	89.7429
8.2000	3935.1147	91.8493
8.2500	4605.5667	94.5452
8.3000	5359.2080	97.9541
8.3500	6190.5006	102.2241
8.4000	7084.6550	107.5300
8.4500	8013.9839	114.0729
8.5000	8934.1321	122.0739
8.5500	9781.2235	131.7594
8.6000	10471.7918	143.3295
8.6500	10908.2163	156.9054
8.7000	10992.6078	172.4519
8.7500	10650.4102	189.6844
8.8000	9860.0335	207.9897
8.8500	8677.0838	226.4176
8.9000	7236.3052	243.7999
8.9500	5720.3009	259.0040
9.0000	4304.4690	271.2298
9.0500	3107.5060	280.1925
9.1000	2173.7588	286.0976
9.1500	1488.4946	289.4557
9.2000	1006.7595	290.8696
9.2500	677.3739	290.8893
9.3000	455.7214	289.9508
9.3500	307.6680	288.3727
9.4000	208.9276	286.3762
9.4500	142.9189	284.1107
9.5000	98.5745	281.6757
9.5500	68.5892	279.1366
9.6000	48.1605	276.5367
9.6500	34.1293	273.9045
9.7000	24.4106	271.2589
9.7500	17.6209	268.6125
9.8000	12.8363	265.9738
9.8500	9.4355	263.3482
9.9000	6.9976	260.7395
9.9500	5.2353	258.1504
10.0000	3.9507	255.5824
10.0500	3.0066	253.0367
10.1000	2.3073	250.5139
10.1500	1.7852	248.0145
10.2000	1.3924	245.5388
10.2500	1.0946	243.0869
10.3000	0.8673	240.6586
10.3500	0.6924	238.2541
10.4000	0.5569	235.8733
10.4500	0.4513	233.5158
10.5000	0.3683	231.1817
10.5500	0.3028	228.8708
10.6000	0.2507	226.5828
10.6500	0.2089	224.3175
10.7000	0.1753	222.0748
10.7500	0.1481	219.8544
10.8000	0.1260	217.6562
10.8500	0.1078	215.4799
10.9000	0.0929	213.3254
10.9500	0.0805	211.1923
11.0000	0.0702	209.0805
11.0500	0.0616	206.9899
11.1000	0.0543	204.9201
11.1500	0.0482	202.8710
11.2000	0.0431	200.8424
11.2500	0.0387	198.8341
11.3000	0.0349	196.8458
11.3500	0.0317	194.8774
11.4000	0.0289	192.9287
11.4500	0.0266	190.9995
11.5000	0.0245	189.0895
11.5500	0.0227	187.1987
11.6000	0.0212	185.3267
11.6500	0.0198	183.4735
11.7000	0.0187	181.6388
11.7500	0.0177	179.8225
11.8000	0.0168	178.0243
11.8500	0.0160	176.2441
11.9000	0.0154	174.4816
11.9500	0.0148	172.7369
12.0000	0.0143	171.0095
12.0500	0.0139	169.2994
12.1000	0.0136	167.6065
12.1500	0.0134	165.9304
12.2000	0.0132	164.2711
12.2500	0.0130	162.6285
12.3000	0.0129	161.0022
12.3500	0.0129	159.3922
12.4000	0.0129	157.7983
12.4500	0.0130	156.2203
12.5000	0.0131	154.6581
12.5500	0.0133	153.1116
12.6000	0.0135	151.5805
12.6500	0.0138	150.0647
12.7000	0.0142	148.5641
12.7500	0.0146	147.0785
12.8000	0.0150	145.6077
12.8500	0.0156	144.1516
12.9000	0.0162	142.7101
12.9500	0.0169	141.2831
13.0000	0.0177	139.8703
13.0500	0.0186	138.4716
13.1000	0.0196	137.0869
13.1500	0.0207	135.7160
13.2000	0.0219	134.3589
13.2500	0.0233	133.0154
13.3000	0.0249	131.6852
13.3500	0.0267	130.3684
13.4000	0.0287	129.0648
13.4500	0.0309	127.7742
13.5000	0.0334	126.4965
13.5500	0.0362	125.2315
13.6000	0.0393	123.9793
13.6500	0.0428	122.7395
13.7000	0.0468	121.5122
13.7500	0.0513	120.2971
13.8000	0.0564	119.0942
13.8500	0.0622	117.9033
13.9000	0.0688	116.7244
13.9500	0.0762	115.5572
14.0000	0.0847	114.4017
14.0500	0.0943	113.2578
14.1000	0.1053	112.1253
14.1500	0.1180	111.0042
14.2000	0.1324	109.8943
14.2500	0.1490	108.7955
14.3000	0.1681	107.7077
14.3500	0.1900	106.6308
14.4000	0.2154	105.5647
14.4500	0.2447	104.5093
14.5000	0.2786	103.4644
14.5500	0.3180	102.4301
14.6000	0.3638	101.4061
14.6500	0.4171	100.3924
14.7000	0.4792	99.3889
14.7500	0.5519	98.3955
14.8000	0.6369	97.4121
14.8500	0.7365	96.4386
14.9000	0.8535	95.4749
14.9500	0.9912	94.5210
15.0000	1.1535	93.5767
15.0500	1.3450	92.6420
15.1000	1.5715	91.7168
15.1500	1.8398	90.8011
15.2000	2.1581	89.8948
15.2500	2.5363	88.9978
15.3000	2.9865	88.1100
15.3500	3.5233	87.2316
15.4000	4.1642	86.3623
15.4500	4.9308	85.5023
15.5000	5.8492	84.6515
15.5500	6.9510	83.8099
15.6000	8.2750	82.9777
15.6500	9.8684	82.1547
15.7000	11.7889	81.3413
15.7500	14.1072	80.5375
15.8000	16.9097	79.7435
15.8500	20.3024	78.9595
15.9000	24.4157	78.1860
15.9500	29.4096	77.4232
16.0000	35.4810	76.6717
16.0500	42.8724	75.9322
16.1000	51.8829	75.2054
16.1500	62.8813	74.4924
16.2000	76.3234	73.7943
16.2500	92.7722	73.1127
16.3000	112.9240	72.4494
16.3500	137.6404	71.8067
16.4000	167.9878	71.1875
16.4500	205.2863	70.5952
16.5000	251.1703	70.0342
16.5500	307.6622	69.5097
16.6000	377.2632	69.0285
16.6500	463.0637	68.5986
16.7000	568.8754	68.2303
16.7500	699.3892	67.9361
16.8000	860.3604	67.7319
16.8500	1058.8199	67.6373
16.9000	1303.3085	67.6771
16.9500	1604.1215	67.8824
17.0000	1973.5410	68.2925
17.0500	2426.0124	68.9573
17.1000	2978.1890	69.9407
17.1500	3648.7232	71.3242
17.2000	4457.6065	73.2134
17.2500	5424.7576	75.7448
17.3000	6567.4171	79.0964
17.3500	7895.7367	83.5000
17.4000	9405.7963	89.2579
17.4500	11069.2598	96.7608
17.5000	12819.2882	106.5039
17.5500	14533.7438	119.0919
17.6000	16020.1143	135.2095
17.6500	17012.9823	155.5181
17.7000	17203.6093	180.4212
17.7500	16325.3150	209.6559
17.8000	14298.6944	241.7863
17.8500	11375.1000	273.9408
17.9000	8134.8812	302.3624
17.9500	5239.6285	323.9356
18.0000	3092.2246	337.6692
18.0500	1718.7416	344.7340
18.1000	924.9664	347.2118
18.1500	492.0548	346.9513
18.2000	262.0791	345.1889
18.2500	140.7437	342.6417
18.3000	76.4795	339.6976
18.3500	42.1216	336.5604
18.4000	23.5291	333.3365
18.4500	13.3330	330.0816
18.5000	7.6637	326.8248
18.5500	4.4675	323.5816
18.6000	2.6405	320.3602
18.6500	1.5819	317.1651
18.7000	0.9604	313.9985
18.7500	0.5906	310.8615
18.8000	0.3679	307.7547
18.8500	0.2320	304.6783
18.9000	0.1481	301.6322
18.9500	0.0956	298.6163
19.0000	0.0625	295.6305
19.0500	0.0413	292.6743
19.1000	0.0276	289.7477
19.1500	0.0187	286.8503
19.2000	0.0127	283.9819
19.2500	0.0088	281.1421
19.3000	0.0061	278.3307
19.3500	0.0043	275.5474
19.4000	0.0031	272.7919
19.4500	0.0022	270.0640
19.5000	0.0016	267.3634
19.5500	0.0012	264.6898
19.6000	0.0009	262.0429
19.6500	0.0006	259.4224
19.7000	0.0005	256.8282
19.7500	0.0004	254.2599
19.8000	0.0003	251.7173
19.8500	0.0002	249.2002
19.9000	0.0002	246.7082
19.9500	0.0001	244.2411
20.0000	0.0001	241.7987
20.0500	0.0001	239.3807
20.1000	0.0001	236.9869
20.1500	0.0001	234.6170
20.2000	0.0000	232.2708
20.2500	0.0000	229.9481
20.3000	0.0000	227.6487
20.3500	0.0000	225.3722
20.4000	0.0000	223.1185
20.4500	0.0000	220.8873
20.5000	0.0000	218.6784
20.5500	0.0000	216.4916
20.6000	0.0000	214.3267
20.6500	0.0000	212.1834
20.7000	0.0000	210.0616
20.7500	0.0000	207.9610
20.8000	0.0000	205.8814
20.8500	0.0000	203.8226
20.9000	0.0000	201.7843
20.9500	0.0000	199.7665
21.0000	0.0000	197.7688
21.0500	0.0000	195.7911
21.1000	0.0000	193.8332
21.1500	0.0000	191.8949
21.2000	0.0000	189.9759
21.2500	0.0000	188.0762
21.3000	0.0000	186.1954
21.3500	0.0000	184.3335
21.4000	0.0000	182.4901
21.4500	0.0000	180.6652
21.5000	0.0000	178.8586
21.5500	0.0000	177.0700
21.6000	0.0000	175.2993
21.6500	0.0000	173.5463
21.7000	0.0000	171.8108
21.7500	0.0000	170.0927
21.8000	0.0000	168.3918
21.8500	0.0000	166.7079
21.9000	0.0000	165.0408
21.9500	0.0000	163.3904
22.0000	0.0000	161.7565
22.0500	0.0000	160.1389
22.1000	0.0000	158.5375
22.1500	0.0000	156.9522
22.2000	0.0000	155.3826
22.2500	0.0000	153.8288
22.3000	0.0000	152.2905
22.3500	0.0000	150.7676
22.4000	0.0000	149.2599
22.4500	0.0000	147.7673
22.5000	0.0000	146.2897
22.5500	0.0000	144.8268
22.6000	0.0000	143.3785
22.6500	0.0000	141.9447
22.7000	0.0000	140.5253
22.7500	0.0000	139.1200
22.8000	0.0000	137.7288
22.8500	0.0000	136.3515
22.9000	0.0000	134.9880
22.9500	0.0000	133.6381
23.0000	0.0000	132.3018
23.0500	0.0000	130.9787
23.1000	0.0000	129.6690
23.1500	0.0000	128.3723
23.2000	0.0000	127.0885
23.2500	0.0000	125.8177
23.3000	0.0000	124.5595
23.3500	0.0000	123.3139
23.4000	0.0000	122.0807
23.4500	0.0000	120.8599
23.5000	0.0000	119.6513
23.5500	0.0000	118.4548
23.6000	0.0000	117.2703
23.6500	0.0000	116.0976
23.7000	0.0000	114.9366
23.7500	0.0000	113.7872
23.8000	0.0000	112.6494
23.8500	0.0000	111.5229
23.9000	0.0000	110.4076
23.9500	0.0000	109.3036
24.0000	0.0000	108.2105
24.0500	0.0000	107.1284
24.1000	0.0000	106.0571
24.1500	0.0000	104.9966
24.2000	0.0000	103.9466
24.2500	0.0000	102.9071
24.3000	0.0000	101.8781
24.3500	0.0000	100.8593
24.4000	0.0000	99.8507
24.4500	0.0001	98.8522
24.5000	0.0001	97.8637
24.5500	0.0001	96.8850
24.6000	0.0001	95.9162
24.6500	0.0001	94.9570
24.7000	0.0001	94.0074
24.7500	0.0001	93.0674
24.8000	0.0002	92.1367
24.8500	0.0002	91.2153
24.9000	0.0002	90.3032
24.9500	0.0003	89.4001
25.0000	0.0003	88.5061
25.0500	0.0003	87.6211
25.1000	0.0004	86.7449
25.1500	0.0005	85.8774
25.2000	0.0006	85.0186
25.2500	0.0007	84.1685
25.3000	0.0008	83.3268
25.3500	0.0010	82.4935
25.4000	0.0012	81.6686
25.4500	0.0014	80.8519
25.5000	0.0017	80.0434
25.5500	0.0020	79.2429
25.6000	0.0024	78.4505
25.6500	0.0029	77.6660
25.7000	0.0035	76.8894
25.7500	0.0042	76.1205
25.8000	0.0051	75.3593
25.8500	0.0062	74.6057
25.9000	0.0075	73.8596
25.9500	0.0091	73.1210
26.0000	0.0111	72.3898
26.0500	0.0135	71.6659
26.1000	0.0165	70.9493
26.1500	0.0202	70.2398
26.2000	0.0247	69.5374
26.2500	0.0303	68.8421
26.3000	0.0372	68.1537
26.3500	0.0458	67.4722
26.4000	0.0563	66.7975
26.4500	0.0695	66.1295
26.5000	0.0858	65.4683
26.5500	0.1061	64.8136
26.6000	0.1313	64.1656
26.6500	0.1627	63.5240
26.7000	0.2020	62.8889
26.7500	0.2510	62.2601
26.8000	0.3124	61.6377
26.8500	0.3892	61.0215
26.9000	0.4855	60.4115
26.9500	0.6064	59.8077
27.0000	0.7583	59.2100
27.0500	0.9493	58.6183
27.1000	1.1900	58.0327
27.1500	1.4933	57.4531
27.2000	1.8761	56.8794
27.2500	2.3598	56.3117
27.3000	2.9715	55.7499
27.3500	3.7460	55.1940
27.4000	4.7275	54.6442
27.4500	5.9726	54.1003
27.5000	7.5539	53.5625
27.5500	9.5639	53.0309
27.6000	12.1215	52.5057
27.6500	15.3790	51.9870
27.7000	19.5318	51.4751
27.7500	24.8311	50.9704
27.8000	31.5994	50.4734
27.8500	40.2518	49.9846
27.9000	51.3226	49.5049
27.9500	65.4999	49.0352
28.0000	83.6703	48.5770
28.0500	106.9773	48.1319
28.1000	136.8957	47.7021
28.1500	175.3284	47.2903
28.2000	224.7314	46.9003
28.2500	288.2740	46.5367
28.3000	370.0453	46.2055
28.3500	475.3181	45.9145
28.4000	610.8854	45.6735
28.4500	785.4863	45.4958
28.5000	1010.3400	45.3982
28.5500	1299.8069	45.4029
28.6000	1672.1921	45.5390
28.6500	2150.6938	45.8452
28.7000	2764.4741	46.3727
28.7500	3549.7735	47.1909
28.8000	4550.8901	48.3942
28.8500	5820.6546	50.1126
28.9000	7419.6959	52.5284
28.9500	9413.2130	55.9005
29.0000	11862.9892	60.6036
29.0500	14810.8365	67.1869
29.1000	18247.4349	76.4660
29.1500	22058.1382	89.6544
29.2000	25937.3698	108.5340
29.2500	29274.6036	135.5995
29.3000	31060.3922	173.9397
29.3500	29977.9607	226.2267
29.4000	25014.6105	291.7825
29.4500	16773.3889	361.8530
29.5000	8308.9932	418.9294
29.5500	2930.3858	449.5490
29.6000	809.1603	458.2270
29.6500	205.8767	457.3525
29.7000	52.8318	453.7206
29.7500	14.0373	449.4231
29.8000	3.8805	444.9919
29.8500	1.1157	440.5593
29.9000	0.3332	436.1586
29.9500	0.1031	431.7985
30.0000	0.0331	427.4809
30.0500	0.0110	423.2063
30.1000	0.0037	418.9742
30.1500	0.0013	414.7845
30.2000	0.0005	410.6367
30.2500	0.0002	406.5303
30.3000	0.0001	402.4650
30.3500	0.0000	398.4404
30.4000	0.0000	394.4560
30.4500	0.0000	390.5114
30.5000	0.0000	386.6063
30.5500	0.0000	382.7402
30.6000	0.0000	378.9128
30.6500	0.0000	375.1237
30.7000	0.0000	371.3725
30.7500	0.0000	367.6587
30.8000	0.0000	363.9821
30.8500	0.0000	360.3423
30.9000	0.0000	356.7389
30.9500	0.0000	353.1715
31.0000	0.0000	349.6398
31.0500	0.0000	346.1434
31.1000	0.0000	342.6820
31.1500	0.0000	339.2551
31.2000	0.0000	335.8626
31.2500	0.0000	332.5040
31.3000	0.0000	329.1789
31.3500	0.0000	325.8871
31.4000	0.0000	322.6283
31.4500	0.0000	319.4020
31.5000	0.0000	316.2080
31.5500	0.0000	313.0459
31.6000	0.0000	309.9154
31.6500	0.0000	306.8163
31.7000	0.0000	303.7481
31.7500	0.0000	300.7106
31.8000	0.0000	297.7035
31.8500	0.0000	294.7265
31.9000	0.0000	291.7792
31.9500	0.0000	288.8614
32.0000	0.0000	285.9728
32.0500	0.0000	283.1131
32.1000	0.0000	280.2820
32.1500	0.0000	277.4791
32.2000	0.0000	274.7043
32.2500	0.0000	271.9573
32.3000	0.0000	269.2377
32.3500	0.0000	266.5454
32.4000	0.0000	263.8799
32.4500	0.0000	261.2411
32.5000	0.0000	258.6287
32.5500	0.0000	256.0424
32.6000	0.0000	253.4820
32.6500	0.0000	250.9472
32.7000	0.0000	248.4377
32.7500	0.0000	245.9533
32.8000	0.0000	243.4938
32.8500	0.0000	241.0588
32.9000	0.0000	238.6482
32.9500	0.0000	236.2618
33.0000	0.0000	233.8991
33.0500	0.0000	231.5602
33.1000	0.0000	229.2446
33.1500	0.0000	226.9521
33.2000	0.0000	224.6826
33.2500	0.0000	222.4358
33.3000	0.0000	220.2114
33.3500	0.0000	218.0093
33.4000	0.0000	215.8292
33.4500	0.0000	213.6709
33.5000	0.0000	211.5342
33.5500	0.0000	209.4189
33.6000	0.0000	207.3247
33.6500	0.0000	205.2514
33.7000	0.0000	203.1989
33.7500	0.0000	201.1669
33.8000	0.0000	199.1552
33.8500	0.0000	197.1637
33.9000	0.0000	195.1921
33.9500	0.0000	193.2401
34.0000	0.0000	191.3077
34.0500	0.0000	189.3947
34.1000	0.0000	187.5007
34.1500	0.0000	185.6257
34.2000	0.0000	183.7694
34.2500	0.0000	181.9318
34.3000	0.0000	180.1124
34.3500	0.0000	178.3113
34.4000	0.0000	176.5282
34.4500	0.0000	174.7629
34.5000	0.0000	173.0153
34.5500	0.0000	171.2851
34.6000	0.0000	169.5723
34.6500	0.0000	167.8766
34.7000	0.0000	166.1978
34.7500	0.0000	164.5358
34.8000	0.0000	162.8905
34.8500	0.0000	161.2616
34.9000	0.0000	159.6489
34.9500	0.0000	158.0524
35.0000	0.0000	156.4719
35.0500	0.0000	154.9072
35.1000	0.0000	153.3581
35.1500	0.0000	151.8246
35.2000	0.0000	150.3063
35.2500	0.0000	148.8032
35.3000	0.0000	147.3152
35.3500	0.0000	145.8421
35.4000	0.0000	144.3836
35.4500	0.0000	142.9398
35.5000	0.0000	141.5104
35.5500	0.0000	140.0953
35.6000	0.0000	138.6943
35.6500	0.0000	137.3074
35.7000	0.0000	135.9343
35.7500	0.0000	134.5750
35.8000	0.0000	133.2292
35.8500	0.0000	131.8969
35.9000	0.0000	130.5780
35.9500	0.0000	129.2722
36.0000	0.0000	127.9795
36.0500	0.0000	126.6997
36.1000	0.0000	125.4327
36.1500	0.0000	124.1784
36.2000	0.0000	122.9366
36.2500	0.0000	121.7072
36.3000	0.0000	120.4901
36.3500	0.0000	119.2852
36.4000	0.0000	118.0924
36.4500	0.0000	116.9115
36.5000	0.0000	115.7423
36.5500	0.0000	114.5849
36.6000	0.0000	113.4391
36.6500	0.0000	112.3047
36.7000	0.0000	111.1816
36.7500	0.0000	110.0698
36.8000	0.0000	108.9691
36.8500	0.0000	107.8794
36.9000	0.0000	106.8006
36.9500	0.0000	105.7326
37.0000	0.0000	104.6753
37.0500	0.0000	103.6285
37.1000	0.0000	102.5923
37.1500	0.0000	101.5663
37.2000	0.0000	100.5507
37.2500	0.0000	99.5452
37.3000	0.0000	98.5497
37.3500	0.0000	97.5642
37.4000	0.0000	96.5886
37.4500	0.0000	95.6227
37.5000	0.0000	94.6665
37.5500	0.0000	93.7198
37.6000	0.0000	92.7826
37.6500	0.0000	91.8548
37.7000	0.0000	90.9362
37.7500	0.0000	90.0269
37.8000	0.0000	89.1266
37.8500	0.0000	88.2353
37.9000	0.0000	87.3530
37.9500	0.0000	86.4794
38.0000	0.0000	85.6147
38.0500	0.0000	84.7585
38.1000	0.0000	83.9109
38.1500	0.0000	83.0718
38.2000	0.0000	82.2411
38.2500	0.0000	81.4187
38.3000	0.0000	80.6045
38.3500	0.0000	79.7985
38.4000	0.0000	79.0005
38.4500	0.0000	78.2105
38.5000	0.0000	77.4284
38.5500	0.0000	76.6541
38.6000	0.0000	75.8875
38.6500	0.0000	75.1287
38.7000	0.0000	74.3774
38.7500	0.0000	73.6336
38.8000	0.0000	72.8973
38.8500	0.0000	72.1683
38.9000	0.0000	71.4466
38.9500	0.0000	70.7321
39.0000	0.0000	70.0248
39.0500	0.0000	69.3246
39.1000	0.0000	68.6313
39.1500	0.0000	67.9450
39.2000	0.0000	67.2656
39.2500	0.0000	66.5929
39.3000	0.0000	65.9270
39.3500	0.0000	65.2677
39.4000	0.0000	64.6150
39.4500	0.0000	63.9689
39.5000	0.0000	63.3292
39.5500	0.0000	62.6959
39.6000	0.0000	62.0689
39.6500	0.0000	61.4483
39.7000	0.0000	60.8338
39.7500	0.0000	60.2254
39.8000	0.0000	59.6232
39.8500	0.0000	59.0269
39.9000	0.0000	58.4367
39.9500	0.0000	57.8523
40.0000	0.0000	57.2738
40.0500	0.0000	56.7010
40.1000	0.0000	56.1340
40.1500	0.0000	55.5727
40.2000	0.0000	55.0170
40.2500	0.0000	54.4668
40.3000	0.0000	53.9221
40.3500	0.0000	53.3829
40.4000	0.0000	52.8491
40.4500	0.0000	52.3206
40.5000	0.0000	51.7974
40.5500	0.0000	51.2794
40.6000	0.0000	50.7666
40.6500	0.0000	50.2590
40.7000	0.0000	49.7564
40.7500	0.0000	49.2588
40.8000	0.0000	48.7662
40.8500	0.0000	48.2785
40.9000	0.0000	47.7958
40.9500	0.0000	47.3178
41.0000	0.0000	46.8446
41.0500	0.0000	46.3762
41.1000	0.0000	45.9124
41.1500	0.0000	45.4533
41.2000	0.0000	44.9988
41.2500	0.0000	44.5488
41.3000	0.0000	44.1033
41.3500	0.0000	43.6623
41.4000	0.0000	43.2256
41.4500	0.0000	42.7934
41.5000	0.0000	42.3654
41.5500	0.0000	41.9418
41.6000	0.0000	41.5224
41.6500	0.0000	41.1071
41.7000	0.0000	40.6961
41.7500	0.0000	40.2891
41.8000	0.0000	39.8862
41.8500	0.0000	39.4874
41.9000	0.0000	39.0925
41.9500	0.0000	38.7016
42.0000	0.0000	38.3145
42.0500	0.0000	37.9314
42.1000	0.0000	37.5521
42.1500	0.0000	37.1766
42.2000	0.0000	36.8048
42.2500	0.0000	36.4368
42.3000	0.0000	36.0724
42.3500	0.0000	35.7117
42.4000	0.0000	35.3545
42.4500	0.0000	35.0010
42.5000	0.0000	34.6510
42.5500	0.0000	34.3045
42.6000	0.0000	33.9614
42.6500	0.0000	33.6218
42.7000	0.0000	33.2856
42.7500	0.0000	32.9527
42.8000	0.0000	32.6232
42.8500	0.0000	32.2970
42.9000	0.0000	31.9740
42.9500	0.0000	31.6543
43.0000	0.0000	31.3377
43.0500	0.0000	31.0244
43.1000	0.0000	30.7141
43.1500	0.0000	30.4070
43.2000	0.0001	30.1029
43.2500	0.0001	29.8019
43.3000	0.0001	29.5039
43.3500	0.0001	29.2088
43.4000	0.0002	28.9167
43.4500	0.0003	28.6276
43.5000	0.0003	28.3413
43.5500	0.0004	28.0579
43.6000	0.0006	27.7773
43.6500	0.0008	27.4995
43.7000	0.0011	27.2245
43.7500	0.0014	26.9523
43.8000	0.0019	26.6828
43.8500	0.0025	26.4159
43.9000	0.0033	26.1518
43.9500	0.0044	25.8903
44.0000	0.0059	25.6314
44.0500	0.0079	25.3750
44.1000	0.0106	25.1213
44.1500	0.0141	24.8701
44.2000	0.0189	24.6214
44.2500	0.0253	24.3752
44.3000	0.0339	24.1314
44.3500	0.0454	23.8901
44.4000	0.0608	23.6512
44.4500	0.0816	23.4147
44.5000	0.1094	23.1806
44.5500	0.1469	22.9488
44.6000	0.1972	22.7194
44.6500	0.2649	22.4922
44.7000	0.3559	22.2674
44.7500	0.4785	22.0448
44.8000	0.6435	21.8244
44.8500	0.8658	21.6063
44.9000	1.1653	21.3904
44.9500	1.5691	21.1768
45.0000	2.1137	20.9654
45.0500	2.8484	20.7561
45.1000	3.8400	20.5492
45.1500	5.1787	20.3445
45.2000	6.9867	20.1421
45.2500	9.4296	19.9421
45.3000	12.7314	19.7445
45.3500	17.1955	19.5496
45.4000	23.2332	19.3575
45.4500	31.4022	19.1684
45.5000	42.4582	18.9827
45.5500	57.4266	18.8010
45.6000	77.6980	18.6237
45.6500	105.1597	18.4520
45.7000	142.3725	18.2869
45.7500	192.8127	18.1300
45.8000	261.1985	17.9837
45.8500	353.9347	17.8508
45.9000	479.7135	17.7355
45.9500	650.3290	17.6432
46.0000	881.7759	17.5815
46.0500	1195.7288	17.5607
46.1000	1621.5257	17.5951
46.1500	2198.8086	17.7045
46.2000	2981.0103	17.9167
46.2500	4039.8897	18.2716
46.3000	5471.3071	18.8271
46.3500	7402.3082	19.6689
46.4000	9999.2435	20.9282
46.4500	13475.7766	22.8115
46.5000	18097.5795	25.6574
46.5500	24175.7673	30.0442
46.6000	32030.2174	37.0072
46.6500	41878.9303	48.4907
46.7000	53553.6605	68.3131
46.7500	65829.0811	104.2142
46.8000	75009.9077	171.7752
46.8500	72801.7584	298.9059
46.9000	47520.2670	513.5257
46.9500	5521.1829	752.4192
47.0000	-2655.9535	786.4374
47.0500	1503.5181	757.6856
47.1000	-743.0598	761.5007
47.1500	374.3177	748.2273
47.2000	-176.1420	743.5458
47.2500	80.8253	734.8006
47.3000	-35.3208	728.0465
47.3500	14.8388	720.5089
47.4000	-5.9544	713.4107
47.4500	2.2837	706.2341
47.5000	-0.8349	699.1879
47.5500	0.2905	692.1902
47.6000	-0.0960	685.2703
47.6500	0.0301	678.4170
47.7000	-0.0089	671.6330
47.7500	0.0025	664.9166
47.8000	-0.0007	658.2675
47.8500	0.0002	651.6848
47.9000	-0.0000	645.1679
47.9500	0.0000	638.7162
48.0000	-0.0000	632.3291
48.0500	0.0000	626.0058
48.1000	-0.0000	619.7457
48.1500	0.0000	613.5483
48.2000	-0.0000	607.4128
48.2500	0.0000	601.3387
48.3000	-0.0000	595.3253
48.3500	0.0000	589.3720
48.4000	-0.0000	583.4783
48.4500	0.0000	577.6435
48.5000	-0.0000	571.8671
48.5500	0.0000	566.1484
48.6000	-0.0000	560.4869
48.6500	0.0000	554.8821
48.7000	0.0000	549.3332
48.7500	0.0000	543.8399
48.8000	0.0000	538.4015
48.8500	0.0000	533.0175
48.9000	0.0000	527.6873
48.9500	0.0000	522.4104
49.0000	0.0000	517.1863
49.0500	0.0000	512.0145
49.1000	0.0000	506.8943
49.1500	0.0000	501.8254
49.2000	0.0000	496.8071
49.2500	0.0000	491.8391
49.3000	0.0000	486.9207
49.3500	0.0000	482.0515
49.4000	0.0000	477.2310
49.4500	0.0000	472.4586
49.5000	0.0000	467.7341
49.5500	0.0000	463.0567
49.6000	0.0000	458.4262
49.6500	0.0000	453.8419
49.7000	0.0000	449.3035
49.7500	0.0000	444.8104
49.8000	0.0000	440.3623
49.8500	0.0000	435.9587
49.9000	0.0000	431.5991
49.9500	0.0000	427.2831
50.0000	0.0000	423.0103
50.0500	0.0000	418.7802
50.1000	0.0000	414.5924
50.1500	0.0000	410.4465
50.2000	0.0000	406.3420
50.2500	0.0000	402.2786
50.3000	0.0000	398.2558
50.3500	0.0000	394.2732
50.4000	0.0000	390.3305
50.4500	0.0000	386.4272
50.5000	0.0000	382.5629
50.5500	0.0000	378.7373
50.6000	0.0000	374.9499
50.6500	0.0000	371.2004
50.7000	0.0000	367.4884
50.7500	0.0000	363.8135
50.8000	0.0000	360.1754
50.8500	0.0000	356.5737
50.9000	0.0000	353.0079
50.9500	0.0000	349.4778
51.0000	0.0000	345.9831
51.0500	0.0000	342.5232
51.1000	0.0000	339.0980
51.1500	0.0000	335.7070
51.2000	0.0000	332.3499
51.2500	0.0000	329.0264
51.3000	0.0000	325.7362
51.3500	0.0000	322.4788
51.4000	0.0000	319.2540
51.4500	0.0000	316.0615
51.5000	0.0000	312.9009
51.5500	0.0000	309.7719
51.6000	0.0000	306.6741
51.6500	0.0000	303.6074
51.7000	0.0000	300.5713
51.7500	0.0000	297.5656
51.8000	0.0000	294.5900
51.8500	0.0000	291.6441
51.9000	0.0000	288.7276
51.9500	0.0000	285.8403
52.0000	0.0000	282.9819
52.0500	0.0000	280.1521
52.1000	0.0000	277.3506
52.1500	0.0000	274.5771
52.2000	0.0000	271.8313
52.2500	0.0000	269.1130
52.3000	0.0000	266.4219
52.3500	0.0000	263.7577
52.4000	0.0000	261.1201
52.4500	0.0000	258.5089
52.5000	0.0000	255.9238
52.5500	0.0000	253.3646
52.6000	0.0000	250.8309
52.6500	0.0000	248.3226
52.7000	0.0000	245.8394
52.7500	0.0000	243.3810
52.8000	0.0000	240.9472
52.8500	0.0000	238.5377
52.9000	0.0000	236.1523
52.9500	0.0000	233.7908
53.0000	0.0000	231.4529
53.0500	0.0000	229.1384
53.1000	0.0000	226.8470
53.1500	0.0000	224.5785
53.2000	0.0000	222.3327
53.2500	0.0000	220.1094
53.3000	0.0000	217.9083
53.3500	0.0000	215.7292
53.4000	0.0000	213.5719
53.4500	0.0000	211.4362
53.5000	0.0000	209.3218
53.5500	0.0000	207.2286
53.6000	0.0000	205.1563
53.6500	0.0000	203.1048
53.7000	0.0000	201.0737
53.7500	0.0000	199.0630
53.8000	0.0000	197.0724
53.8500	0.0000	195.1016
53.9000	0.0000	193.1506
53.9500	0.0000	191.2191
54.0000	0.0000	189.3069
54.0500	0.0000	187.4139
54.1000	0.0000	185.5397
54.1500	0.0000	183.6843
54.2000	0.0000	181.8475
54.2500	0.0000	180.0290
54.3000	0.0000	178.2287
54.3500	0.0000	176.4464
54.4000	0.0000	174.6820
54.4500	0.0000	172.9351
54.5000	0.0000	171.2058
54.5500	0.0000	169.4937
54.6000	0.0000	167.7988
54.6500	0.0000	166.1208
54.7000	0.0000	164.4596
54.7500	0.0000	162.8150
54.8000	0.0000	161.1869
54.8500	0.0000	159.5750
54.9000	0.0000	157.9792
54.9500	0.0000	156.3994
55.0000	0.0000	154.8355
55.0500	0.0000	153.2871
55.1000	0.0000	151.7542
55.1500	0.0000	150.2367
55.2000	0.0000	148.7343
55.2500	0.0000	147.2470
55.3000	0.0000	145.7745
55.3500	0.0000	144.3168
55.4000	0.0000	142.8736
55.4500	0.0000	141.4449
55.5000	0.0000	140.0304
55.5500	0.0000	138.6301
55.6000	0.0000	137.2438
55.6500	0.0000	135.8714
55.7000	0.0000	134.5126
55.7500	0.0000	133.1675
55.8000	0.0000	131.8358
55.8500	0.0000	130.5175
55.9000	0.0000	129.2123
55.9500	0.0000	127.9202
56.0000	0.0000	126.6410
56.0500	0.0000	125.3746
56.1000	0.0000	124.1208
56.1500	0.0000	122.8796
56.2000	0.0000	121.6508
56.2500	0.0000	120.4343
56.3000	0.0000	119.2300
56.3500	0.0000	118.0377
56.4000	0.0000	116.8573
56.4500	0.0000	115.6887
56.5000	0.0000	114.5318
56.5500	0.0000	113.3865
56.6000	0.0000	112.2527
56.6500	0.0000	111.1301
56.7000	0.0000	110.0188
56.7500	0.0000	108.9186
56.8000	0.0000	107.8295
56.8500	0.0000	106.7512
56.9000	0.0000	105.6836
56.9500	0.0000	104.6268
57.0000	0.0000	103.5805
57.0500	0.0000	102.5447
57.1000	0.0000	101.5193
57.1500	0.0000	100.5041
57.2000	0.0000	99.4991
57.2500	0.0000	98.5041
57.3000	0.0000	97.5190
57.3500	0.0000	96.5438
57.4000	0.0000	95.5784
57.4500	0.0000	94.6226
57.5000	0.0000	93.6764
57.5500	0.0000	92.7396
57.6000	0.0000	91.8122
57.6500	0.0000	90.8941
57.7000	0.0000	89.9852
57.7500	0.0000	89.0853
57.8000	0.0000	88.1945
57.8500	0.0000	87.3125
57.9000	0.0000	86.4394
57.9500	0.0000	85.5750
58.0000	0.0000	84.7192
58.0500	0.0000	83.8721
58.1000	0.0000	83.0333
58.1500	0.0000	82.2030
58.2000	0.0000	81.3810
58.2500	0.0000	80.5672
58.3000	0.0000	79.7615
58.3500	0.0000	78.9639
58.4000	0.0000	78.1742
58.4500	0.0000	77.3925
58.5000	0.0000	76.6186
58.5500	0.0000	75.8524
58.6000	0.0000	75.0939
58.6500	0.0000	74.3429
58.7000	0.0000	73.5995
58.7500	0.0000	72.8635
58.8000	0.0000	72.1349
58.8500	0.0000	71.4135
58.9000	0.0000	70.6994
58.9500	0.0000	69.9924
59.0000	0.0000	69.2925
59.0500	0.0000	68.5995
59.1000	0.0000	67.9135
59.1500	0.0000	67.2344
59.2000	0.0000	66.5621
59.2500	0.0000	65.8964
59.3000	0.0000	65.2375
59.3500	0.0000	64.5851
59.4000	0.0000	63.9392
59.4500	0.0000	63.2999
59.5000	0.0000	62.6669
59.5500	0.0000	62.0402
59.6000	0.0000	61.4198
59.6500	0.0000	60.8056
59.7000	0.0000	60.1975
59.7500	0.0000	59.5956
59.8000	0.0000	58.9996
59.8500	0.0000	58.4096
59.9000	0.0000	57.8255
59.9500	0.0000	57.2473
60.0000	0.0000	56.6748
60.0500	0.0000	56.1080
60.1000	0.0000	55.5470
60.1500	0.0000	54.9915
60.2000	0.0000	54.4416
60.2500	0.0000	53.8972
60.3000	0.0000	53.3582
60.3500	0.0000	52.8246
60.4000	0.0000	52.2964
60.4500	0.0000	51.7734
60.5000	0.0000	51.2557
60.5500	0.0000	50.7431
60.6000	0.0000	50.2357
60.6500	0.0000	49.7333
60.7000	0.0000	49.2360
60.7500	0.0000	48.7436
60.8000	0.0000	48.2562
60.8500	0.0000	47.7736
60.9000	0.0000	47.2959
60.9500	0.0000	46.8229
61.0000	0.0000	46.3547
61.0500	0.0000	45.8912
61.1000	0.0000	45.4322
61.1500	0.0000	44.9779
61.2000	0.0000	44.5281
61.2500	0.0000	44.0829
61.3000	0.0000	43.6420
61.3500	0.0000	43.2056
61.4000	0.0000	42.7736
61.4500	0.0000	42.3458
61.5000	0.0000	41.9224
61.5500	0.0000	41.5031
61.6000	0.0000	41.0881
61.6500	0.0000	40.6772
61.7000	0.0000	40.2704
61.7500	0.0000	39.8677
61.8000	0.0000	39.4691
61.8500	0.0000	39.0744
61.9000	0.0000	38.6836
61.9500	0.0000	38.2968
62.0000	0.0000	37.9138
62.0500	0.0000	37.5347
62.1000	0.0000	37.1593
62.1500	0.0000	36.7878
62.2000	0.0000	36.4199
62.2500	0.0000	36.0557
62.3000	0.0000	35.6951
62.3500	0.0000	35.3382
62.4000	0.0000	34.9848
62.4500	0.0000	34.6349
62.5000	0.0000	34.2886
62.5500	0.0000	33.9457
62.6000	0.0000	33.6062
62.6500	0.0000	33.2702
62.7000	0.0000	32.9375
62.7500	0.0000	32.6081
62.8000	0.0000	32.2820
62.8500	0.0000	31.9592
62.9000	0.0000	31.6396
62.9500	0.0000	31.3232
63.0000	0.0000	31.0100
63.0500	0.0000	30.6999
63.1000	0.0000	30.3929
63.1500	0.0000	30.0890
63.2000	0.0000	29.7881
63.2500	0.0000	29.4902
63.3000	0.0000	29.1953
63.3500	0.0000	28.9033
63.4000	0.0000	28.6143
63.4500	0.0000	28.3282
63.5000	0.0000	28.0449
63.5500	0.0000	27.7644
63.6000	0.0000	27.4868
63.6500	0.0000	27.2119
63.7000	0.0000	26.9398
63.7500	0.0000	26.6704
63.8000	0.0000	26.4037
63.8500	0.0000	26.1397
63.9000	0.0000	25.8783
63.9500	0.0000	25.6195
64.0000	0.0000	25.3633
64.0500	0.0000	25.1096
64.1000	0.0000	24.8586
64.1500	0.0000	24.6100
64.2000	0.0000	24.3639
64.2500	0.0000	24.1202
64.3000	0.0000	23.8790
64.3500	0.0000	23.6402
64.4000	0.0000	23.4038
64.4500	0.0000	23.1698
64.5000	0.0000	22.9381
64.5500	0.0000	22.7087
64.6000	0.0000	22.4816
64.6500	0.0000	22.2568
64.7000	0.0000	22.0342
64.7500	0.0000	21.8139
64.8000	0.0000	21.5958
64.8500	0.0000	21.3798
64.9000	0.0000	21.1660
64.9500	0.0000	20.9543
65.0000	0.0000	20.7448
65.0500	0.0000	20.5374
65.1000	0.0000	20.3320
65.1500	0.0000	20.1287
65.2000	0.0000	19.9274
65.2500	0.0000	19.7281
65.3000	0.0000	19.5308
65.3500	0.0000	19.3355
65.4000	0.0000	19.1422
65.4500	0.0000	18.9507
65.5000	0.0000	18.7612
65.5500	0.0000	18.5736
65.6000	0.0000	18.3879
65.6500	0.0000	18.2040
65.7000	0.0000	18.0220
65.7500	0.0000	17.8417
65.8000	0.0000	17.6633
65.8500	0.0000	17.4867
65.9000	0.0000	17.3118
65.9500	0.0000	17.1387
66.0000	0.0000	16.9673
66.0500	0.0000	16.7976
66.1000	0.0000	16.6297
66.1500	0.0000	16.4634
66.2000	0.0000	16.2987
66.2500	0.0000	16.1358
66.3000	0.0000	15.9744
66.3500	0.0000	15.8146
66.4000	0.0000	15.6565
66.4500	0.0000	15.4999
66.5000	0.0000	15.3449
66.5500	0.0000	15.1915
66.6000	0.0000	15.0396
66.6500	0.0000	14.8892
66.7000	0.0000	14.7403
66.7500	0.0000	14.5929
66.8000	0.0000	14.4470
66.8500	0.0000	14.3025
66.9000	0.0000	14.1595
66.9500	0.0000	14.0179
67.0000	0.0000	13.8777
67.0500	0.0000	13.7389
67.1000	0.0000	13.6015
67.1500	0.0000	13.4655
67.2000	0.0000	13.3309
67.2500	0.0000	13.1975
67.3000	0.0000	13.0656
67.3500	0.0000	12.9349
67.4000	0.0000	12.8056
67.4500	0.0000	12.6775
67.5000	0.0000	12.5507
67.5500	0.0000	12.4252
67.6000	0.0000	12.3010
67.6500	0.0000	12.1780
67.7000	0.0000	12.0562
67.7500	0.0000	11.9356
67.8000	0.0000	11.8163
67.8500	0.0000	11.6981
67.9000	0.0000	11.5811
67.9500	0.0000	11.4653
68.0000	0.0000	11.3507
68.0500	0.0000	11.2372
68.1000	0.0000	11.1248
68.1500	0.0000	11.0135
68.2000	0.0000	10.9034
68.2500	0.0000	10.7944
68.3000	0.0000	10.6864
68.3500	0.0000	10.5796
68.4000	0.0000	10.4738
68.4500	0.0000	10.3690
68.5000	0.0000	10.2653
68.5500	0.0000	10.1627
68.6000	0.0000	10.0611
68.6500	0.0000	9.9604
68.7000	0.0000	9.8608
68.7500	0.0000	9.7622
68.8000	0.0000	9.6646
68.8500	0.0000	9.5680
68.9000	0.0000	9.4723
68.9500	0.0000	9.3776
69.0000	0.0000	9.2838
69.0500	0.0000	9.1909
69.1000	0.0000	9.0990
69.1500	0.0000	9.0080
69.2000	0.0000	8.9180
69.2500	0.0000	8.8288
69.3000	0.0000	8.7405
69.3500	0.0000	8.6531
69.4000	0.0000	8.5666
69.4500	0.0000	8.4809
69.5000	0.0000	8.3961
69.5500	0.0000	8.3121
69.6000	0.0000	8.2290
69.6500	0.0000	8.1467
69.7000	0.0000	8.0652
69.7500	0.0000	7.9846
69.8000	0.0000	7.9047
69.8500	0.0000	7.8257
69.9000	0.0000	7.7474
69.9500	0.0000	7.6700
70.0000	0.0000	7.5933
70.0500	0.0000	7.5173
70.1000	0.0000	7.4422
70.1500	0.0000	7.3677
70.2000	0.0000	7.2941
70.2500	0.0000	7.2211
70.3000	0.0000	7.1489
70.3500	0.0000	7.0774
70.4000	0.0000	7.0066
70.4500	0.0000	6.9366
70.5000	0.0000	6.8672
70.5500	0.0000	6.7985
70.6000	0.0000	6.7306
70.6500	0.0000	6.6633
70.7000	0.0000	6.5966
70.7500	0.0000	6.5307
70.8000	0.0000	6.4653
70.8500	0.0000	6.4007
70.9000	0.0000	6.3367
70.9500	0.0000	6.2733
71.0000	0.0000	6.2106
71.0500	0.0000	6.1485
71.1000	0.0000	6.0870
71.1500	0.0000	6.0261
71.2000	0.0000	5.9659
71.2500	0.0000	5.9062
71.3000	0.0000	5.8471
71.3500	0.0000	5.7887
71.4000	0.0000	5.7308
71.4500	0.0000	5.6735
71.5000	0.0000	5.6167
71.5500	0.0000	5.5606
71.6000	0.0000	5.5050
71.6500	0.0000	5.4499
71.7000	0.0000	5.3954
71.7500	0.0000	5.3415
71.8000	0.0000	5.2881
71.8500	0.0000	5.2352
71.9000	0.0000	5.1828
71.9500	0.0000	5.1310
72.0000	0.0000	5.0797
72.0500	0.0000	5.0289
72.1000	0.0000	4.9786
72.1500	0.0000	4.9288
72.2000	0.0000	4.8795
72.2500	0.0000	4.8307
72.3000	0.0000	4.7824
72.3500	0.0000	4.7346
72.4000	0.0000	4.6873
72.4500	0.0000	4.6404
72.5000	0.0000	4.5940
72.5500	0.0000	4.5480
72.6000	0.0000	4.5026
72.6500	0.0000	4.4575
72.7000	0.0000	4.4130
72.7500	0.0000	4.3688
72.8000	0.0000	4.3251
72.8500	0.0000	4.2819
72.9000	0.0000	4.2391
72.9500	0.0000	4.1967
73.0000	0.0000	4.1547
73.0500	0.0000	4.1132
73.1000	0.0000	4.0720
73.1500	0.0000	4.0313
73.2000	0.0000	3.9910
73.2500	0.0000	3.9511
73.3000	0.0000	3.9116
73.3500	0.0000	3.8725
73.4000	0.0000	3.8337
73.4500	0.0000	3.7954
73.5000	0.0000	3.7574
73.5500	0.0000	3.7199
73.6000	0.0000	3.6827
73.6500	0.0000	3.6458
73.7000	0.0000	3.6094
73.7500	0.0000	3.5733
73.8000	0.0000	3.5376
73.8500	0.0000	3.5022
73.9000	0.0000	3.4672
73.9500	0.0000	3.4325
74.0000	0.0000	3.3982
74.0500	0.0000	3.3642
74.1000	0.0000	3.3305
74.1500	0.0000	3.2972
74.2000	0.0000	3.2643
74.2500	0.0000	3.2316
74.3000	0.0000	3.1993
74.3500	0.0000	3.1673
74.4000	0.0000	3.1356
74.4500	0.0000	3.1043
74.5000	0.0000	3.0732
74.5500	0.0000	3.0425
74.6000	0.0000	3.0121
74.6500	0.0000	2.9820
74.7000	0.0000	2.9521
74.7500	0.0000	2.9226
74.8000	0.0000	2.8934
74.8500	0.0000	2.8645
74.9000	0.0000	2.8358
74.9500	0.0000	2.8075
75.0000	0.0000	2.7794
75.0500	0.0000	2.7516
75.1000	0.0000	2.7241
75.1500	0.0000	2.6968
75.2000	0.0000	2.6699
75.2500	0.0000	2.6432
75.3000	0.0000	2.6167
75.3500	0.0000	2.5906
75.4000	0.0000	2.5647
75.4500	0.0000	2.5390
75.5000	0.0000	2.5136
75.5500	0.0000	2.4885
75.6000	0.0000	2.4636
75.6500	0.0000	2.4390
75.7000	0.0000	2.4146
75.7500	0.0000	2.3904
75.8000	0.0000	2.3665
75.8500	0.0000	2.3429
75.9000	0.0000	2.3194
75.9500	0.0000	2.2962
76.0000	0.0000	2.2733
76.0500	0.0000	2.2505
76.1000	0.0000	2.2280
76.1500	0.0000	2.2058
76.2000	0.0000	2.1837
76.2500	0.0000	2.1619
76.3000	0.0000	2.1402
76.3500	0.0000	2.1188
76.4000	0.0000	2.0977
76.4500	0.0000	2.0767
76.5000	0.0000	2.0559
76.5500	0.0000	2.0354
76.6000	0.0000	2.0150
76.6500	0.0000	1.9948
76.7000	0.0000	1.9749
76.7500	0.0000	1.9551
76.8000	0.0000	1.9356
76.8500	0.0000	1.9162
76.9000	0.0000	1.8971
76.9500	0.0000	1.8781
77.0000	0.0000	1.8593
77.0500	0.0000	1.8407
77.1000	0.0000	1.8223
77.1500	0.0000	1.8041
77.2000	0.0000	1.7861
77.2500	0.0000	1.7682
77.3000	0.0000	1.7505
77.3500	0.0000	1.7330
77.4000	0.0000	1.7157
77.4500	0.0000	1.6985
77.5000	0.0000	1.6815
77.5500	0.0000	1.6647
77.6000	0.0000	1.6481
77.6500	0.0000	1.6316
77.7000	0.0000	1.6153
77.7500	0.0000	1.5991
77.8000	0.0000	1.5831
77.8500	0.0000	1.5673
77.9000	0.0000	1.5516
77.9500	0.0000	1.5361
78.0000	0.0000	1.5208
78.0500	0.0000	1.5055
78.1000	0.0000	1.4905
78.1500	0.0000	1.4756
78.2000	0.0000	1.4608
78.2500	0.0000	1.4462
78.3000	0.0000	1.4318
78.3500	0.0000	1.4174
78.4000	0.0000	1.4033
78.4500	0.0000	1.3892
78.5000	0.0000	1.3753
78.5500	0.0000	1.3616
78.6000	0.0001	1.3480
78.6500	0.0001	1.3345
78.7000	0.0001	1.3212
78.7500	0.0002	1.3079
78.8000	0.0002	1.2949
78.8500	0.0003	1.2819
78.9000	0.0004	1.2691
78.9500	0.0006	1.2564
79.0000	0.0009	1.2438
79.0500	0.0012	1.2314
79.1000	0.0017	1.2191
79.1500	0.0024	1.2069
79.2000	0.0033	1.1948
79.2500	0.0046	1.1829
79.3000	0.0064	1.1710
79.3500	0.0090	1.1593
79.4000	0.0125	1.1477
79.4500	0.0175	1.1363
79.5000	0.0245	1.1249
79.5500	0.0342	1.1137
79.6000	0.0477	1.1025
79.6500	0.0667	1.0915
79.7000	0.0932	1.0806
79.7500	0.1302	1.0698
79.8000	0.1820	1.0591
79.8500	0.2543	1.0485
79.9000	0.3554	1.0380
79.9500	0.4966	1.0276
80.0000	0.6939	1.0174
80.0500	0.9697	1.0072
80.1000	1.3552	0.9971
80.1500	1.8939	0.9872
80.2000	2.6468	0.9773
80.2500	3.6990	0.9676
80.3000	5.1697	0.9579
80.3500	7.2252	0.9484
80.4000	10.0982	0.9390
80.4500	14.1137	0.9297
80.5000	19.7264	0.9205
80.5500	27.5716	0.9115
80.6000	38.5374	0.9026
80.6500	53.8654	0.8940
80.7000	75.2911	0.8855
80.7500	105.2409	0.8773
80.8000	147.1064	0.8695
80.8500	205.6292	0.8621
80.9000	287.4378	0.8552
80.9500	401.7983	0.8491
81.0000	561.6647	0.8440
81.0500	785.1454	0.8403
81.1000	1097.5542	0.8385
81.1500	1534.2750	0.8393
81.2000	2144.7656	0.8438
81.2500	2998.1473	0.8535
81.3000	4191.0090	0.8705
81.3500	5858.2915	0.8983
81.4000	8188.4516	0.9420
81.4500	11444.5491	1.0097
81.5000	15993.4806	1.1151
81.5500	22346.2858	1.2823
81.6000	31213.1619	1.5561
81.6500	43577.0030	2.0262
81.7000	60787.0658	2.8889
81.7500	84662.8753	4.6161
81.8000	117551.0027	8.4780
81.8500	162079.9127	18.3592
81.9000	219472.7433	47.9321
81.9500	280962.3544	152.6507
82.0000	286124.5135	580.0154
82.0500	-14317.2198	2233.7814
82.1000	59909.7396	1891.6282
82.1500	-199443.7419	3005.9814
82.2000	1219589.2055	-3019.3202
82.2500	10913250.6819	-39812.4302
82.3000	1101486127.7087	-4384244.6129
82.3500	12074503634512.7227	-48296186617.9025
82.4000	1457881219031725506560.0000	-5831524856322907136.0000
82.4500	21254176415874620908724983089466441728.0000	-85016705663498479355255307257249792.0000
82.5000	4517400151171209732931341047269265818860291678361762827239227085815808.0000	-18069600604684840176877991142611760691598126273073262999182445117440.0000
82.5500	204069041258016719172210151671332318816720909401749883819877193158144645398771572580704197892795262655606057935178657107570627461513216.0000	-816276165032066911993038158654782649468903567335677504630955158969618796076757180526983498832681758449606796117599042593021189160960.0000
82.6000	416441735999661371051527248615866923957835415583323870172841422459153989731680288569396888174087706275178736284648498070558171857816135348159826285063507259905206951574450495910503770654703263881898407903615757033754416732167755214038788576836212662172186939752448.0000	-1665766943998645365343470660949224415772912250108624010410709945964278800600391823396706671104707585630540990300048488791238630614127031318238271724666283945000358395507310394599323862978528451392920427233935880633630914013712718343748071466881246776350031740928.0000
82.6500	inf	-inf
82.7000	inf	-nan
82.7500	-nan	-nan
82.8000	-nan	-nan
82.8500	-nan	-nan
82.9000	-nan	-nan
82.9500	-nan	-nan
83.0000	-nan	-nan
83.0500	-nan	-nan
83.1000	-nan	-nan
83.1500	-nan	-nan
83.2000	-nan	-nan
83.2500	-nan	-nan
83.3000	-nan	-nan
83.3500	-nan	-nan
83.4000	-nan	-nan
83.4500	-nan	-nan
83.5000	-nan	-nan
83.5500	-nan	-nan
83.6000	-nan	-nan
83.6500	-nan	-nan
83.7000	-nan	-nan
83.7500	-nan	-nan
83.8000	-nan	-nan
83.8500	-nan	-nan
83.9000	-nan	-nan
83.9500	-nan	-nan
84.0000	-nan	-nan
84.0500	-nan	-nan
84.1000	-nan	-nan
84.1500	-nan	-nan
84.2000	-nan	-nan
84.2500	-nan	-nan
84.3000	-nan	-nan
84.3500	-nan	-nan
84.4000	-nan	-nan
84.4500	-nan	-nan
84.5000	-nan	-nan
84.5500	-nan	-nan
84.6000	-nan	-nan
84.6500	-nan	-nan
84.7000	-nan	-nan
84.7500	-nan	-nan
84.8000	-nan	-nan
84.8500	-nan	-nan
84.9000	-nan	-nan
84.9500	-nan	-nan
85.0000	-nan	-nan
85.0500	-nan	-nan
85.1000	-nan	-nan
85.1500	-nan	-nan
85.2000	-nan	-nan
85.2500	-nan	-nan
85.3000	-nan	-nan
85.3500	-nan	-nan
85.4000	-nan	-nan
85.4500	-nan	-nan
85.5000	-nan	-nan
85.5500	-nan	-nan
85.6000	-nan	-nan
85.6500	-nan	-nan
85.7000	-nan	-nan
85.7500	-nan	-nan
85.8000	-nan	-nan
85.8500	-nan	-nan
85.9000	-nan	-nan
85.9500	-nan	-nan
86.0000	-nan	-nan
86.0500	-nan	-nan
86.1000	-nan	-nan
86.1500	-nan	-nan
86.2000	-nan	-nan
86.2500	-nan	-nan
86.3000	-nan	-nan
86.3500	-nan	-nan
86.4000	-nan	-nan
86.4500	-nan	-nan
86.5000	-nan	-nan
86.5500	-nan	-nan
86.6000	-nan	-nan
86.6500	-nan	-nan
86.7000	-nan	-nan
86.7500	-nan	-nan
86.8000	-nan	-nan
86.8500	-nan	-nan
86.9000	-nan	-nan
86.9500	-nan	-nan
87.0000	-nan	-nan
87.0500	-nan	-nan
87.1000	-nan	-nan
87.1500	-nan	-nan
87.2000	-nan	-nan
87.2500	-nan	-nan
87.3000	-nan	-nan
87.3500	-nan	-nan
87.4000	-nan	-nan
87.4500	-nan	-nan
87.5000	-nan	-nan
87.5500	-nan	-nan
87.6000	-nan	-nan
87.6500	-nan	-nan
87.7000	-nan	-nan
87.7500	-nan	-nan
87.8000	-nan	-nan
87.8500	-nan	-nan
87.9000	-nan	-nan
87.9500	-nan	-nan
88.0000	-nan	-nan
88.0500	-nan	-nan
88.1000	-nan	-nan
88.1500	-nan	-nan
88.2000	-nan	-nan
88.2500	-nan	-nan
88.3000	-nan	-nan
88.3500	-nan	-nan
88.4000	-nan	-nan
88.4500	-nan	-nan
88.5000	-nan	-nan
88.5500	-nan	-nan
88.6000	-nan	-nan
88.6500	-nan	-nan
88.7000	-nan	-nan
88.7500	-nan	-nan
88.8000	-nan	-nan
88.8500	-nan	-nan
88.9000	-nan	-nan
88.9500	-nan	-nan
89.0000	-nan	-nan
89.0500	-nan	-nan
89.1000	-nan	-nan
89.1500	-nan	-nan
89.2000	-nan	-nan
89.2500	-nan	-nan
89.3000	-nan	-nan
89.3500	-nan	-nan
89.4000	-nan	-nan
89.4500	-nan	-nan
89.5000	-nan	-nan
89.5500	-nan	-nan
89.6000	-nan	-nan
89.6500	-nan	-nan
89.7000	-nan	-nan
89.7500	-nan	-nan
89.8000	-nan	-nan
89.8500	-nan	-nan
89.9000	-nan	-nan
89.9500	-nan	-nan
90.0000	-nan	-nan
90.0500	-nan	-nan
90.1000	-nan	-nan
90.1500	-nan	-nan
90.2000	-nan	-nan
90.2500	-nan	-nan
90.3000	-nan	-nan
90.3500	-nan	-nan
90.4000	-nan	-nan
90.4500	-nan	-nan
90.5000	-nan	-nan
90.5500	-nan	-nan
90.6000	-nan	-nan
90.6500	-nan	-nan
90.7000	-nan	-nan
90.7500	-nan	-nan
90.8000	-nan	-nan
90.8500	-nan	-nan
90.9000	-nan	-nan
90.9500	-nan	-nan
91.0000	-nan	-nan
91.0500	-nan	-nan
91.1000	-nan	-nan
91.1500	-nan	-nan
91.2000	-nan	-nan
91.2500	-nan	-nan
91.3000	-nan	-nan
91.3500	-nan	-nan
91.4000	-nan	-nan
91.4500	-nan	-nan
91.5000	-nan	-nan
91.5500	-nan	-nan
91.6000	-nan	-nan
91.6500	-nan	-nan
91.7000	-nan	-nan
91.7500	-nan	-nan
91.8000	-nan	-nan
91.8500	-nan	-nan
91.9000	-nan	-nan
91.9500	-nan	-nan
92.0000	-nan	-nan
92.0500	-nan	-nan
92.1000	-nan	-nan
92.1500	-nan	-nan
92.2000	-nan	-nan
92.2500	-nan	-nan
92.3000	-nan	-nan
92.3500	-nan	-nan
92.4000	-nan	-nan
92.4500	-nan	-nan
92.5000	-nan	-nan
92.5500	-nan	-nan
92.6000	-nan	-nan
92.6500	-nan	-nan
92.7000	-nan	-nan
92.7500	-nan	-nan
92.8000	-nan	-nan
92.8500	-nan	-nan
92.9000	-nan	-nan
92.9500	-nan	-nan
93.0000	-nan	-nan
93.0500	-nan	-nan
93.1000	-nan	-nan
93.1500	-nan	-nan
93.2000	-nan	-nan
93.2500	-nan	-nan
93.3000	-nan	-nan
93.3500	-nan	-nan
93.4000	-nan	-nan
93.4500	-nan	-nan
93.5000	-nan	-nan
93.5500	-nan	-nan
93.6000	-nan	-nan
93.6500	-nan	-nan
93.7000	-nan	-nan
93.7500	-nan	-nan
93.8000	-nan	-nan
93.8500	-nan	-nan
93.9000	-nan	-nan
93.9500	-nan	-nan
94.0000	-nan	-nan
94.0500	-nan	-nan
94.1000	-nan	-nan
94.1500	-nan	-nan
94.2000	-nan	-nan
94.2500	-nan	-nan
94.3000	-nan	-nan
94.3500	-nan	-nan
94.4000	-nan	-nan
94.4500	-nan	-nan
94.5000	-nan	-nan
94.5500	-nan	-nan
94.6000	-nan	-nan
94.6500	-nan	-nan
94.7000	-nan	-nan
94.7500	-nan	-nan
94.8000	-nan	-nan
94.8500	-nan	-nan
94.9000	-nan	-nan
94.9500	-nan	-nan
95.0000	-nan	-nan
95.0500	-nan	-nan
95.1000	-nan	-nan
95.1500	-nan	-nan
95.2000	-nan	-nan
95.2500	-nan	-nan
95.3000	-nan	-nan
95.3500	-nan	-nan
95.4000	-nan	-nan
95.4500	-nan	-nan
95.5000	-nan	-nan
95.5500	-nan	-nan
95.6000	-nan	-nan
95.6500	-nan	-nan
95.7000	-nan	-nan
95.7500	-nan	-nan
95.8000	-nan	-nan
95.8500	-nan	-nan
95.9000	-nan	-nan
95.9500	-nan	-nan
96.0000	-nan	-nan
96.0500	-nan	-nan
96.1000	-nan	-nan
96.1500	-nan	-nan
96.2000	-nan	-nan
96.2500	-nan	-nan
96.3000	-nan	-nan
96.3500	-nan	-nan
96.4000	-nan	-nan
96.4500	-nan	-nan
96.5000	-nan	-nan
96.5500	-nan	-nan
96.6000	-nan	-nan
96.6500	-nan	-nan
96.7000	-nan	-nan
96.7500	-nan	-nan
96.8000	-nan	-nan
96.8500	-nan	-nan
96.9000	-nan	-nan
96.9500	-nan	-nan
97.0000	-nan	-nan
97.0500	-nan	-nan
97.1000	-nan	-nan
97.1500	-nan	-nan
97.2000	-nan	-nan
97.2500	-nan	-nan
97.3000	-nan	-nan
97.3500	-nan	-nan
97.4000	-nan	-nan
97.4500	-nan	-nan
97.5000	-nan	-nan
97.5500	-nan	-nan
97.6000	-nan	-nan
97.6500	-nan	-nan
97.7000	-nan	-nan
97.7500	-nan	-nan
97.8000	-nan	-nan
97.8500	-nan	-nan
97.9000	-nan	-nan
97.9500	-nan	-nan
98.0000	-nan	-nan
98.0500	-nan	-nan
98.1000	-nan	-nan
98.1500	-nan	-nan
98.2000	-nan	-nan
98.2500	-nan	-nan
98.3000	-nan	-nan
98.3500	-nan	-nan
98.4000	-nan	-nan
98.4500	-nan	-nan
98.5000	-nan	-nan
98.5500	-nan	-nan
98.6000	-nan	-nan
98.6500	-nan	-nan
98.7000	-nan	-nan
98.7500	-nan	-nan
98.8000	-nan	-nan
98.8500	-nan	-nan
98.9000	-nan	-nan
98.9500	-nan	-nan
99.0000	-nan	-nan
99.0500	-nan	-nan
99.1000	-nan	-nan
99.1500	-nan	-nan
99.2000	-nan	-nan
99.2500	-nan	-nan
99.3000	-nan	-nan
99.3500	-nan	-nan
99.4000	-nan	-nan
99.4500	-nan	-nan
99.5000	-nan	-nan
99.5500	-nan	-nan
99.6000	-nan	-nan
99.6500	-nan	-nan
99.7000	-nan	-nan
99.7500	-nan	-nan
99.8000	-nan	-nan
99.8500	-nan	-nan
99.9000	-nan	-nan
99.9500	-nan	-nan
100.0000	-nan	-nan
