	0	5e+06	1125
	1	4.9956e+06	1149.46
	2	4.99408e+06	469.971
	3	4.99263e+06	480.376
	4	4.99122e+06	491.006
	5	4.98986e+06	501.864
	6	4.98855e+06	512.956
	7	4.98728e+06	524.287
	8	4.98605e+06	535.861
	9	4.98485e+06	547.684
	10	4.98368e+06	559.76
	11	4.98254e+06	572.096
	12	4.98142e+06	584.696
	13	4.98033e+06	597.565
	14	4.97925e+06	610.711
	15	4.9782e+06	624.137
	16	4.97715e+06	637.85
	17	4.97613e+06	651.856
	18	4.97511e+06	666.16
	19	4.9741e+06	680.77
	20	4.9731e+06	695.69
	21	4.9721e+06	710.928
	22	4.97111e+06	726.489
	23	4.97012e+06	742.38
	24	4.96913e+06	758.608
	25	4.96814e+06	775.179
	26	4.96715e+06	792.101
	27	4.96615e+06	809.38
	28	4.96515e+06	827.024
	29	4.96415e+06	845.039
	30	4.96314e+06	863.433
	31	4.96212e+06	882.213
	32	4.96109e+06	901.387
	33	4.96006e+06	920.962
	34	4.95901e+06	940.947
	35	4.95795e+06	961.349
	36	4.95688e+06	982.176
	37	4.95579e+06	1003.44
	38	4.95469e+06	1025.14
	39	4.95358e+06	1047.29
	40	4.95245e+06	1069.9
	41	4.9513e+06	1092.98
	42	4.95013e+06	1116.53
	43	4.94895e+06	1140.57
	44	4.94774e+06	1165.1
	45	4.94652e+06	1190.14
	46	4.94528e+06	1215.69
	47	4.94401e+06	1241.76
	48	4.94272e+06	1268.36
	49	4.94141e+06	1295.5
	50	4.94008e+06	1323.19
	51	4.93872e+06	1351.45
	52	4.93734e+06	1380.27
	53	4.93593e+06	1409.67
	54	4.93449e+06	1439.67
	55	4.93303e+06	1470.27
	56	4.93154e+06	1501.47
	57	4.93002e+06	1533.3
	58	4.92847e+06	1565.77
	59	4.9269e+06	1598.88
	60	4.92529e+06	1632.64
	61	4.92365e+06	1667.07
	62	4.92198e+06	1702.17
	63	4.92027e+06	1737.96
	64	4.91853e+06	1774.46
	65	4.91676e+06	1811.66
	66	4.91495e+06	1849.59
	67	4.91311e+06	1888.25
	68	4.91123e+06	1927.65
	69	4.90931e+06	1967.81
	70	4.90736e+06	2008.75
	71	4.90537e+06	2050.46
	72	4.90334e+06	2092.97
	73	4.90126e+06	2136.28
	74	4.89915e+06	2180.41
	75	4.89699e+06	2225.37
	76	4.8948e+06	2271.17
	77	4.89256e+06	2317.82
	78	4.89027e+06	2365.34
	79	4.88794e+06	2413.73
	80	4.88557e+06	2463.02
	81	4.88315e+06	2513.21
	82	4.88068e+06	2564.32
	83	4.87816e+06	2616.35
	84	4.8756e+06	2669.32
	85	4.87298e+06	2723.24
	86	4.87032e+06	2778.12
	87	4.8676e+06	2833.98
	88	4.86483e+06	2890.83
	89	4.86201e+06	2948.68
	90	4.85913e+06	3007.54
	91	4.8562e+06	3067.42
	92	4.85321e+06	3128.33
	93	4.85017e+06	3190.29
	94	4.84707e+06	3253.31
	95	4.84391e+06	3317.4
	96	4.84069e+06	3382.57
	97	4.83741e+06	3448.82
	98	4.83407e+06	3516.18
	99	4.83067e+06	3584.65
	100	4.82721e+06	3654.25
	101	4.82368e+06	3724.97
	102	4.82009e+06	3796.83
	103	4.81643e+06	3869.85
	104	4.81271e+06	3944.03
	105	4.80892e+06	4019.37
	106	4.80506e+06	4095.9
	107	4.80113e+06	4173.61
	108	4.79713e+06	4252.51
	109	4.79306e+06	4332.62
	110	4.78892e+06	4413.93
	111	4.7847e+06	4496.46
	112	4.78042e+06	4580.21
	113	4.77605e+06	4665.18
	114	4.77162e+06	4751.39
	115	4.7671e+06	4838.84
	116	4.76251e+06	4927.53
	117	4.75784e+06	5017.47
	118	4.7531e+06	5108.65
	119	4.74827e+06	5201.09
	120	4.74336e+06	5294.78
	121	4.73837e+06	5389.72
	122	4.7333e+06	5485.92
	123	4.72815e+06	5583.38
	124	4.72291e+06	5682.09
	125	4.71759e+06	5782.06
	126	4.71218e+06	5883.28
	127	4.70669e+06	5985.76
	128	4.70111e+06	6089.48
	129	4.69544e+06	6194.44
	130	4.68969e+06	6300.64
	131	4.68384e+06	6408.08
	132	4.67791e+06	6516.74
	133	4.67189e+06	6626.62
	134	4.66578e+06	6737.71
	135	4.65957e+06	6850.01
	136	4.65328e+06	6963.5
	137	4.64689e+06	7078.17
	138	4.64041e+06	7194.01
	139	4.63383e+06	7311.01
	140	4.62717e+06	7429.15
	141	4.6204e+06	7548.43
	142	4.61355e+06	7668.82
	143	4.6066e+06	7790.31
	144	4.59955e+06	7912.88
	145	4.59241e+06	8036.52
	146	4.58518e+06	8161.2
	147	4.57784e+06	8286.91
	148	4.57042e+06	8413.62
	149	4.56289e+06	8541.32
	150	4.55527e+06	8669.98
	151	4.54755e+06	8799.57
	152	4.53974e+06	8930.07
	153	4.53183e+06	9061.46
	154	4.52383e+06	9193.72
	155	4.51573e+06	9326.8
	156	4.50753e+06	9460.69
	157	4.49924e+06	9595.35
	158	4.49085e+06	9730.76
	159	4.48236e+06	9866.88
	160	4.47379e+06	10003.7
	161	4.46511e+06	10141.1
	162	4.45635e+06	10279.2
	163	4.44748e+06	10417.9
	164	4.43853e+06	10557.1
	165	4.42948e+06	10696.8
	166	4.42035e+06	10836.9
	167	4.41112e+06	10977.6
	168	4.4018e+06	11118.6
	169	4.39239e+06	11260
	170	4.38289e+06	11401.7
	171	4.3733e+06	11543.7
	172	4.36362e+06	11685.9
	173	4.35386e+06	11828.3
	174	4.34402e+06	11970.9
	175	4.33409e+06	12113.6
	176	4.32407e+06	12256.4
	177	4.31397e+06	12399.3
	178	4.3038e+06	12542.1
	179	4.29354e+06	12684.9
	180	4.2832e+06	12827.5
	181	4.27279e+06	12970.1
	182	4.2623e+06	13112.4
	183	4.25174e+06	13254.6
	184	4.2411e+06	13396.5
	185	4.2304e+06	13538
	186	4.21962e+06	13679.3
	187	4.20877e+06	13820.1
	188	4.19786e+06	13960.5
	189	4.18689e+06	14100.4
	190	4.17584e+06	14239.8
	191	4.16474e+06	14378.6
	192	4.15358e+06	14516.8
	193	4.14236e+06	14654.4
	194	4.13108e+06	14791.3
	195	4.11975e+06	14927.4
	196	4.10837e+06	15062.8
	197	4.09693e+06	15197.4
	198	4.08545e+06	15331.1
	199	4.07392e+06	15463.9
	200	4.06235e+06	15595.8
	201	4.05073e+06	15726.8
	202	4.03907e+06	15856.8
	203	4.02738e+06	15985.7
	204	4.01565e+06	16113.5
	205	4.00388e+06	16240.3
	206	3.99208e+06	16365.9
	207	3.98025e+06	16490.3
	208	3.96839e+06	16613.6
	209	3.95651e+06	16735.6
	210	3.94461e+06	16856.4
	211	3.93268e+06	16975.9
	212	3.92073e+06	17094
	213	3.90877e+06	17210.8
	214	3.89679e+06	17326.3
	215	3.8848e+06	17440.4
	216	3.8728e+06	17553
	217	3.86079e+06	17664.2
	218	3.84877e+06	17774
	219	3.83675e+06	17882.3
	220	3.82473e+06	17989.1
	221	3.81271e+06	18094.4
	222	3.80069e+06	18198.1
	223	3.78867e+06	18300.3
	224	3.77667e+06	18400.9
	225	3.76467e+06	18500
	226	3.75269e+06	18597.5
	227	3.74071e+06	18693.4
	228	3.72876e+06	18787.6
	229	3.71682e+06	18880.3
	230	3.7049e+06	18971.3
	231	3.693e+06	19060.7
	232	3.68113e+06	19148.5
	233	3.66928e+06	19234.6
	234	3.65746e+06	19319.1
	235	3.64567e+06	19401.9
	236	3.63391e+06	19483.1
	237	3.62218e+06	19562.6
	238	3.61049e+06	19640.5
	239	3.59884e+06	19716.7
	240	3.58723e+06	19791.3
	241	3.57566e+06	19864.2
	242	3.56413e+06	19935.5
	243	3.55264e+06	20005.1
	244	3.54121e+06	20073.2
	245	3.52982e+06	20139.6
	246	3.51848e+06	20204.3
	247	3.50719e+06	20267.5
	248	3.49595e+06	20329
	249	3.48477e+06	20389
	250	3.47365e+06	20447.4
	251	3.46258e+06	20504.2
	252	3.45157e+06	20559.4
	253	3.44062e+06	20613.1
	254	3.42974e+06	20665.3
	255	3.41892e+06	20715.9
	256	3.40816e+06	20765
	257	3.39747e+06	20812.7
	258	3.38685e+06	20858.8
	259	3.3763e+06	20903.5
	260	3.36581e+06	20946.7
	261	3.3554e+06	20988.5
	262	3.34506e+06	21028.9
	263	3.33479e+06	21067.8
	264	3.3246e+06	21105.4
	265	3.31448e+06	21141.6
	266	3.30444e+06	21176.5
	267	3.29448e+06	21210
	268	3.2846e+06	21242.2
	269	3.27479e+06	21273.1
	270	3.26507e+06	21302.8
	271	3.25543e+06	21331.1
	272	3.24587e+06	21358.3
	273	3.2364e+06	21384.2
	274	3.227e+06	21408.9
	275	3.2177e+06	21432.5
	276	3.20848e+06	21454.8
	277	3.19934e+06	21476.1
	278	3.19029e+06	21496.2
	279	3.18133e+06	21515.2
	280	3.17246e+06	21533.1
	281	3.16367e+06	21550
	282	3.15498e+06	21565.8
	283	3.14638e+06	21580.6
	284	3.13786e+06	21594.4
	285	3.12944e+06	21607.2
	286	3.1211e+06	21619.1
	287	3.11286e+06	21630
	288	3.10472e+06	21640
	289	3.09666e+06	21649.1
	290	3.0887e+06	21657.3
	291	3.08083e+06	21664.6
	292	3.07305e+06	21671.1
	293	3.06537e+06	21676.8
	294	3.05778e+06	21681.7
	295	3.05028e+06	21685.8
	296	3.04288e+06	21689.1
	297	3.03558e+06	21691.7
	298	3.02837e+06	21693.5
	299	3.02125e+06	21694.6
	300	3.01423e+06	21695.1
	301	3.00731e+06	21694.8
	302	3.00048e+06	21693.9
	303	2.99374e+06	21692.4
	304	2.9871e+06	21690.3
	305	2.98056e+06	21687.5
	306	2.97411e+06	21684.2
	307	2.96776e+06	21680.3
	308	2.9615e+06	21675.8
	309	2.95534e+06	21670.8
	310	2.94927e+06	21665.3
	311	2.9433e+06	21659.3
	312	2.93743e+06	21652.8
	313	2.93164e+06	21645.9
	314	2.92596e+06	21638.5
	315	2.92036e+06	21630.6
	316	2.91487e+06	21622.3
	317	2.90946e+06	21613.7
	318	2.90415e+06	21604.6
	319	2.89894e+06	21595.1
	320	2.89381e+06	21585.3
	321	2.88879e+06	21575.2
	322	2.88385e+06	21564.7
	323	2.87901e+06	21553.8
	324	2.87425e+06	21542.7
	325	2.8696e+06	21531.3
	326	2.86503e+06	21519.6
	327	2.86055e+06	21507.6
	328	2.85617e+06	21495.4
	329	2.85187e+06	21482.9
	330	2.84767e+06	21470.2
	331	2.84355e+06	21457.3
	332	2.83953e+06	21444.1
	333	2.83559e+06	21430.8
	334	2.83175e+06	21417.3
	335	2.82799e+06	21403.6
	336	2.82432e+06	21389.8
	337	2.82073e+06	21375.8
	338	2.81723e+06	21361.6
	339	2.81382e+06	21347.4
	340	2.81049e+06	21333
	341	2.80725e+06	21318.5
	342	2.8041e+06	21303.9
	343	2.80102e+06	21289.2
	344	2.79803e+06	21274.4
	345	2.79513e+06	21259.5
	346	2.7923e+06	21244.6
	347	2.78956e+06	21229.6
	348	2.78689e+06	21214.6
	349	2.78431e+06	21199.5
	350	2.78181e+06	21184.4
	351	2.77938e+06	21169.3
	352	2.77704e+06	21154.2
	353	2.77477e+06	21139
	354	2.77258e+06	21123.9
	355	2.77047e+06	21108.8
	356	2.76843e+06	21093.6
	357	2.76646e+06	21078.5
	358	2.76457e+06	21063.4
	359	2.76275e+06	21048.4
	360	2.76101e+06	21033.4
	361	2.75934e+06	21018.4
	362	2.75773e+06	21003.5
	363	2.7562e+06	20988.7
	364	2.75474e+06	20973.9
	365	2.75335e+06	20959.2
	366	2.75202e+06	20944.5
	367	2.75077e+06	20929.9
	368	2.74957e+06	20915.5
	369	2.74845e+06	20901.1
	370	2.74739e+06	20886.8
	371	2.74639e+06	20872.6
	372	2.74545e+06	20858.5
	373	2.74458e+06	20844.5
	374	2.74377e+06	20830.6
	375	2.74302e+06	20816.8
	376	2.74233e+06	20803.1
	377	2.74169e+06	20789.6
	378	2.74112e+06	20776.2
	379	2.7406e+06	20762.9
	380	2.74014e+06	20749.8
	381	2.73973e+06	20736.8
	382	2.73938e+06	20723.9
	383	2.73908e+06	20711.2
	384	2.73883e+06	20698.6
	385	2.73863e+06	20686.2
	386	2.73849e+06	20673.9
	387	2.73839e+06	20661.8
	388	2.73834e+06	20649.8
	389	2.73834e+06	20638
	390	2.73839e+06	20626.3
	391	2.73848e+06	20614.8
	392	2.73862e+06	20603.4
	393	2.73881e+06	20592.3
	394	2.73903e+06	20581.3
	395	2.7393e+06	20570.4
	396	2.73961e+06	20559.7
	397	2.73996e+06	20549.2
	398	2.74034e+06	20538.9
	399	2.74077e+06	20528.7
	400	2.74123e+06	20518.7
	401	2.74174e+06	20508.9
	402	2.74227e+06	20499.3
	403	2.74284e+06	20489.8
	404	2.74345e+06	20480.5
	405	2.74408e+06	20471.4
	406	2.74475e+06	20462.5
	407	2.74545e+06	20453.7
	408	2.74618e+06	20445.2
	409	2.74694e+06	20436.8
	410	2.74773e+06	20428.5
	411	2.74854e+06	20420.5
	412	2.74938e+06	20412.6
	413	2.75025e+06	20404.9
	414	2.75114e+06	20397.4
	415	2.75206e+06	20390.1
	416	2.75299e+06	20382.9
	417	2.75395e+06	20376
	418	2.75493e+06	20369.2
	419	2.75593e+06	20362.6
	420	2.75695e+06	20356.1
	421	2.75799e+06	20349.8
	422	2.75904e+06	20343.7
	423	2.76012e+06	20337.8
	424	2.7612e+06	20332.1
	425	2.76231e+06	20326.5
	426	2.76342e+06	20321.1
	427	2.76455e+06	20315.8
	428	2.7657e+06	20310.8
	429	2.76685e+06	20305.9
	430	2.76802e+06	20301.1
	431	2.76919e+06	20296.6
	432	2.77038e+06	20292.1
	433	2.77157e+06	20287.9
	434	2.77278e+06	20283.8
	435	2.77399e+06	20279.9
	436	2.7752e+06	20276.1
	437	2.77642e+06	20272.5
	438	2.77765e+06	20269.1
	439	2.77888e+06	20265.8
	440	2.78012e+06	20262.6
	441	2.78136e+06	20259.6
	442	2.7826e+06	20256.8
	443	2.78384e+06	20254.1
	444	2.78508e+06	20251.5
	445	2.78633e+06	20249.1
	446	2.78757e+06	20246.8
	447	2.78881e+06	20244.7
	448	2.79005e+06	20242.7
	449	2.79129e+06	20240.8
	450	2.79253e+06	20239.1
	451	2.79377e+06	20237.5
	452	2.795e+06	20236
	453	2.79622e+06	20234.7
	454	2.79745e+06	20233.5
	455	2.79866e+06	20232.4
	456	2.79987e+06	20231.4
	457	2.80108e+06	20230.6
	458	2.80228e+06	20229.9
	459	2.80347e+06	20229.3
	460	2.80466e+06	20228.8
	461	2.80583e+06	20228.4
	462	2.807e+06	20228.1
	463	2.80816e+06	20227.9
	464	2.80931e+06	20227.9
	465	2.81045e+06	20227.9
	466	2.81159e+06	20228.1
	467	2.81271e+06	20228.3
	468	2.81382e+06	20228.6
	469	2.81492e+06	20229.1
	470	2.81601e+06	20229.6
	471	2.81709e+06	20230.2
	472	2.81815e+06	20230.9
	473	2.81921e+06	20231.7
	474	2.82025e+06	20232.6
	475	2.82128e+06	20233.5
	476	2.82229e+06	20234.6
	477	2.8233e+06	20235.7
	478	2.82429e+06	20236.9
	479	2.82526e+06	20238.1
	480	2.82623e+06	20239.5
	481	2.82718e+06	20240.9
	482	2.82811e+06	20242.3
	483	2.82903e+06	20243.9
	484	2.82994e+06	20245.4
	485	2.83083e+06	20247.1
	486	2.83171e+06	20248.8
	487	2.83258e+06	20250.6
	488	2.83343e+06	20252.4
	489	2.83426e+06	20254.3
	490	2.83508e+06	20256.2
	491	2.83588e+06	20258.2
	492	2.83667e+06	20260.2
	493	2.83744e+06	20262.3
	494	2.8382e+06	20264.4
	495	2.83895e+06	20266.6
	496	2.83967e+06	20268.8
	497	2.84039e+06	20271
	498	2.84108e+06	20273.3
	499	2.84176e+06	20275.6
	500	2.84243e+06	20277.9
	501	2.84308e+06	20280.3
	502	2.84372e+06	20282.7
	503	2.84434e+06	20285.1
	504	2.84494e+06	20287.5
	505	2.84553e+06	20290
	506	2.8461e+06	20292.5
	507	2.84666e+06	20295
	508	2.84721e+06	20297.5
	509	2.84773e+06	20300
	510	2.84825e+06	20302.6
	511	2.84875e+06	20305.2
	512	2.84923e+06	20307.8
	513	2.8497e+06	20310.4
	514	2.85015e+06	20313
	515	2.85059e+06	20315.6
	516	2.85102e+06	20318.2
	517	2.85143e+06	20320.8
	518	2.85182e+06	20323.5
	519	2.85221e+06	20326.1
	520	2.85257e+06	20328.7
	521	2.85293e+06	20331.4
	522	2.85327e+06	20334
	523	2.8536e+06	20336.6
	524	2.85391e+06	20339.2
	525	2.85421e+06	20341.9
	526	2.85449e+06	20344.5
	527	2.85477e+06	20347.1
	528	2.85503e+06	20349.7
	529	2.85528e+06	20352.3
	530	2.85551e+06	20354.8
	531	2.85573e+06	20357.4
	532	2.85594e+06	20360
	533	2.85614e+06	20362.5
	534	2.85633e+06	20365
	535	2.8565e+06	20367.6
	536	2.85667e+06	20370
	537	2.85682e+06	20372.5
	538	2.85696e+06	20375
	539	2.85709e+06	20377.4
	540	2.8572e+06	20379.9
	541	2.85731e+06	20382.3
	542	2.85741e+06	20384.7
	543	2.85749e+06	20387
	544	2.85757e+06	20389.4
	545	2.85764e+06	20391.7
	546	2.85769e+06	20394
	547	2.85774e+06	20396.2
	548	2.85778e+06	20398.5
	549	2.85781e+06	20400.7
	550	2.85782e+06	20402.9
	551	2.85783e+06	20405.1
	552	2.85784e+06	20407.2
	553	2.85783e+06	20409.3
	554	2.85781e+06	20411.4
	555	2.85779e+06	20413.5
	556	2.85776e+06	20415.5
	557	2.85772e+06	20417.5
	558	2.85767e+06	20419.5
	559	2.85762e+06	20421.5
	560	2.85756e+06	20423.4
	561	2.85749e+06	20425.3
	562	2.85741e+06	20427.1
	563	2.85733e+06	20429
	564	2.85724e+06	20430.8
	565	2.85715e+06	20432.5
	566	2.85705e+06	20434.3
	567	2.85694e+06	20436
	568	2.85683e+06	20437.6
	569	2.85671e+06	20439.3
	570	2.85659e+06	20440.9
	571	2.85646e+06	20442.5
	572	2.85633e+06	20444
	573	2.85619e+06	20445.6
	574	2.85605e+06	20447
	575	2.8559e+06	20448.5
	576	2.85575e+06	20449.9
	577	2.85559e+06	20451.3
	578	2.85543e+06	20452.7
	579	2.85527e+06	20454
	580	2.8551e+06	20455.3
	581	2.85493e+06	20456.6
	582	2.85476e+06	20457.8
	583	2.85458e+06	20459
	584	2.8544e+06	20460.2
	585	2.85422e+06	20461.3
	586	2.85403e+06	20462.4
	587	2.85384e+06	20463.5
	588	2.85365e+06	20464.5
	589	2.85346e+06	20465.6
	590	2.85326e+06	20466.5
	591	2.85306e+06	20467.5
	592	2.85286e+06	20468.4
	593	2.85266e+06	20469.3
	594	2.85246e+06	20470.2
	595	2.85226e+06	20471
	596	2.85205e+06	20471.8
	597	2.85184e+06	20472.6
	598	2.85163e+06	20473.4
	599	2.85142e+06	20474.1
	600	2.85121e+06	20474.8
	601	2.851e+06	20475.5
	602	2.85079e+06	20476.1
	603	2.85058e+06	20476.7
	604	2.85037e+06	20477.3
	605	2.85016e+06	20477.9
	606	2.84994e+06	20478.4
	607	2.84973e+06	20478.9
	608	2.84952e+06	20479.4
	609	2.8493e+06	20479.8
	610	2.84909e+06	20480.3
	611	2.84888e+06	20480.7
	612	2.84867e+06	20481.1
	613	2.84845e+06	20481.4
	614	2.84824e+06	20481.8
	615	2.84803e+06	20482.1
	616	2.84782e+06	20482.4
	617	2.84761e+06	20482.6
	618	2.84741e+06	20482.9
	619	2.8472e+06	20483.1
	620	2.84699e+06	20483.3
	621	2.84679e+06	20483.5
	622	2.84659e+06	20483.6
	623	2.84638e+06	20483.8
	624	2.84618e+06	20483.9
	625	2.84598e+06	20484
	626	2.84579e+06	20484.1
	627	2.84559e+06	20484.1
	628	2.8454e+06	20484.2
	629	2.8452e+06	20484.2
	630	2.84501e+06	20484.2
	631	2.84482e+06	20484.2
	632	2.84463e+06	20484.2
	633	2.84445e+06	20484.1
	634	2.84426e+06	20484.1
	635	2.84408e+06	20484
	636	2.8439e+06	20483.9
	637	2.84372e+06	20483.8
	638	2.84355e+06	20483.7
	639	2.84337e+06	20483.5
	640	2.8432e+06	20483.4
	641	2.84303e+06	20483.2
	642	2.84286e+06	20483
	643	2.8427e+06	20482.9
	644	2.84254e+06	20482.7
	645	2.84238e+06	20482.4
	646	2.84222e+06	20482.2
	647	2.84206e+06	20482
	648	2.84191e+06	20481.7
	649	2.84176e+06	20481.5
	650	2.84161e+06	20481.2
	651	2.84146e+06	20480.9
	652	2.84132e+06	20480.6
	653	2.84118e+06	20480.3
	654	2.84104e+06	20480
	655	2.8409e+06	20479.7
	656	2.84077e+06	20479.4
	657	2.84064e+06	20479.1
	658	2.84051e+06	20478.7
	659	2.84038e+06	20478.4
	660	2.84026e+06	20478
	661	2.84014e+06	20477.7
	662	2.84002e+06	20477.3
	663	2.8399e+06	20476.9
	664	2.83979e+06	20476.6
	665	2.83968e+06	20476.2
	666	2.83957e+06	20475.8
	667	2.83946e+06	20475.4
	668	2.83936e+06	20475
	669	2.83926e+06	20474.6
	670	2.83916e+06	20474.2
	671	2.83906e+06	20473.8
	672	2.83897e+06	20473.4
	673	2.83888e+06	20473
	674	2.83879e+06	20472.5
	675	2.83871e+06	20472.1
	676	2.83862e+06	20471.7
	677	2.83854e+06	20471.3
	678	2.83846e+06	20470.8
	679	2.83839e+06	20470.4
	680	2.83831e+06	20470
	681	2.83824e+06	20469.5
	682	2.83817e+06	20469.1
	683	2.83811e+06	20468.7
	684	2.83804e+06	20468.2
	685	2.83798e+06	20467.8
	686	2.83792e+06	20467.4
	687	2.83786e+06	20466.9
	688	2.83781e+06	20466.5
	689	2.83775e+06	20466.1
	690	2.8377e+06	20465.6
	691	2.83765e+06	20465.2
	692	2.83761e+06	20464.8
	693	2.83756e+06	20464.4
	694	2.83752e+06	20463.9
	695	2.83748e+06	20463.5
	696	2.83744e+06	20463.1
	697	2.83741e+06	20462.7
	698	2.83737e+06	20462.2
	699	2.83734e+06	20461.8
	700	2.83731e+06	20461.4
	701	2.83728e+06	20461
	702	2.83725e+06	20460.6
	703	2.83723e+06	20460.2
	704	2.83721e+06	20459.8
	705	2.83719e+06	20459.4
	706	2.83717e+06	20459
	707	2.83715e+06	20458.6
	708	2.83713e+06	20458.2
	709	2.83712e+06	20457.8
	710	2.83711e+06	20457.4
	711	2.8371e+06	20457
	712	2.83709e+06	20456.7
	713	2.83708e+06	20456.3
	714	2.83707e+06	20455.9
	715	2.83707e+06	20455.6
	716	2.83707e+06	20455.2
	717	2.83707e+06	20454.8
	718	2.83707e+06	20454.5
	719	2.83707e+06	20454.1
	720	2.83707e+06	20453.8
	721	2.83707e+06	20453.5
	722	2.83708e+06	20453.1
	723	2.83709e+06	20452.8
	724	2.83709e+06	20452.5
	725	2.8371e+06	20452.2
	726	2.83711e+06	20451.8
	727	2.83712e+06	20451.5
	728	2.83714e+06	20451.2
	729	2.83715e+06	20450.9
	730	2.83716e+06	20450.6
	731	2.83718e+06	20450.4
	732	2.8372e+06	20450.1
	733	2.83721e+06	20449.8
	734	2.83723e+06	20449.5
	735	2.83725e+06	20449.3
	736	2.83727e+06	20449
	737	2.83729e+06	20448.7
	738	2.83732e+06	20448.5
	739	2.83734e+06	20448.2
	740	2.83736e+06	20448
	741	2.83739e+06	20447.8
	742	2.83741e+06	20447.5
	743	2.83744e+06	20447.3
	744	2.83746e+06	20447.1
	745	2.83749e+06	20446.9
	746	2.83752e+06	20446.6
	747	2.83755e+06	20446.4
	748	2.83757e+06	20446.2
	749	2.8376e+06	20446
	750	2.83763e+06	20445.9
	751	2.83766e+06	20445.7
	752	2.83769e+06	20445.5
	753	2.83773e+06	20445.3
	754	2.83776e+06	20445.1
	755	2.83779e+06	20445
	756	2.83782e+06	20444.8
	757	2.83785e+06	20444.7
	758	2.83789e+06	20444.5
	759	2.83792e+06	20444.4
	760	2.83795e+06	20444.2
	761	2.83799e+06	20444.1
	762	2.83802e+06	20444
	763	2.83806e+06	20443.8
	764	2.83809e+06	20443.7
	765	2.83812e+06	20443.6
	766	2.83816e+06	20443.5
	767	2.83819e+06	20443.4
	768	2.83823e+06	20443.3
	769	2.83826e+06	20443.2
	770	2.8383e+06	20443.1
	771	2.83833e+06	20443
	772	2.83837e+06	20442.9
	773	2.8384e+06	20442.8
	774	2.83844e+06	20442.7
	775	2.83848e+06	20442.7
	776	2.83851e+06	20442.6
	777	2.83855e+06	20442.5
	778	2.83858e+06	20442.5
	779	2.83862e+06	20442.4
	780	2.83865e+06	20442.4
	781	2.83869e+06	20442.3
	782	2.83872e+06	20442.3
	783	2.83875e+06	20442.2
	784	2.83879e+06	20442.2
	785	2.83882e+06	20442.1
	786	2.83886e+06	20442.1
	787	2.83889e+06	20442.1
	788	2.83892e+06	20442.1
	789	2.83896e+06	20442
	790	2.83899e+06	20442
	791	2.83902e+06	20442
	792	2.83906e+06	20442
	793	2.83909e+06	20442
	794	2.83912e+06	20442
	795	2.83915e+06	20442
	796	2.83918e+06	20442
	797	2.83922e+06	20442
	798	2.83925e+06	20442
	799	2.83928e+06	20442
	800	2.83931e+06	20442
	801	2.83934e+06	20442
	802	2.83937e+06	20442
	803	2.8394e+06	20442.1
	804	2.83943e+06	20442.1
	805	2.83946e+06	20442.1
	806	2.83948e+06	20442.1
	807	2.83951e+06	20442.2
	808	2.83954e+06	20442.2
	809	2.83957e+06	20442.2
	810	2.83959e+06	20442.3
	811	2.83962e+06	20442.3
	812	2.83965e+06	20442.3
	813	2.83967e+06	20442.4
	814	2.8397e+06	20442.4
	815	2.83972e+06	20442.5
	816	2.83975e+06	20442.5
	817	2.83977e+06	20442.6
	818	2.83979e+06	20442.6
	819	2.83982e+06	20442.7
	820	2.83984e+06	20442.7
	821	2.83986e+06	20442.8
	822	2.83989e+06	20442.8
	823	2.83991e+06	20442.9
	824	2.83993e+06	20442.9
	825	2.83995e+06	20443
	826	2.83997e+06	20443
	827	2.83999e+06	20443.1
	828	2.84001e+06	20443.2
	829	2.84003e+06	20443.2
	830	2.84005e+06	20443.3
	831	2.84006e+06	20443.4
	832	2.84008e+06	20443.4
	833	2.8401e+06	20443.5
	834	2.84012e+06	20443.5
	835	2.84013e+06	20443.6
	836	2.84015e+06	20443.7
	837	2.84017e+06	20443.8
	838	2.84018e+06	20443.8
	839	2.8402e+06	20443.9
	840	2.84021e+06	20444
	841	2.84022e+06	20444
	842	2.84024e+06	20444.1
	843	2.84025e+06	20444.2
	844	2.84026e+06	20444.2
	845	2.84028e+06	20444.3
	846	2.84029e+06	20444.4
	847	2.8403e+06	20444.5
	848	2.84031e+06	20444.5
	849	2.84032e+06	20444.6
	850	2.84033e+06	20444.7
	851	2.84034e+06	20444.7
	852	2.84035e+06	20444.8
	853	2.84036e+06	20444.9
	854	2.84037e+06	20445
	855	2.84038e+06	20445
	856	2.84039e+06	20445.1
	857	2.8404e+06	20445.2
	858	2.8404e+06	20445.3
	859	2.84041e+06	20445.3
	860	2.84042e+06	20445.4
	861	2.84042e+06	20445.5
	862	2.84043e+06	20445.5
	863	2.84044e+06	20445.6
	864	2.84044e+06	20445.7
	865	2.84045e+06	20445.7
	866	2.84045e+06	20445.8
	867	2.84046e+06	20445.9
	868	2.84046e+06	20445.9
	869	2.84046e+06	20446
	870	2.84047e+06	20446.1
	871	2.84047e+06	20446.1
	872	2.84047e+06	20446.2
	873	2.84048e+06	20446.3
	874	2.84048e+06	20446.3
	875	2.84048e+06	20446.4
	876	2.84048e+06	20446.5
	877	2.84049e+06	20446.5
	878	2.84049e+06	20446.6
	879	2.84049e+06	20446.7
	880	2.84049e+06	20446.7
	881	2.84049e+06	20446.8
	882	2.84049e+06	20446.8
	883	2.84049e+06	20446.9
	884	2.84049e+06	20447
	885	2.84049e+06	20447
	886	2.84049e+06	20447.1
	887	2.84049e+06	20447.1
	888	2.84049e+06	20447.2
	889	2.84049e+06	20447.2
	890	2.84048e+06	20447.3
	891	2.84048e+06	20447.3
	892	2.84048e+06	20447.4
	893	2.84048e+06	20447.4
	894	2.84048e+06	20447.5
	895	2.84047e+06	20447.5
	896	2.84047e+06	20447.6
	897	2.84047e+06	20447.6
	898	2.84047e+06	20447.7
	899	2.84046e+06	20447.7
	900	2.84046e+06	20447.8
	901	2.84046e+06	20447.8
	902	2.84045e+06	20447.9
	903	2.84045e+06	20447.9
	904	2.84045e+06	20447.9
	905	2.84044e+06	20448
	906	2.84044e+06	20448
	907	2.84043e+06	20448.1
	908	2.84043e+06	20448.1
	909	2.84043e+06	20448.1
	910	2.84042e+06	20448.2
	911	2.84042e+06	20448.2
	912	2.84041e+06	20448.3
	913	2.84041e+06	20448.3
	914	2.8404e+06	20448.3
	915	2.8404e+06	20448.3
	916	2.84039e+06	20448.4
	917	2.84039e+06	20448.4
	918	2.84038e+06	20448.4
	919	2.84038e+06	20448.5
	920	2.84037e+06	20448.5
	921	2.84037e+06	20448.5
	922	2.84036e+06	20448.6
	923	2.84036e+06	20448.6
	924	2.84035e+06	20448.6
	925	2.84034e+06	20448.6
	926	2.84034e+06	20448.6
	927	2.84033e+06	20448.7
	928	2.84033e+06	20448.7
	929	2.84032e+06	20448.7
	930	2.84032e+06	20448.7
	931	2.84031e+06	20448.8
	932	2.8403e+06	20448.8
	933	2.8403e+06	20448.8
	934	2.84029e+06	20448.8
	935	2.84029e+06	20448.8
	936	2.84028e+06	20448.8
	937	2.84028e+06	20448.8
	938	2.84027e+06	20448.9
	939	2.84026e+06	20448.9
	940	2.84026e+06	20448.9
	941	2.84025e+06	20448.9
	942	2.84025e+06	20448.9
	943	2.84024e+06	20448.9
	944	2.84023e+06	20448.9
	945	2.84023e+06	20448.9
	946	2.84022e+06	20449
	947	2.84022e+06	20449
	948	2.84021e+06	20449
	949	2.84021e+06	20449
	950	2.8402e+06	20449
	951	2.84019e+06	20449
	952	2.84019e+06	20449
	953	2.84018e+06	20449
	954	2.84018e+06	20449
	955	2.84017e+06	20449
	956	2.84017e+06	20449
	957	2.84016e+06	20449
	958	2.84016e+06	20449
	959	2.84015e+06	20449
	960	2.84014e+06	20449
	961	2.84014e+06	20449
	962	2.84013e+06	20449
	963	2.84013e+06	20449
	964	2.84012e+06	20449
	965	2.84012e+06	20449
	966	2.84011e+06	20449
	967	2.84011e+06	20449
	968	2.8401e+06	20449
	969	2.8401e+06	20449
	970	2.84009e+06	20449
	971	2.84009e+06	20449
	972	2.84008e+06	20449
	973	2.84008e+06	20449
	974	2.84008e+06	20449
	975	2.84007e+06	20449
	976	2.84007e+06	20449
	977	2.84006e+06	20449
	978	2.84006e+06	20448.9
	979	2.84005e+06	20448.9
	980	2.84005e+06	20448.9
	981	2.84005e+06	20448.9
	982	2.84004e+06	20448.9
	983	2.84004e+06	20448.9
	984	2.84003e+06	20448.9
	985	2.84003e+06	20448.9
	986	2.84003e+06	20448.9
	987	2.84002e+06	20448.9
	988	2.84002e+06	20448.9
	989	2.84001e+06	20448.9
	990	2.84001e+06	20448.8
	991	2.84001e+06	20448.8
	992	2.84e+06	20448.8
	993	2.84e+06	20448.8
	994	2.84e+06	20448.8
	995	2.84e+06	20448.8
	996	2.83999e+06	20448.8
	997	2.83999e+06	20448.8
	998	2.83999e+06	20448.8
	999	2.83998e+06	20448.8
	1000	2.83998e+06	20448.7
	1001	2.83998e+06	20448.7
	1002	2.83998e+06	20448.7
	1003	2.83997e+06	20448.7
	1004	2.83997e+06	20448.7
	1005	2.83997e+06	20448.7
	1006	2.83997e+06	20448.7
	1007	2.83996e+06	20448.7
	1008	2.83996e+06	20448.7
	1009	2.83996e+06	20448.6
	1010	2.83996e+06	20448.6
	1011	2.83995e+06	20448.6
	1012	2.83995e+06	20448.6
	1013	2.83995e+06	20448.6
	1014	2.83995e+06	20448.6
	1015	2.83995e+06	20448.6
	1016	2.83995e+06	20448.6
	1017	2.83994e+06	20448.5
	1018	2.83994e+06	20448.5
	1019	2.83994e+06	20448.5
	1020	2.83994e+06	20448.5
	1021	2.83994e+06	20448.5
	1022	2.83994e+06	20448.5
	1023	2.83993e+06	20448.5
	1024	2.83993e+06	20448.5
	1025	2.83993e+06	20448.4
	1026	2.83993e+06	20448.4
	1027	2.83993e+06	20448.4
	1028	2.83993e+06	20448.4
	1029	2.83993e+06	20448.4
	1030	2.83993e+06	20448.4
	1031	2.83993e+06	20448.4
	1032	2.83993e+06	20448.4
	1033	2.83993e+06	20448.4
	1034	2.83992e+06	20448.3
	1035	2.83992e+06	20448.3
	1036	2.83992e+06	20448.3
	1037	2.83992e+06	20448.3
	1038	2.83992e+06	20448.3
	1039	2.83992e+06	20448.3
	1040	2.83992e+06	20448.3
	1041	2.83992e+06	20448.3
	1042	2.83992e+06	20448.3
	1043	2.83992e+06	20448.2
	1044	2.83992e+06	20448.2
	1045	2.83992e+06	20448.2
	1046	2.83992e+06	20448.2
	1047	2.83992e+06	20448.2
	1048	2.83992e+06	20448.2
	1049	2.83992e+06	20448.2
	1050	2.83992e+06	20448.2
	1051	2.83992e+06	20448.2
	1052	2.83992e+06	20448.2
	1053	2.83992e+06	20448.1
	1054	2.83992e+06	20448.1
	1055	2.83992e+06	20448.1
	1056	2.83992e+06	20448.1
	1057	2.83992e+06	20448.1
	1058	2.83992e+06	20448.1
	1059	2.83992e+06	20448.1
	1060	2.83992e+06	20448.1
	1061	2.83992e+06	20448.1
	1062	2.83992e+06	20448.1
	1063	2.83992e+06	20448.1
	1064	2.83992e+06	20448.1
	1065	2.83992e+06	20448
	1066	2.83993e+06	20448
	1067	2.83993e+06	20448
	1068	2.83993e+06	20448
	1069	2.83993e+06	20448
	1070	2.83993e+06	20448
	1071	2.83993e+06	20448
	1072	2.83993e+06	20448
	1073	2.83993e+06	20448
	1074	2.83993e+06	20448
	1075	2.83993e+06	20448
	1076	2.83993e+06	20448
	1077	2.83993e+06	20448
	1078	2.83993e+06	20448
	1079	2.83993e+06	20448
	1080	2.83993e+06	20448
	1081	2.83994e+06	20447.9
	1082	2.83994e+06	20447.9
	1083	2.83994e+06	20447.9
	1084	2.83994e+06	20447.9
	1085	2.83994e+06	20447.9
	1086	2.83994e+06	20447.9
	1087	2.83994e+06	20447.9
	1088	2.83994e+06	20447.9
	1089	2.83994e+06	20447.9
	1090	2.83994e+06	20447.9
	1091	2.83994e+06	20447.9
	1092	2.83995e+06	20447.9
	1093	2.83995e+06	20447.9
	1094	2.83995e+06	20447.9
	1095	2.83995e+06	20447.9
	1096	2.83995e+06	20447.9
	1097	2.83995e+06	20447.9
	1098	2.83995e+06	20447.9
	1099	2.83995e+06	20447.9
	1100	2.83995e+06	20447.9
	1101	2.83995e+06	20447.9
	1102	2.83996e+06	20447.9
	1103	2.83996e+06	20447.9
	1104	2.83996e+06	20447.9
	1105	2.83996e+06	20447.9
	1106	2.83996e+06	20447.9
	1107	2.83996e+06	20447.9
	1108	2.83996e+06	20447.9
	1109	2.83996e+06	20447.9
	1110	2.83996e+06	20447.9
	1111	2.83996e+06	20447.9
	1112	2.83996e+06	20447.9
	1113	2.83997e+06	20447.8
	1114	2.83997e+06	20447.8
	1115	2.83997e+06	20447.8
	1116	2.83997e+06	20447.8
	1117	2.83997e+06	20447.8
	1118	2.83997e+06	20447.8
	1119	2.83997e+06	20447.8
	1120	2.83997e+06	20447.8
	1121	2.83997e+06	20447.8
	1122	2.83997e+06	20447.8
	1123	2.83998e+06	20447.8
	1124	2.83998e+06	20447.8
	1125	2.83998e+06	20447.8
	1126	2.83998e+06	20447.8
	1127	2.83998e+06	20447.8
	1128	2.83998e+06	20447.8
	1129	2.83998e+06	20447.8
	1130	2.83998e+06	20447.8
	1131	2.83998e+06	20447.8
	1132	2.83998e+06	20447.8
	1133	2.83998e+06	20447.8
	1134	2.83998e+06	20447.8
	1135	2.83999e+06	20447.8
	1136	2.83999e+06	20447.8
	1137	2.83999e+06	20447.8
	1138	2.83999e+06	20447.8
	1139	2.83999e+06	20447.8
	1140	2.83999e+06	20447.8
	1141	2.83999e+06	20447.8
	1142	2.83999e+06	20447.9
	1143	2.83999e+06	20447.9
	1144	2.83999e+06	20447.9
	1145	2.83999e+06	20447.9
	1146	2.83999e+06	20447.9
	1147	2.83999e+06	20447.9
	1148	2.83999e+06	20447.9
	1149	2.84e+06	20447.9
	1150	2.84e+06	20447.9
	1151	2.84e+06	20447.9
	1152	2.84e+06	20447.9
	1153	2.84e+06	20447.9
	1154	2.84e+06	20447.9
	1155	2.84e+06	20447.9
	1156	2.84e+06	20447.9
	1157	2.84e+06	20447.9
	1158	2.84e+06	20447.9
	1159	2.84e+06	20447.9
	1160	2.84e+06	20447.9
	1161	2.84e+06	20447.9
	1162	2.84e+06	20447.9
	1163	2.84e+06	20447.9
	1164	2.84e+06	20447.9
	1165	2.84e+06	20447.9
	1166	2.84e+06	20447.9
	1167	2.84001e+06	20447.9
	1168	2.84001e+06	20447.9
	1169	2.84001e+06	20447.9
	1170	2.84001e+06	20447.9
	1171	2.84001e+06	20447.9
	1172	2.84001e+06	20447.9
	1173	2.84001e+06	20447.9
	1174	2.84001e+06	20447.9
	1175	2.84001e+06	20447.9
	1176	2.84001e+06	20447.9
	1177	2.84001e+06	20447.9
	1178	2.84001e+06	20447.9
	1179	2.84001e+06	20447.9
	1180	2.84001e+06	20447.9
	1181	2.84001e+06	20447.9
	1182	2.84001e+06	20447.9
	1183	2.84001e+06	20447.9
	1184	2.84001e+06	20447.9
	1185	2.84001e+06	20447.9
	1186	2.84001e+06	20447.9
	1187	2.84001e+06	20447.9
	1188	2.84001e+06	20447.9
	1189	2.84001e+06	20447.9
	1190	2.84001e+06	20447.9
	1191	2.84001e+06	20447.9
	1192	2.84001e+06	20447.9
	1193	2.84001e+06	20447.9
	1194	2.84001e+06	20447.9
	1195	2.84001e+06	20447.9
	1196	2.84001e+06	20447.9
	1197	2.84001e+06	20447.9
	1198	2.84001e+06	20447.9
	1199	2.84001e+06	20448
	1200	2.84001e+06	20448
	1201	2.84001e+06	20448
	1202	2.84001e+06	20448
	1203	2.84001e+06	20448
	1204	2.84001e+06	20448
	1205	2.84001e+06	20448
	1206	2.84001e+06	20448
	1207	2.84001e+06	20448
	1208	2.84001e+06	20448
	1209	2.84001e+06	20448
	1210	2.84001e+06	20448
	1211	2.84001e+06	20448
	1212	2.84001e+06	20448
	1213	2.84001e+06	20448
	1214	2.84001e+06	20448
	1215	2.84001e+06	20448
	1216	2.84001e+06	20448
	1217	2.84001e+06	20448
	1218	2.84001e+06	20448
	1219	2.84001e+06	20448
	1220	2.84001e+06	20448
	1221	2.84001e+06	20448
	1222	2.84001e+06	20448
	1223	2.84001e+06	20448
	1224	2.84001e+06	20448
	1225	2.84001e+06	20448
	1226	2.84001e+06	20448
	1227	2.84001e+06	20448
	1228	2.84001e+06	20448
	1229	2.84001e+06	20448
	1230	2.84001e+06	20448
	1231	2.84001e+06	20448
	1232	2.84001e+06	20448
	1233	2.84001e+06	20448
	1234	2.84001e+06	20448
	1235	2.84001e+06	20448
	1236	2.84001e+06	20448
	1237	2.84001e+06	20448
	1238	2.84001e+06	20448
	1239	2.84001e+06	20448
	1240	2.84001e+06	20448
	1241	2.84001e+06	20448
	1242	2.84001e+06	20448
	1243	2.84001e+06	20448
	1244	2.84001e+06	20448
	1245	2.84001e+06	20448
	1246	2.84001e+06	20448
	1247	2.84001e+06	20448
	1248	2.84001e+06	20448
	1249	2.84001e+06	20448
	1250	2.84001e+06	20448
	1251	2.84001e+06	20448
	1252	2.84001e+06	20448
	1253	2.84001e+06	20448
	1254	2.84001e+06	20448
	1255	2.84001e+06	20448
	1256	2.84001e+06	20448
	1257	2.84001e+06	20448
	1258	2.84001e+06	20448
	1259	2.84001e+06	20448
	1260	2.84001e+06	20448
	1261	2.84001e+06	20448
	1262	2.84001e+06	20448
	1263	2.84001e+06	20448
	1264	2.84001e+06	20448
	1265	2.84001e+06	20448
	1266	2.84001e+06	20448
	1267	2.84001e+06	20448
	1268	2.84001e+06	20448
	1269	2.84001e+06	20448
	1270	2.84001e+06	20448
	1271	2.84001e+06	20448
	1272	2.84001e+06	20448
	1273	2.84001e+06	20448
	1274	2.84001e+06	20448
	1275	2.84001e+06	20448
	1276	2.84001e+06	20448
	1277	2.84001e+06	20448
	1278	2.84001e+06	20448
	1279	2.84001e+06	20448
	1280	2.84001e+06	20448
	1281	2.84001e+06	20448
	1282	2.84001e+06	20448
	1283	2.84001e+06	20448
	1284	2.84001e+06	20448
	1285	2.84001e+06	20448
	1286	2.84001e+06	20448
	1287	2.84001e+06	20448
	1288	2.84001e+06	20448
	1289	2.84001e+06	20448
	1290	2.84001e+06	20448
	1291	2.84001e+06	20448
	1292	2.84e+06	20448
	1293	2.84e+06	20448
	1294	2.84e+06	20448
	1295	2.84e+06	20448
	1296	2.84e+06	20448
	1297	2.84e+06	20448
	1298	2.84e+06	20448
	1299	2.84e+06	20448
	1300	2.84e+06	20448
	1301	2.84e+06	20448
	1302	2.84e+06	20448
	1303	2.84e+06	20448
	1304	2.84e+06	20448
	1305	2.84e+06	20448
	1306	2.84e+06	20448
	1307	2.84e+06	20448
	1308	2.84e+06	20448
	1309	2.84e+06	20448
	1310	2.84e+06	20448
	1311	2.84e+06	20448
	1312	2.84e+06	20448
	1313	2.84e+06	20448
	1314	2.84e+06	20448
	1315	2.84e+06	20448
	1316	2.84e+06	20448
	1317	2.84e+06	20448
	1318	2.84e+06	20448
	1319	2.84e+06	20448
	1320	2.84e+06	20448
	1321	2.84e+06	20448
	1322	2.84e+06	20448
	1323	2.84e+06	20448
	1324	2.84e+06	20448
	1325	2.84e+06	20448
	1326	2.84e+06	20448
	1327	2.84e+06	20448
	1328	2.84e+06	20448
	1329	2.84e+06	20448
	1330	2.84e+06	20448
	1331	2.84e+06	20448
	1332	2.84e+06	20448
	1333	2.84e+06	20448
	1334	2.84e+06	20448
	1335	2.84e+06	20448
	1336	2.84e+06	20448
	1337	2.84e+06	20448
	1338	2.84e+06	20448
	1339	2.84e+06	20448
	1340	2.84e+06	20448
	1341	2.84e+06	20448
	1342	2.84e+06	20448
	1343	2.84e+06	20448
	1344	2.84e+06	20448
	1345	2.84e+06	20448
	1346	2.84e+06	20448
	1347	2.84e+06	20448
	1348	2.84e+06	20448
	1349	2.84e+06	20448
	1350	2.84e+06	20448
	1351	2.84e+06	20448
	1352	2.84e+06	20448
	1353	2.84e+06	20448
	1354	2.84e+06	20448
	1355	2.84e+06	20448
	1356	2.84e+06	20448
	1357	2.84e+06	20448
	1358	2.84e+06	20448
	1359	2.84e+06	20448
	1360	2.84e+06	20448
	1361	2.84e+06	20448
	1362	2.84e+06	20448
	1363	2.84e+06	20448
	1364	2.84e+06	20448
	1365	2.84e+06	20448
	1366	2.84e+06	20448
	1367	2.84e+06	20448
	1368	2.84e+06	20448
	1369	2.84e+06	20448
	1370	2.84e+06	20448
	1371	2.84e+06	20448
	1372	2.84e+06	20448
	1373	2.84e+06	20448
	1374	2.84e+06	20448
	1375	2.84e+06	20448
	1376	2.84e+06	20448
	1377	2.84e+06	20448
	1378	2.84e+06	20448
	1379	2.84e+06	20448
	1380	2.84e+06	20448
	1381	2.84e+06	20448
	1382	2.84e+06	20448
	1383	2.84e+06	20448
	1384	2.84e+06	20448
	1385	2.84e+06	20448
	1386	2.84e+06	20448
	1387	2.84e+06	20448
	1388	2.84e+06	20448
	1389	2.84e+06	20448
	1390	2.84e+06	20448
	1391	2.84e+06	20448
	1392	2.84e+06	20448
	1393	2.84e+06	20448
	1394	2.84e+06	20448
	1395	2.84e+06	20448
	1396	2.84e+06	20448
	1397	2.84e+06	20448
	1398	2.84e+06	20448
	1399	2.84e+06	20448
	1400	2.84e+06	20448
	1401	2.84e+06	20448
	1402	2.84e+06	20448
	1403	2.84e+06	20448
	1404	2.84e+06	20448
	1405	2.84e+06	20448
	1406	2.84e+06	20448
	1407	2.84e+06	20448
	1408	2.84e+06	20448
	1409	2.84e+06	20448
	1410	2.84e+06	20448
	1411	2.84e+06	20448
	1412	2.84e+06	20448
	1413	2.84e+06	20448
	1414	2.84e+06	20448
	1415	2.84e+06	20448
	1416	2.84e+06	20448
	1417	2.84e+06	20448
	1418	2.84e+06	20448
	1419	2.84e+06	20448
	1420	2.84e+06	20448
	1421	2.84e+06	20448
	1422	2.84e+06	20448
	1423	2.84e+06	20448
	1424	2.84e+06	20448
	1425	2.84e+06	20448
	1426	2.84e+06	20448
	1427	2.84e+06	20448
	1428	2.84e+06	20448
	1429	2.84e+06	20448
	1430	2.84e+06	20448
	1431	2.84e+06	20448
	1432	2.84e+06	20448
	1433	2.84e+06	20448
	1434	2.84e+06	20448
	1435	2.84e+06	20448
	1436	2.84e+06	20448
	1437	2.84e+06	20448
	1438	2.84e+06	20448
	1439	2.84e+06	20448
	1440	2.84e+06	20448
	1441	2.84e+06	20448
	1442	2.84e+06	20448
	1443	2.84e+06	20448
	1444	2.84e+06	20448
	1445	2.84e+06	20448
	1446	2.84e+06	20448
	1447	2.84e+06	20448
	1448	2.84e+06	20448
	1449	2.84e+06	20448
	1450	2.84e+06	20448
	1451	2.84e+06	20448
	1452	2.84e+06	20448
	1453	2.84e+06	20448
	1454	2.84e+06	20448
	1455	2.84e+06	20448
	1456	2.84e+06	20448
	1457	2.84e+06	20448
	1458	2.84e+06	20448
	1459	2.84e+06	20448
	1460	2.84e+06	20448
	1461	2.84e+06	20448
	1462	2.84e+06	20448
	1463	2.84e+06	20448
	1464	2.84e+06	20448
	1465	2.84e+06	20448
	1466	2.84e+06	20448
	1467	2.84e+06	20448
	1468	2.84e+06	20448
	1469	2.84e+06	20448
	1470	2.84e+06	20448
	1471	2.84e+06	20448
	1472	2.84e+06	20448
	1473	2.84e+06	20448
	1474	2.84e+06	20448
	1475	2.84e+06	20448
	1476	2.84e+06	20448
	1477	2.84e+06	20448
	1478	2.84e+06	20448
	1479	2.84e+06	20448
	1480	2.84e+06	20448
	1481	2.84e+06	20448
	1482	2.84e+06	20448
	1483	2.84e+06	20448
	1484	2.84e+06	20448
	1485	2.84e+06	20448
	1486	2.84e+06	20448
	1487	2.84e+06	20448
	1488	2.84e+06	20448
	1489	2.84e+06	20448
	1490	2.84e+06	20448
	1491	2.84e+06	20448
	1492	2.84e+06	20448
	1493	2.84e+06	20448
	1494	2.84e+06	20448
	1495	2.84e+06	20448
	1496	2.84e+06	20448
	1497	2.84e+06	20448
	1498	2.84e+06	20448
	1499	2.84e+06	20448
	1500	2.84e+06	20448
	1501	2.84e+06	20448
	1502	2.84e+06	20448
	1503	2.84e+06	20448
	1504	2.84e+06	20448
	1505	2.84e+06	20448
	1506	2.84e+06	20448
	1507	2.84e+06	20448
	1508	2.84e+06	20448
	1509	2.84e+06	20448
	1510	2.84e+06	20448
	1511	2.84e+06	20448
	1512	2.84e+06	20448
	1513	2.84e+06	20448
	1514	2.84e+06	20448
	1515	2.84e+06	20448
	1516	2.84e+06	20448
	1517	2.84e+06	20448
	1518	2.84e+06	20448
	1519	2.84e+06	20448
	1520	2.84e+06	20448
	1521	2.84e+06	20448
	1522	2.84e+06	20448
	1523	2.84e+06	20448
	1524	2.84e+06	20448
	1525	2.84e+06	20448
	1526	2.84e+06	20448
	1527	2.84e+06	20448
	1528	2.84e+06	20448
	1529	2.84e+06	20448
	1530	2.84e+06	20448
	1531	2.84e+06	20448
	1532	2.84e+06	20448
	1533	2.84e+06	20448
	1534	2.84e+06	20448
	1535	2.84e+06	20448
	1536	2.84e+06	20448
	1537	2.84e+06	20448
	1538	2.84e+06	20448
	1539	2.84e+06	20448
	1540	2.84e+06	20448
	1541	2.84e+06	20448
	1542	2.84e+06	20448
	1543	2.84e+06	20448
	1544	2.84e+06	20448
	1545	2.84e+06	20448
	1546	2.84e+06	20448
	1547	2.84e+06	20448
	1548	2.84e+06	20448
	1549	2.84e+06	20448
	1550	2.84e+06	20448
	1551	2.84e+06	20448
	1552	2.84e+06	20448
	1553	2.84e+06	20448
	1554	2.84e+06	20448
	1555	2.84e+06	20448
	1556	2.84e+06	20448
	1557	2.84e+06	20448
	1558	2.84e+06	20448
	1559	2.84e+06	20448
	1560	2.84e+06	20448
	1561	2.84e+06	20448
	1562	2.84e+06	20448
	1563	2.84e+06	20448
	1564	2.84e+06	20448
	1565	2.84e+06	20448
	1566	2.84e+06	20448
	1567	2.84e+06	20448
	1568	2.84e+06	20448
	1569	2.84e+06	20448
	1570	2.84e+06	20448
	1571	2.84e+06	20448
	1572	2.84e+06	20448
	1573	2.84e+06	20448
	1574	2.84e+06	20448
	1575	2.84e+06	20448
	1576	2.84e+06	20448
	1577	2.84e+06	20448
	1578	2.84e+06	20448
	1579	2.84e+06	20448
	1580	2.84e+06	20448
	1581	2.84e+06	20448
	1582	2.84e+06	20448
	1583	2.84e+06	20448
	1584	2.84e+06	20448
	1585	2.84e+06	20448
	1586	2.84e+06	20448
	1587	2.84e+06	20448
	1588	2.84e+06	20448
	1589	2.84e+06	20448
	1590	2.84e+06	20448
	1591	2.84e+06	20448
	1592	2.84e+06	20448
	1593	2.84e+06	20448
	1594	2.84e+06	20448
	1595	2.84e+06	20448
	1596	2.84e+06	20448
	1597	2.84e+06	20448
	1598	2.84e+06	20448
	1599	2.84e+06	20448
	1600	2.84e+06	20448
	1601	2.84e+06	20448
	1602	2.84e+06	20448
	1603	2.84e+06	20448
	1604	2.84e+06	20448
	1605	2.84e+06	20448
	1606	2.84e+06	20448
	1607	2.84e+06	20448
	1608	2.84e+06	20448
	1609	2.84e+06	20448
	1610	2.84e+06	20448
	1611	2.84e+06	20448
	1612	2.84e+06	20448
	1613	2.84e+06	20448
	1614	2.84e+06	20448
	1615	2.84e+06	20448
	1616	2.84e+06	20448
	1617	2.84e+06	20448
	1618	2.84e+06	20448
	1619	2.84e+06	20448
	1620	2.84e+06	20448
	1621	2.84e+06	20448
	1622	2.84e+06	20448
	1623	2.84e+06	20448
	1624	2.84e+06	20448
	1625	2.84e+06	20448
	1626	2.84e+06	20448
	1627	2.84e+06	20448
	1628	2.84e+06	20448
	1629	2.84e+06	20448
	1630	2.84e+06	20448
	1631	2.84e+06	20448
	1632	2.84e+06	20448
	1633	2.84e+06	20448
	1634	2.84e+06	20448
	1635	2.84e+06	20448
	1636	2.84e+06	20448
	1637	2.84e+06	20448
	1638	2.84e+06	20448
	1639	2.84e+06	20448
	1640	2.84e+06	20448
	1641	2.84e+06	20448
	1642	2.84e+06	20448
	1643	2.84e+06	20448
	1644	2.84e+06	20448
	1645	2.84e+06	20448
	1646	2.84e+06	20448
	1647	2.84e+06	20448
	1648	2.84e+06	20448
	1649	2.84e+06	20448
	1650	2.84e+06	20448
	1651	2.84e+06	20448
	1652	2.84e+06	20448
	1653	2.84e+06	20448
	1654	2.84e+06	20448
	1655	2.84e+06	20448
	1656	2.84e+06	20448
	1657	2.84e+06	20448
	1658	2.84e+06	20448
	1659	2.84e+06	20448
	1660	2.84e+06	20448
	1661	2.84e+06	20448
	1662	2.84e+06	20448
	1663	2.84e+06	20448
	1664	2.84e+06	20448
	1665	2.84e+06	20448
	1666	2.84e+06	20448
	1667	2.84e+06	20448
	1668	2.84e+06	20448
	1669	2.84e+06	20448
	1670	2.84e+06	20448
	1671	2.84e+06	20448
	1672	2.84e+06	20448
	1673	2.84e+06	20448
	1674	2.84e+06	20448
	1675	2.84e+06	20448
	1676	2.84e+06	20448
	1677	2.84e+06	20448
	1678	2.84e+06	20448
	1679	2.84e+06	20448
	1680	2.84e+06	20448
	1681	2.84e+06	20448
	1682	2.84e+06	20448
	1683	2.84e+06	20448
	1684	2.84e+06	20448
	1685	2.84e+06	20448
	1686	2.84e+06	20448
	1687	2.84e+06	20448
	1688	2.84e+06	20448
	1689	2.84e+06	20448
	1690	2.84e+06	20448
	1691	2.84e+06	20448
	1692	2.84e+06	20448
	1693	2.84e+06	20448
	1694	2.84e+06	20448
	1695	2.84e+06	20448
	1696	2.84e+06	20448
	1697	2.84e+06	20448
	1698	2.84e+06	20448
	1699	2.84e+06	20448
	1700	2.84e+06	20448
	1701	2.84e+06	20448
	1702	2.84e+06	20448
	1703	2.84e+06	20448
	1704	2.84e+06	20448
	1705	2.84e+06	20448
	1706	2.84e+06	20448
	1707	2.84e+06	20448
	1708	2.84e+06	20448
	1709	2.84e+06	20448
	1710	2.84e+06	20448
	1711	2.84e+06	20448
	1712	2.84e+06	20448
	1713	2.84e+06	20448
	1714	2.84e+06	20448
	1715	2.84e+06	20448
	1716	2.84e+06	20448
	1717	2.84e+06	20448
	1718	2.84e+06	20448
	1719	2.84e+06	20448
	1720	2.84e+06	20448
	1721	2.84e+06	20448
	1722	2.84e+06	20448
	1723	2.84e+06	20448
	1724	2.84e+06	20448
	1725	2.84e+06	20448
	1726	2.84e+06	20448
	1727	2.84e+06	20448
	1728	2.84e+06	20448
	1729	2.84e+06	20448
	1730	2.84e+06	20448
	1731	2.84e+06	20448
	1732	2.84e+06	20448
	1733	2.84e+06	20448
	1734	2.84e+06	20448
	1735	2.84e+06	20448
	1736	2.84e+06	20448
	1737	2.84e+06	20448
	1738	2.84e+06	20448
	1739	2.84e+06	20448
	1740	2.84e+06	20448
	1741	2.84e+06	20448
	1742	2.84e+06	20448
	1743	2.84e+06	20448
	1744	2.84e+06	20448
	1745	2.84e+06	20448
	1746	2.84e+06	20448
	1747	2.84e+06	20448
	1748	2.84e+06	20448
	1749	2.84e+06	20448
	1750	2.84e+06	20448
	1751	2.84e+06	20448
	1752	2.84e+06	20448
	1753	2.84e+06	20448
	1754	2.84e+06	20448
	1755	2.84e+06	20448
	1756	2.84e+06	20448
	1757	2.84e+06	20448
	1758	2.84e+06	20448
	1759	2.84e+06	20448
	1760	2.84e+06	20448
	1761	2.84e+06	20448
	1762	2.84e+06	20448
	1763	2.84e+06	20448
	1764	2.84e+06	20448
	1765	2.84e+06	20448
	1766	2.84e+06	20448
	1767	2.84e+06	20448
	1768	2.84e+06	20448
	1769	2.84e+06	20448
	1770	2.84e+06	20448
	1771	2.84e+06	20448
	1772	2.84e+06	20448
	1773	2.84e+06	20448
	1774	2.84e+06	20448
	1775	2.84e+06	20448
	1776	2.84e+06	20448
	1777	2.84e+06	20448
	1778	2.84e+06	20448
	1779	2.84e+06	20448
	1780	2.84e+06	20448
	1781	2.84e+06	20448
	1782	2.84e+06	20448
	1783	2.84e+06	20448
	1784	2.84e+06	20448
	1785	2.84e+06	20448
	1786	2.84e+06	20448
	1787	2.84e+06	20448
	1788	2.84e+06	20448
	1789	2.84e+06	20448
	1790	2.84e+06	20448
	1791	2.84e+06	20448
	1792	2.84e+06	20448
	1793	2.84e+06	20448
	1794	2.84e+06	20448
	1795	2.84e+06	20448
	1796	2.84e+06	20448
	1797	2.84e+06	20448
	1798	2.84e+06	20448
	1799	2.84e+06	20448
	1800	2.84e+06	20448
	1801	2.84e+06	20448
	1802	2.84e+06	20448
	1803	2.84e+06	20448
	1804	2.84e+06	20448
	1805	2.84e+06	20448
	1806	2.84e+06	20448
	1807	2.84e+06	20448
	1808	2.84e+06	20448
	1809	2.84e+06	20448
	1810	2.84e+06	20448
	1811	2.84e+06	20448
	1812	2.84e+06	20448
	1813	2.84e+06	20448
	1814	2.84e+06	20448
	1815	2.84e+06	20448
	1816	2.84e+06	20448
	1817	2.84e+06	20448
	1818	2.84e+06	20448
	1819	2.84e+06	20448
	1820	2.84e+06	20448
	1821	2.84e+06	20448
	1822	2.84e+06	20448
	1823	2.84e+06	20448
	1824	2.84e+06	20448
	1825	2.84e+06	20448
	1826	2.84e+06	20448
	1827	2.84e+06	20448
	1828	2.84e+06	20448
	1829	2.84e+06	20448
	1830	2.84e+06	20448
	1831	2.84e+06	20448
	1832	2.84e+06	20448
	1833	2.84e+06	20448
	1834	2.84e+06	20448
	1835	2.84e+06	20448
	1836	2.84e+06	20448
	1837	2.84e+06	20448
	1838	2.84e+06	20448
	1839	2.84e+06	20448
	1840	2.84e+06	20448
	1841	2.84e+06	20448
	1842	2.84e+06	20448
	1843	2.84e+06	20448
	1844	2.84e+06	20448
	1845	2.84e+06	20448
	1846	2.84e+06	20448
	1847	2.84e+06	20448
	1848	2.84e+06	20448
	1849	2.84e+06	20448
	1850	2.84e+06	20448
	1851	2.84e+06	20448
	1852	2.84e+06	20448
	1853	2.84e+06	20448
	1854	2.84e+06	20448
	1855	2.84e+06	20448
	1856	2.84e+06	20448
	1857	2.84e+06	20448
	1858	2.84e+06	20448
	1859	2.84e+06	20448
	1860	2.84e+06	20448
	1861	2.84e+06	20448
	1862	2.84e+06	20448
	1863	2.84e+06	20448
	1864	2.84e+06	20448
	1865	2.84e+06	20448
	1866	2.84e+06	20448
	1867	2.84e+06	20448
	1868	2.84e+06	20448
	1869	2.84e+06	20448
	1870	2.84e+06	20448
	1871	2.84e+06	20448
	1872	2.84e+06	20448
	1873	2.84e+06	20448
	1874	2.84e+06	20448
	1875	2.84e+06	20448
	1876	2.84e+06	20448
	1877	2.84e+06	20448
	1878	2.84e+06	20448
	1879	2.84e+06	20448
	1880	2.84e+06	20448
	1881	2.84e+06	20448
	1882	2.84e+06	20448
	1883	2.84e+06	20448
	1884	2.84e+06	20448
	1885	2.84e+06	20448
	1886	2.84e+06	20448
	1887	2.84e+06	20448
	1888	2.84e+06	20448
	1889	2.84e+06	20448
	1890	2.84e+06	20448
	1891	2.84e+06	20448
	1892	2.84e+06	20448
	1893	2.84e+06	20448
	1894	2.84e+06	20448
	1895	2.84e+06	20448
	1896	2.84e+06	20448
	1897	2.84e+06	20448
	1898	2.84e+06	20448
	1899	2.84e+06	20448
	1900	2.84e+06	20448
	1901	2.84e+06	20448
	1902	2.84e+06	20448
	1903	2.84e+06	20448
	1904	2.84e+06	20448
	1905	2.84e+06	20448
	1906	2.84e+06	20448
	1907	2.84e+06	20448
	1908	2.84e+06	20448
	1909	2.84e+06	20448
	1910	2.84e+06	20448
	1911	2.84e+06	20448
	1912	2.84e+06	20448
	1913	2.84e+06	20448
	1914	2.84e+06	20448
	1915	2.84e+06	20448
	1916	2.84e+06	20448
	1917	2.84e+06	20448
	1918	2.84e+06	20448
	1919	2.84e+06	20448
	1920	2.84e+06	20448
	1921	2.84e+06	20448
	1922	2.84e+06	20448
	1923	2.84e+06	20448
	1924	2.84e+06	20448
	1925	2.84e+06	20448
	1926	2.84e+06	20448
	1927	2.84e+06	20448
	1928	2.84e+06	20448
	1929	2.84e+06	20448
	1930	2.84e+06	20448
	1931	2.84e+06	20448
	1932	2.84e+06	20448
	1933	2.84e+06	20448
	1934	2.84e+06	20448
	1935	2.84e+06	20448
	1936	2.84e+06	20448
	1937	2.84e+06	20448
	1938	2.84e+06	20448
	1939	2.84e+06	20448
	1940	2.84e+06	20448
	1941	2.84e+06	20448
	1942	2.84e+06	20448
	1943	2.84e+06	20448
	1944	2.84e+06	20448
	1945	2.84e+06	20448
	1946	2.84e+06	20448
	1947	2.84e+06	20448
	1948	2.84e+06	20448
	1949	2.84e+06	20448
	1950	2.84e+06	20448
	1951	2.84e+06	20448
	1952	2.84e+06	20448
	1953	2.84e+06	20448
	1954	2.84e+06	20448
	1955	2.84e+06	20448
	1956	2.84e+06	20448
	1957	2.84e+06	20448
	1958	2.84e+06	20448
	1959	2.84e+06	20448
	1960	2.84e+06	20448
	1961	2.84e+06	20448
	1962	2.84e+06	20448
	1963	2.84e+06	20448
	1964	2.84e+06	20448
	1965	2.84e+06	20448
	1966	2.84e+06	20448
	1967	2.84e+06	20448
	1968	2.84e+06	20448
	1969	2.84e+06	20448
	1970	2.84e+06	20448
	1971	2.84e+06	20448
	1972	2.84e+06	20448
	1973	2.84e+06	20448
	1974	2.84e+06	20448
	1975	2.84e+06	20448
	1976	2.84e+06	20448
	1977	2.84e+06	20448
	1978	2.84e+06	20448
	1979	2.84e+06	20448
	1980	2.84e+06	20448
	1981	2.84e+06	20448
	1982	2.84e+06	20448
	1983	2.84e+06	20448
	1984	2.84e+06	20448
	1985	2.84e+06	20448
	1986	2.84e+06	20448
	1987	2.84e+06	20448
	1988	2.84e+06	20448
	1989	2.84e+06	20448
	1990	2.84e+06	20448
	1991	2.84e+06	20448
	1992	2.84e+06	20448
	1993	2.84e+06	20448
	1994	2.84e+06	20448
	1995	2.84e+06	20448
	1996	2.84e+06	20448
	1997	2.84e+06	20448
	1998	2.84e+06	20448
	1999	2.84e+06	20448
	2000	2.84e+06	20448
	2001	2.84e+06	20448
	2002	2.88872e+06	8242.12
	2003	2.93668e+06	8306.97
	2004	2.98383e+06	8373.77
	2005	3.0301e+06	8442.5
	2006	3.07544e+06	8513.16
	2007	3.11981e+06	8585.75
	2008	3.16316e+06	8660.25
	2009	3.20546e+06	8736.65
	2010	3.24666e+06	8814.94
	2011	3.28673e+06	8895.11
	2012	3.32565e+06	8977.13
	2013	3.36339e+06	9060.99
	2014	3.39994e+06	9146.66
	2015	3.43528e+06	9234.12
	2016	3.46941e+06	9323.35
	2017	3.5023e+06	9414.32
	2018	3.53397e+06	9507
	2019	3.5644e+06	9601.37
	2020	3.59361e+06	9697.39
	2021	3.6216e+06	9795.03
	2022	3.64838e+06	9894.25
	2023	3.67395e+06	9995.03
	2024	3.69834e+06	10097.3
	2025	3.72155e+06	10201.1
	2026	3.74361e+06	10306.3
	2027	3.76453e+06	10412.9
	2028	3.78434e+06	10520.9
	2029	3.80305e+06	10630.1
	2030	3.82069e+06	10740.7
	2031	3.83729e+06	10852.5
	2032	3.85286e+06	10965.4
	2033	3.86743e+06	11079.5
	2034	3.88104e+06	11194.8
	2035	3.89369e+06	11311
	2036	3.90543e+06	11428.3
	2037	3.91627e+06	11546.5
	2038	3.92624e+06	11665.6
	2039	3.93537e+06	11785.6
	2040	3.94369e+06	11906.4
	2041	3.95122e+06	12027.9
	2042	3.95798e+06	12150.2
	2043	3.96401e+06	12273.1
	2044	3.96932e+06	12396.7
	2045	3.97394e+06	12520.8
	2046	3.97789e+06	12645.4
	2047	3.9812e+06	12770.5
	2048	3.9839e+06	12896
	2049	3.98599e+06	13021.8
	2050	3.98751e+06	13148
	2051	3.98848e+06	13274.4
	2052	3.98891e+06	13401
	2053	3.98883e+06	13527.8
	2054	3.98825e+06	13654.7
	2055	3.9872e+06	13781.7
	2056	3.98569e+06	13908.7
	2057	3.98374e+06	14035.6
	2058	3.98137e+06	14162.5
	2059	3.97859e+06	14289.2
	2060	3.97543e+06	14415.7
	2061	3.97189e+06	14542
	2062	3.96799e+06	14668.1
	2063	3.96375e+06	14793.7
	2064	3.95918e+06	14919.1
	2065	3.95429e+06	15044
	2066	3.9491e+06	15168.4
	2067	3.94362e+06	15292.4
	2068	3.93786e+06	15415.8
	2069	3.93183e+06	15538.6
	2070	3.92555e+06	15660.7
	2071	3.91902e+06	15782.2
	2072	3.91226e+06	15903
	2073	3.90528e+06	16023
	2074	3.89809e+06	16142.3
	2075	3.89069e+06	16260.6
	2076	3.8831e+06	16378.2
	2077	3.87532e+06	16494.8
	2078	3.86737e+06	16610.5
	2079	3.85925e+06	16725.2
	2080	3.85097e+06	16838.8
	2081	3.84254e+06	16951.5
	2082	3.83396e+06	17063.1
	2083	3.82525e+06	17173.5
	2084	3.81641e+06	17282.9
	2085	3.80744e+06	17391.1
	2086	3.79836e+06	17498.1
	2087	3.78918e+06	17603.9
	2088	3.77988e+06	17708.4
	2089	3.77049e+06	17811.7
	2090	3.76101e+06	17913.7
	2091	3.75145e+06	18014.4
	2092	3.7418e+06	18113.8
	2093	3.73209e+06	18211.8
	2094	3.7223e+06	18308.4
	2095	3.71245e+06	18403.7
	2096	3.70254e+06	18497.6
	2097	3.69257e+06	18590.1
	2098	3.68256e+06	18681.1
	2099	3.6725e+06	18770.7
	2100	3.6624e+06	18858.9
	2101	3.65226e+06	18945.6
	2102	3.6421e+06	19030.8
	2103	3.6319e+06	19114.6
	2104	3.62168e+06	19196.8
	2105	3.61144e+06	19277.6
	2106	3.60119e+06	19356.9
	2107	3.59092e+06	19434.6
	2108	3.58064e+06	19510.9
	2109	3.57036e+06	19585.7
	2110	3.56007e+06	19658.9
	2111	3.54979e+06	19730.6
	2112	3.53951e+06	19800.9
	2113	3.52924e+06	19869.6
	2114	3.51897e+06	19936.8
	2115	3.50872e+06	20002.5
	2116	3.49849e+06	20066.7
	2117	3.48827e+06	20129.4
	2118	3.47807e+06	20190.6
	2119	3.4679e+06	20250.3
	2120	3.45776e+06	20308.6
	2121	3.44764e+06	20365.3
	2122	3.43755e+06	20420.7
	2123	3.4275e+06	20474.5
	2124	3.41748e+06	20526.9
	2125	3.40751e+06	20577.9
	2126	3.39757e+06	20627.4
	2127	3.38767e+06	20675.5
	2128	3.37782e+06	20722.3
	2129	3.36801e+06	20767.6
	2130	3.35825e+06	20811.5
	2131	3.34854e+06	20854.1
	2132	3.33889e+06	20895.4
	2133	3.32928e+06	20935.3
	2134	3.31973e+06	20973.8
	2135	3.31024e+06	21011.1
	2136	3.3008e+06	21047.1
	2137	3.29143e+06	21081.7
	2138	3.28212e+06	21115.2
	2139	3.27286e+06	21147.3
	2140	3.26368e+06	21178.3
	2141	3.25455e+06	21208
	2142	3.2455e+06	21236.5
	2143	3.23651e+06	21263.9
	2144	3.22759e+06	21290.1
	2145	3.21874e+06	21315.1
	2146	3.20996e+06	21339
	2147	3.20125e+06	21361.8
	2148	3.19262e+06	21383.5
	2149	3.18406e+06	21404.1
	2150	3.17557e+06	21423.7
	2151	3.16716e+06	21442.2
	2152	3.15883e+06	21459.8
	2153	3.15058e+06	21476.3
	2154	3.1424e+06	21491.8
	2155	3.13431e+06	21506.3
	2156	3.12629e+06	21520
	2157	3.11835e+06	21532.6
	2158	3.1105e+06	21544.4
	2159	3.10273e+06	21555.3
	2160	3.09504e+06	21565.3
	2161	3.08743e+06	21574.4
	2162	3.07991e+06	21582.7
	2163	3.07247e+06	21590.2
	2164	3.06511e+06	21596.9
	2165	3.05784e+06	21602.8
	2166	3.05066e+06	21607.9
	2167	3.04356e+06	21612.3
	2168	3.03655e+06	21616
	2169	3.02962e+06	21618.9
	2170	3.02278e+06	21621.2
	2171	3.01603e+06	21622.8
	2172	3.00937e+06	21623.7
	2173	3.00279e+06	21623.9
	2174	2.9963e+06	21623.6
	2175	2.9899e+06	21622.6
	2176	2.98359e+06	21621
	2177	2.97736e+06	21618.9
	2178	2.97123e+06	21616.2
	2179	2.96518e+06	21612.9
	2180	2.95922e+06	21609.1
	2181	2.95335e+06	21604.9
	2182	2.94757e+06	21600.1
	2183	2.94187e+06	21594.8
	2184	2.93627e+06	21589.1
	2185	2.93075e+06	21582.9
	2186	2.92532e+06	21576.2
	2187	2.91998e+06	21569.2
	2188	2.91473e+06	21561.7
	2189	2.90957e+06	21553.9
	2190	2.9045e+06	21545.6
	2191	2.89951e+06	21537
	2192	2.89461e+06	21528.1
	2193	2.8898e+06	21518.8
	2194	2.88507e+06	21509.1
	2195	2.88044e+06	21499.2
	2196	2.87589e+06	21489
	2197	2.87143e+06	21478.5
	2198	2.86705e+06	21467.7
	2199	2.86276e+06	21456.6
	2200	2.85855e+06	21445.3
	2201	2.85443e+06	21433.7
	2202	2.8504e+06	21422
	2203	2.84645e+06	21410
	2204	2.84259e+06	21397.8
	2205	2.83881e+06	21385.4
	2206	2.83511e+06	21372.8
	2207	2.8315e+06	21360
	2208	2.82796e+06	21347.1
	2209	2.82452e+06	21334.1
	2210	2.82115e+06	21320.9
	2211	2.81787e+06	21307.5
	2212	2.81466e+06	21294.1
	2213	2.81154e+06	21280.5
	2214	2.8085e+06	21266.8
	2215	2.80553e+06	21253
	2216	2.80265e+06	21239.2
	2217	2.79984e+06	21225.2
	2218	2.79712e+06	21211.2
	2219	2.79447e+06	21197.2
	2220	2.79189e+06	21183.1
	2221	2.7894e+06	21168.9
	2222	2.78698e+06	21154.7
	2223	2.78463e+06	21140.5
	2224	2.78236e+06	21126.2
	2225	2.78016e+06	21112
	2226	2.77804e+06	21097.7
	2227	2.77598e+06	21083.4
	2228	2.774e+06	21069.1
	2229	2.7721e+06	21054.9
	2230	2.77026e+06	21040.7
	2231	2.76849e+06	21026.5
	2232	2.76679e+06	21012.3
	2233	2.76516e+06	20998.2
	2234	2.7636e+06	20984.1
	2235	2.7621e+06	20970
	2236	2.76067e+06	20956
	2237	2.75931e+06	20942.1
	2238	2.75801e+06	20928.2
	2239	2.75677e+06	20914.4
	2240	2.7556e+06	20900.7
	2241	2.75449e+06	20887.1
	2242	2.75344e+06	20873.5
	2243	2.75246e+06	20860.1
	2244	2.75153e+06	20846.7
	2245	2.75066e+06	20833.4
	2246	2.74985e+06	20820.2
	2247	2.7491e+06	20807.2
	2248	2.74841e+06	20794.2
	2249	2.74777e+06	20781.3
	2250	2.74719e+06	20768.6
	2251	2.74666e+06	20756
	2252	2.74618e+06	20743.5
	2253	2.74576e+06	20731.1
	2254	2.74539e+06	20718.9
	2255	2.74507e+06	20706.8
	2256	2.7448e+06	20694.8
	2257	2.74458e+06	20682.9
	2258	2.74441e+06	20671.2
	2259	2.74428e+06	20659.7
	2260	2.74421e+06	20648.3
	2261	2.74417e+06	20637
	2262	2.74419e+06	20625.9
	2263	2.74424e+06	20614.9
	2264	2.74434e+06	20604.1
	2265	2.74448e+06	20593.4
	2266	2.74467e+06	20582.9
	2267	2.74489e+06	20572.5
	2268	2.74516e+06	20562.3
	2269	2.74546e+06	20552.3
	2270	2.7458e+06	20542.4
	2271	2.74617e+06	20532.7
	2272	2.74659e+06	20523.2
	2273	2.74703e+06	20513.8
	2274	2.74751e+06	20504.5
	2275	2.74803e+06	20495.5
	2276	2.74858e+06	20486.6
	2277	2.74915e+06	20477.9
	2278	2.74976e+06	20469.3
	2279	2.7504e+06	20460.9
	2280	2.75107e+06	20452.7
	2281	2.75177e+06	20444.6
	2282	2.75249e+06	20436.7
	2283	2.75324e+06	20429
	2284	2.75402e+06	20421.4
	2285	2.75481e+06	20414.1
	2286	2.75564e+06	20406.8
	2287	2.75648e+06	20399.8
	2288	2.75735e+06	20392.9
	2289	2.75824e+06	20386.2
	2290	2.75915e+06	20379.7
	2291	2.76008e+06	20373.3
	2292	2.76103e+06	20367.1
	2293	2.76199e+06	20361
	2294	2.76297e+06	20355.1
	2295	2.76397e+06	20349.4
	2296	2.76499e+06	20343.9
	2297	2.76602e+06	20338.5
	2298	2.76706e+06	20333.2
	2299	2.76812e+06	20328.2
	2300	2.76918e+06	20323.2
	2301	2.77026e+06	20318.5
	2302	2.77135e+06	20313.9
	2303	2.77246e+06	20309.5
	2304	2.77357e+06	20305.2
	2305	2.77468e+06	20301.1
	2306	2.77581e+06	20297.1
	2307	2.77695e+06	20293.3
	2308	2.77809e+06	20289.6
	2309	2.77923e+06	20286.1
	2310	2.78039e+06	20282.7
	2311	2.78154e+06	20279.4
	2312	2.7827e+06	20276.4
	2313	2.78387e+06	20273.4
	2314	2.78503e+06	20270.6
	2315	2.7862e+06	20267.9
	2316	2.78737e+06	20265.4
	2317	2.78854e+06	20263
	2318	2.78971e+06	20260.8
	2319	2.79088e+06	20258.7
	2320	2.79205e+06	20256.7
	2321	2.79322e+06	20254.8
	2322	2.79439e+06	20253.1
	2323	2.79555e+06	20251.5
	2324	2.79672e+06	20250
	2325	2.79787e+06	20248.6
	2326	2.79903e+06	20247.4
	2327	2.80018e+06	20246.3
	2328	2.80132e+06	20245.3
	2329	2.80246e+06	20244.4
	2330	2.80359e+06	20243.6
	2331	2.80472e+06	20242.9
	2332	2.80584e+06	20242.4
	2333	2.80695e+06	20241.9
	2334	2.80806e+06	20241.6
	2335	2.80916e+06	20241.3
	2336	2.81025e+06	20241.2
	2337	2.81133e+06	20241.2
	2338	2.8124e+06	20241.2
	2339	2.81346e+06	20241.4
	2340	2.81451e+06	20241.6
	2341	2.81556e+06	20241.9
	2342	2.81659e+06	20242.3
	2343	2.81761e+06	20242.9
	2344	2.81862e+06	20243.4
	2345	2.81962e+06	20244.1
	2346	2.82061e+06	20244.9
	2347	2.82159e+06	20245.7
	2348	2.82256e+06	20246.6
	2349	2.82351e+06	20247.6
	2350	2.82445e+06	20248.7
	2351	2.82538e+06	20249.8
	2352	2.8263e+06	20251
	2353	2.8272e+06	20252.2
	2354	2.82809e+06	20253.6
	2355	2.82897e+06	20255
	2356	2.82983e+06	20256.4
	2357	2.83068e+06	20257.9
	2358	2.83152e+06	20259.5
	2359	2.83234e+06	20261.1
	2360	2.83315e+06	20262.8
	2361	2.83395e+06	20264.5
	2362	2.83473e+06	20266.3
	2363	2.8355e+06	20268.1
	2364	2.83625e+06	20270
	2365	2.83699e+06	20271.9
	2366	2.83771e+06	20273.8
	2367	2.83842e+06	20275.8
	2368	2.83912e+06	20277.9
	2369	2.8398e+06	20279.9
	2370	2.84047e+06	20282
	2371	2.84112e+06	20284.2
	2372	2.84176e+06	20286.3
	2373	2.84238e+06	20288.5
	2374	2.84299e+06	20290.8
	2375	2.84358e+06	20293
	2376	2.84416e+06	20295.3
	2377	2.84473e+06	20297.6
	2378	2.84528e+06	20299.9
	2379	2.84582e+06	20302.2
	2380	2.84634e+06	20304.6
	2381	2.84685e+06	20307
	2382	2.84734e+06	20309.4
	2383	2.84782e+06	20311.8
	2384	2.84829e+06	20314.2
	2385	2.84874e+06	20316.6
	2386	2.84918e+06	20319.1
	2387	2.8496e+06	20321.5
	2388	2.85002e+06	20324
	2389	2.85041e+06	20326.5
	2390	2.8508e+06	20328.9
	2391	2.85117e+06	20331.4
	2392	2.85152e+06	20333.9
	2393	2.85187e+06	20336.3
	2394	2.8522e+06	20338.8
	2395	2.85252e+06	20341.3
	2396	2.85282e+06	20343.8
	2397	2.85311e+06	20346.2
	2398	2.85339e+06	20348.7
	2399	2.85366e+06	20351.1
	2400	2.85392e+06	20353.6
	2401	2.85416e+06	20356
	2402	2.85439e+06	20358.5
	2403	2.85461e+06	20360.9
	2404	2.85482e+06	20363.3
	2405	2.85501e+06	20365.7
	2406	2.8552e+06	20368.1
	2407	2.85537e+06	20370.5
	2408	2.85553e+06	20372.8
	2409	2.85568e+06	20375.2
	2410	2.85582e+06	20377.5
	2411	2.85595e+06	20379.8
	2412	2.85607e+06	20382.1
	2413	2.85618e+06	20384.4
	2414	2.85628e+06	20386.6
	2415	2.85637e+06	20388.9
	2416	2.85645e+06	20391.1
	2417	2.85652e+06	20393.3
	2418	2.85658e+06	20395.5
	2419	2.85663e+06	20397.6
	2420	2.85668e+06	20399.7
	2421	2.85671e+06	20401.8
	2422	2.85674e+06	20403.9
	2423	2.85675e+06	20406
	2424	2.85676e+06	20408
	2425	2.85676e+06	20410
	2426	2.85675e+06	20412
	2427	2.85674e+06	20414
	2428	2.85671e+06	20415.9
	2429	2.85668e+06	20417.8
	2430	2.85665e+06	20419.7
	2431	2.8566e+06	20421.6
	2432	2.85655e+06	20423.4
	2433	2.85649e+06	20425.2
	2434	2.85643e+06	20427
	2435	2.85635e+06	20428.7
	2436	2.85628e+06	20430.4
	2437	2.85619e+06	20432.1
	2438	2.8561e+06	20433.8
	2439	2.85601e+06	20435.4
	2440	2.85591e+06	20437
	2441	2.8558e+06	20438.5
	2442	2.85569e+06	20440.1
	2443	2.85557e+06	20441.6
	2444	2.85545e+06	20443.1
	2445	2.85533e+06	20444.5
	2446	2.8552e+06	20446
	2447	2.85506e+06	20447.3
	2448	2.85492e+06	20448.7
	2449	2.85478e+06	20450
	2450	2.85463e+06	20451.3
	2451	2.85448e+06	20452.6
	2452	2.85433e+06	20453.9
	2453	2.85417e+06	20455.1
	2454	2.85401e+06	20456.3
	2455	2.85384e+06	20457.4
	2456	2.85368e+06	20458.5
	2457	2.85351e+06	20459.6
	2458	2.85333e+06	20460.7
	2459	2.85316e+06	20461.7
	2460	2.85298e+06	20462.7
	2461	2.8528e+06	20463.7
	2462	2.85262e+06	20464.7
	2463	2.85243e+06	20465.6
	2464	2.85225e+06	20466.5
	2465	2.85206e+06	20467.4
	2466	2.85187e+06	20468.2
	2467	2.85168e+06	20469
	2468	2.85149e+06	20469.8
	2469	2.85129e+06	20470.5
	2470	2.8511e+06	20471.3
	2471	2.8509e+06	20472
	2472	2.85071e+06	20472.7
	2473	2.85051e+06	20473.3
	2474	2.85031e+06	20473.9
	2475	2.85011e+06	20474.5
	2476	2.84991e+06	20475.1
	2477	2.84971e+06	20475.6
	2478	2.84951e+06	20476.2
	2479	2.84931e+06	20476.7
	2480	2.84911e+06	20477.1
	2481	2.84891e+06	20477.6
	2482	2.84871e+06	20478
	2483	2.84851e+06	20478.4
	2484	2.84831e+06	20478.8
	2485	2.84811e+06	20479.1
	2486	2.84792e+06	20479.5
	2487	2.84772e+06	20479.8
	2488	2.84752e+06	20480.1
	2489	2.84732e+06	20480.4
	2490	2.84713e+06	20480.6
	2491	2.84693e+06	20480.8
	2492	2.84674e+06	20481
	2493	2.84654e+06	20481.2
	2494	2.84635e+06	20481.4
	2495	2.84616e+06	20481.5
	2496	2.84597e+06	20481.7
	2497	2.84578e+06	20481.8
	2498	2.84559e+06	20481.9
	2499	2.84541e+06	20481.9
	2500	2.84522e+06	20482
	2501	2.84504e+06	20482
	2502	2.84486e+06	20482
	2503	2.84468e+06	20482
	2504	2.8445e+06	20482
	2505	2.84433e+06	20482
	2506	2.84415e+06	20482
	2507	2.84398e+06	20481.9
	2508	2.84381e+06	20481.8
	2509	2.84364e+06	20481.7
	2510	2.84347e+06	20481.6
	2511	2.84331e+06	20481.5
	2512	2.84314e+06	20481.4
	2513	2.84298e+06	20481.2
	2514	2.84282e+06	20481.1
	2515	2.84267e+06	20480.9
	2516	2.84251e+06	20480.7
	2517	2.84236e+06	20480.6
	2518	2.84221e+06	20480.4
	2519	2.84206e+06	20480.1
	2520	2.84191e+06	20479.9
	2521	2.84177e+06	20479.7
	2522	2.84163e+06	20479.4
	2523	2.84149e+06	20479.2
	2524	2.84135e+06	20478.9
	2525	2.84122e+06	20478.6
	2526	2.84108e+06	20478.4
	2527	2.84095e+06	20478.1
	2528	2.84083e+06	20477.8
	2529	2.8407e+06	20477.5
	2530	2.84058e+06	20477.2
	2531	2.84046e+06	20476.8
	2532	2.84034e+06	20476.5
	2533	2.84022e+06	20476.2
	2534	2.84011e+06	20475.8
	2535	2.84e+06	20475.5
	2536	2.83989e+06	20475.1
	2537	2.83978e+06	20474.8
	2538	2.83968e+06	20474.4
	2539	2.83958e+06	20474.1
	2540	2.83948e+06	20473.7
	2541	2.83938e+06	20473.3
	2542	2.83929e+06	20472.9
	2543	2.8392e+06	20472.6
	2544	2.83911e+06	20472.2
	2545	2.83902e+06	20471.8
	2546	2.83893e+06	20471.4
	2547	2.83885e+06	20471
	2548	2.83877e+06	20470.6
	2549	2.83869e+06	20470.2
	2550	2.83862e+06	20469.8
	2551	2.83854e+06	20469.4
	2552	2.83847e+06	20469
	2553	2.8384e+06	20468.6
	2554	2.83834e+06	20468.2
	2555	2.83827e+06	20467.8
	2556	2.83821e+06	20467.4
	2557	2.83815e+06	20467
	2558	2.83809e+06	20466.6
	2559	2.83803e+06	20466.2
	2560	2.83798e+06	20465.7
	2561	2.83793e+06	20465.3
	2562	2.83788e+06	20464.9
	2563	2.83783e+06	20464.5
	2564	2.83779e+06	20464.1
	2565	2.83774e+06	20463.7
	2566	2.8377e+06	20463.3
	2567	2.83766e+06	20462.9
	2568	2.83762e+06	20462.5
	2569	2.83759e+06	20462.1
	2570	2.83756e+06	20461.7
	2571	2.83752e+06	20461.3
	2572	2.83749e+06	20460.9
	2573	2.83747e+06	20460.5
	2574	2.83744e+06	20460.1
	2575	2.83741e+06	20459.8
	2576	2.83739e+06	20459.4
	2577	2.83737e+06	20459
	2578	2.83735e+06	20458.6
	2579	2.83733e+06	20458.3
	2580	2.83732e+06	20457.9
	2581	2.8373e+06	20457.5
	2582	2.83729e+06	20457.2
	2583	2.83728e+06	20456.8
	2584	2.83727e+06	20456.4
	2585	2.83726e+06	20456.1
	2586	2.83725e+06	20455.7
	2587	2.83725e+06	20455.4
	2588	2.83724e+06	20455
	2589	2.83724e+06	20454.7
	2590	2.83724e+06	20454.4
	2591	2.83724e+06	20454
	2592	2.83724e+06	20453.7
	2593	2.83725e+06	20453.4
	2594	2.83725e+06	20453.1
	2595	2.83725e+06	20452.8
	2596	2.83726e+06	20452.5
	2597	2.83727e+06	20452.2
	2598	2.83728e+06	20451.9
	2599	2.83729e+06	20451.6
	2600	2.8373e+06	20451.3
	2601	2.83731e+06	20451
	2602	2.83732e+06	20450.7
	2603	2.83734e+06	20450.4
	2604	2.83735e+06	20450.2
	2605	2.83737e+06	20449.9
	2606	2.83738e+06	20449.6
	2607	2.8374e+06	20449.4
	2608	2.83742e+06	20449.1
	2609	2.83744e+06	20448.9
	2610	2.83746e+06	20448.6
	2611	2.83748e+06	20448.4
	2612	2.8375e+06	20448.2
	2613	2.83752e+06	20448
	2614	2.83755e+06	20447.7
	2615	2.83757e+06	20447.5
	2616	2.83759e+06	20447.3
	2617	2.83762e+06	20447.1
	2618	2.83764e+06	20446.9
	2619	2.83767e+06	20446.7
	2620	2.8377e+06	20446.5
	2621	2.83772e+06	20446.3
	2622	2.83775e+06	20446.1
	2623	2.83778e+06	20446
	2624	2.83781e+06	20445.8
	2625	2.83784e+06	20445.6
	2626	2.83787e+06	20445.4
	2627	2.8379e+06	20445.3
	2628	2.83793e+06	20445.1
	2629	2.83796e+06	20445
	2630	2.83799e+06	20444.8
	2631	2.83802e+06	20444.7
	2632	2.83805e+06	20444.6
	2633	2.83808e+06	20444.4
	2634	2.83811e+06	20444.3
	2635	2.83815e+06	20444.2
	2636	2.83818e+06	20444.1
	2637	2.83821e+06	20443.9
	2638	2.83824e+06	20443.8
	2639	2.83827e+06	20443.7
	2640	2.83831e+06	20443.6
	2641	2.83834e+06	20443.5
	2642	2.83837e+06	20443.4
	2643	2.83841e+06	20443.4
	2644	2.83844e+06	20443.3
	2645	2.83847e+06	20443.2
	2646	2.83851e+06	20443.1
	2647	2.83854e+06	20443
	2648	2.83857e+06	20443
	2649	2.8386e+06	20442.9
	2650	2.83864e+06	20442.8
	2651	2.83867e+06	20442.8
	2652	2.8387e+06	20442.7
	2653	2.83874e+06	20442.7
	2654	2.83877e+06	20442.6
	2655	2.8388e+06	20442.6
	2656	2.83883e+06	20442.6
	2657	2.83887e+06	20442.5
	2658	2.8389e+06	20442.5
	2659	2.83893e+06	20442.5
	2660	2.83896e+06	20442.4
	2661	2.83899e+06	20442.4
	2662	2.83903e+06	20442.4
	2663	2.83906e+06	20442.4
	2664	2.83909e+06	20442.4
	2665	2.83912e+06	20442.4
	2666	2.83915e+06	20442.3
	2667	2.83918e+06	20442.3
	2668	2.83921e+06	20442.3
	2669	2.83924e+06	20442.3
	2670	2.83927e+06	20442.3
	2671	2.8393e+06	20442.4
	2672	2.83933e+06	20442.4
	2673	2.83935e+06	20442.4
	2674	2.83938e+06	20442.4
	2675	2.83941e+06	20442.4
	2676	2.83944e+06	20442.4
	2677	2.83947e+06	20442.4
	2678	2.83949e+06	20442.5
	2679	2.83952e+06	20442.5
	2680	2.83955e+06	20442.5
	2681	2.83957e+06	20442.5
	2682	2.8396e+06	20442.6
	2683	2.83962e+06	20442.6
	2684	2.83965e+06	20442.6
	2685	2.83967e+06	20442.7
	2686	2.8397e+06	20442.7
	2687	2.83972e+06	20442.8
	2688	2.83974e+06	20442.8
	2689	2.83977e+06	20442.8
	2690	2.83979e+06	20442.9
	2691	2.83981e+06	20442.9
	2692	2.83983e+06	20443
	2693	2.83985e+06	20443
	2694	2.83987e+06	20443.1
	2695	2.8399e+06	20443.1
	2696	2.83992e+06	20443.2
	2697	2.83994e+06	20443.2
	2698	2.83996e+06	20443.3
	2699	2.83997e+06	20443.3
	2700	2.83999e+06	20443.4
	2701	2.84001e+06	20443.5
	2702	2.84003e+06	20443.5
	2703	2.84005e+06	20443.6
	2704	2.84006e+06	20443.6
	2705	2.84008e+06	20443.7
	2706	2.8401e+06	20443.8
	2707	2.84011e+06	20443.8
	2708	2.84013e+06	20443.9
	2709	2.84014e+06	20444
	2710	2.84016e+06	20444
	2711	2.84017e+06	20444.1
	2712	2.84019e+06	20444.1
	2713	2.8402e+06	20444.2
	2714	2.84021e+06	20444.3
	2715	2.84023e+06	20444.3
	2716	2.84024e+06	20444.4
	2717	2.84025e+06	20444.5
	2718	2.84026e+06	20444.5
	2719	2.84027e+06	20444.6
	2720	2.84028e+06	20444.7
	2721	2.84029e+06	20444.7
	2722	2.8403e+06	20444.8
	2723	2.84031e+06	20444.9
	2724	2.84032e+06	20445
	2725	2.84033e+06	20445
	2726	2.84034e+06	20445.1
	2727	2.84035e+06	20445.2
	2728	2.84036e+06	20445.2
	2729	2.84037e+06	20445.3
	2730	2.84037e+06	20445.4
	2731	2.84038e+06	20445.4
	2732	2.84039e+06	20445.5
	2733	2.84039e+06	20445.6
	2734	2.8404e+06	20445.6
	2735	2.84041e+06	20445.7
	2736	2.84041e+06	20445.8
	2737	2.84042e+06	20445.8
	2738	2.84042e+06	20445.9
	2739	2.84043e+06	20446
	2740	2.84043e+06	20446
	2741	2.84043e+06	20446.1
	2742	2.84044e+06	20446.1
	2743	2.84044e+06	20446.2
	2744	2.84044e+06	20446.3
	2745	2.84045e+06	20446.3
	2746	2.84045e+06	20446.4
	2747	2.84045e+06	20446.5
	2748	2.84045e+06	20446.5
	2749	2.84046e+06	20446.6
	2750	2.84046e+06	20446.6
	2751	2.84046e+06	20446.7
	2752	2.84046e+06	20446.7
	2753	2.84046e+06	20446.8
	2754	2.84046e+06	20446.9
	2755	2.84046e+06	20446.9
	2756	2.84046e+06	20447
	2757	2.84046e+06	20447
	2758	2.84046e+06	20447.1
	2759	2.84046e+06	20447.1
	2760	2.84046e+06	20447.2
	2761	2.84046e+06	20447.2
	2762	2.84046e+06	20447.3
	2763	2.84046e+06	20447.3
	2764	2.84045e+06	20447.4
	2765	2.84045e+06	20447.4
	2766	2.84045e+06	20447.5
	2767	2.84045e+06	20447.5
	2768	2.84045e+06	20447.6
	2769	2.84044e+06	20447.6
	2770	2.84044e+06	20447.7
	2771	2.84044e+06	20447.7
	2772	2.84044e+06	20447.8
	2773	2.84043e+06	20447.8
	2774	2.84043e+06	20447.8
	2775	2.84043e+06	20447.9
	2776	2.84042e+06	20447.9
	2777	2.84042e+06	20448
	2778	2.84042e+06	20448
	2779	2.84041e+06	20448
	2780	2.84041e+06	20448.1
	2781	2.8404e+06	20448.1
	2782	2.8404e+06	20448.1
	2783	2.8404e+06	20448.2
	2784	2.84039e+06	20448.2
	2785	2.84039e+06	20448.2
	2786	2.84038e+06	20448.3
	2787	2.84038e+06	20448.3
	2788	2.84037e+06	20448.3
	2789	2.84037e+06	20448.4
	2790	2.84036e+06	20448.4
	2791	2.84036e+06	20448.4
	2792	2.84035e+06	20448.4
	2793	2.84035e+06	20448.5
	2794	2.84034e+06	20448.5
	2795	2.84034e+06	20448.5
	2796	2.84033e+06	20448.5
	2797	2.84033e+06	20448.6
	2798	2.84032e+06	20448.6
	2799	2.84032e+06	20448.6
	2800	2.84031e+06	20448.6
	2801	2.84031e+06	20448.7
	2802	2.8403e+06	20448.7
	2803	2.8403e+06	20448.7
	2804	2.84029e+06	20448.7
	2805	2.84029e+06	20448.7
	2806	2.84028e+06	20448.7
	2807	2.84027e+06	20448.8
	2808	2.84027e+06	20448.8
	2809	2.84026e+06	20448.8
	2810	2.84026e+06	20448.8
	2811	2.84025e+06	20448.8
	2812	2.84025e+06	20448.8
	2813	2.84024e+06	20448.8
	2814	2.84024e+06	20448.8
	2815	2.84023e+06	20448.9
	2816	2.84022e+06	20448.9
	2817	2.84022e+06	20448.9
	2818	2.84021e+06	20448.9
	2819	2.84021e+06	20448.9
	2820	2.8402e+06	20448.9
	2821	2.8402e+06	20448.9
	2822	2.84019e+06	20448.9
	2823	2.84019e+06	20448.9
	2824	2.84018e+06	20448.9
	2825	2.84018e+06	20448.9
	2826	2.84017e+06	20448.9
	2827	2.84017e+06	20448.9
	2828	2.84016e+06	20448.9
	2829	2.84016e+06	20448.9
	2830	2.84015e+06	20448.9
	2831	2.84015e+06	20448.9
	2832	2.84014e+06	20448.9
	2833	2.84014e+06	20448.9
	2834	2.84013e+06	20448.9
	2835	2.84013e+06	20448.9
	2836	2.84012e+06	20448.9
	2837	2.84012e+06	20448.9
	2838	2.84011e+06	20448.9
	2839	2.84011e+06	20448.9
	2840	2.8401e+06	20448.9
	2841	2.8401e+06	20448.9
	2842	2.84009e+06	20448.9
	2843	2.84009e+06	20448.9
	2844	2.84008e+06	20448.9
	2845	2.84008e+06	20448.9
	2846	2.84007e+06	20448.9
	2847	2.84007e+06	20448.9
	2848	2.84007e+06	20448.9
	2849	2.84006e+06	20448.9
	2850	2.84006e+06	20448.9
	2851	2.84005e+06	20448.9
	2852	2.84005e+06	20448.9
	2853	2.84005e+06	20448.9
	2854	2.84004e+06	20448.9
	2855	2.84004e+06	20448.9
	2856	2.84003e+06	20448.9
	2857	2.84003e+06	20448.8
	2858	2.84003e+06	20448.8
	2859	2.84002e+06	20448.8
	2860	2.84002e+06	20448.8
	2861	2.84002e+06	20448.8
	2862	2.84001e+06	20448.8
	2863	2.84001e+06	20448.8
	2864	2.84001e+06	20448.8
	2865	2.84e+06	20448.8
	2866	2.84e+06	20448.8
	2867	2.84e+06	20448.8
	2868	2.83999e+06	20448.7
	2869	2.83999e+06	20448.7
	2870	2.83999e+06	20448.7
	2871	2.83999e+06	20448.7
	2872	2.83998e+06	20448.7
	2873	2.83998e+06	20448.7
	2874	2.83998e+06	20448.7
	2875	2.83998e+06	20448.7
	2876	2.83997e+06	20448.7
	2877	2.83997e+06	20448.7
	2878	2.83997e+06	20448.6
	2879	2.83997e+06	20448.6
	2880	2.83996e+06	20448.6
	2881	2.83996e+06	20448.6
	2882	2.83996e+06	20448.6
	2883	2.83996e+06	20448.6
	2884	2.83996e+06	20448.6
	2885	2.83995e+06	20448.6
	2886	2.83995e+06	20448.6
	2887	2.83995e+06	20448.5
	2888	2.83995e+06	20448.5
	2889	2.83995e+06	20448.5
	2890	2.83995e+06	20448.5
	2891	2.83995e+06	20448.5
	2892	2.83994e+06	20448.5
	2893	2.83994e+06	20448.5
	2894	2.83994e+06	20448.5
	2895	2.83994e+06	20448.5
	2896	2.83994e+06	20448.4
	2897	2.83994e+06	20448.4
	2898	2.83994e+06	20448.4
	2899	2.83994e+06	20448.4
	2900	2.83993e+06	20448.4
	2901	2.83993e+06	20448.4
	2902	2.83993e+06	20448.4
	2903	2.83993e+06	20448.4
	2904	2.83993e+06	20448.4
	2905	2.83993e+06	20448.3
	2906	2.83993e+06	20448.3
	2907	2.83993e+06	20448.3
	2908	2.83993e+06	20448.3
	2909	2.83993e+06	20448.3
	2910	2.83993e+06	20448.3
	2911	2.83993e+06	20448.3
	2912	2.83993e+06	20448.3
	2913	2.83993e+06	20448.3
	2914	2.83993e+06	20448.3
	2915	2.83993e+06	20448.2
	2916	2.83993e+06	20448.2
	2917	2.83993e+06	20448.2
	2918	2.83992e+06	20448.2
	2919	2.83992e+06	20448.2
	2920	2.83992e+06	20448.2
	2921	2.83992e+06	20448.2
	2922	2.83992e+06	20448.2
	2923	2.83992e+06	20448.2
	2924	2.83992e+06	20448.2
	2925	2.83993e+06	20448.1
	2926	2.83993e+06	20448.1
	2927	2.83993e+06	20448.1
	2928	2.83993e+06	20448.1
	2929	2.83993e+06	20448.1
	2930	2.83993e+06	20448.1
	2931	2.83993e+06	20448.1
	2932	2.83993e+06	20448.1
	2933	2.83993e+06	20448.1
	2934	2.83993e+06	20448.1
	2935	2.83993e+06	20448.1
	2936	2.83993e+06	20448.1
	2937	2.83993e+06	20448.1
	2938	2.83993e+06	20448
	2939	2.83993e+06	20448
	2940	2.83993e+06	20448
	2941	2.83993e+06	20448
	2942	2.83993e+06	20448
	2943	2.83993e+06	20448
	2944	2.83993e+06	20448
	2945	2.83993e+06	20448
	2946	2.83993e+06	20448
	2947	2.83993e+06	20448
	2948	2.83994e+06	20448
	2949	2.83994e+06	20448
	2950	2.83994e+06	20448
	2951	2.83994e+06	20448
	2952	2.83994e+06	20448
	2953	2.83994e+06	20448
	2954	2.83994e+06	20448
	2955	2.83994e+06	20447.9
	2956	2.83994e+06	20447.9
	2957	2.83994e+06	20447.9
	2958	2.83994e+06	20447.9
	2959	2.83994e+06	20447.9
	2960	2.83994e+06	20447.9
	2961	2.83995e+06	20447.9
	2962	2.83995e+06	20447.9
	2963	2.83995e+06	20447.9
	2964	2.83995e+06	20447.9
	2965	2.83995e+06	20447.9
	2966	2.83995e+06	20447.9
	2967	2.83995e+06	20447.9
	2968	2.83995e+06	20447.9
	2969	2.83995e+06	20447.9
	2970	2.83995e+06	20447.9
	2971	2.83995e+06	20447.9
	2972	2.83996e+06	20447.9
	2973	2.83996e+06	20447.9
	2974	2.83996e+06	20447.9
	2975	2.83996e+06	20447.9
	2976	2.83996e+06	20447.9
	2977	2.83996e+06	20447.9
	2978	2.83996e+06	20447.9
	2979	2.83996e+06	20447.9
	2980	2.83996e+06	20447.9
	2981	2.83996e+06	20447.9
	2982	2.83996e+06	20447.9
	2983	2.83997e+06	20447.9
	2984	2.83997e+06	20447.9
	2985	2.83997e+06	20447.9
	2986	2.83997e+06	20447.9
	2987	2.83997e+06	20447.9
	2988	2.83997e+06	20447.9
	2989	2.83997e+06	20447.9
	2990	2.83997e+06	20447.9
	2991	2.83997e+06	20447.9
	2992	2.83997e+06	20447.9
	2993	2.83997e+06	20447.9
	2994	2.83998e+06	20447.9
	2995	2.83998e+06	20447.9
	2996	2.83998e+06	20447.9
	2997	2.83998e+06	20447.9
	2998	2.83998e+06	20447.9
	2999	2.83998e+06	20447.9
	3000	2.83998e+06	20447.9
	3001	2.83998e+06	20447.9
	3002	2.83998e+06	20447.9
	3003	2.83998e+06	20447.9
	3004	2.83998e+06	20447.9
	3005	2.83998e+06	20447.9
	3006	2.83998e+06	20447.9
	3007	2.83999e+06	20447.9
	3008	2.83999e+06	20447.9
	3009	2.83999e+06	20447.9
	3010	2.83999e+06	20447.9
	3011	2.83999e+06	20447.9
	3012	2.83999e+06	20447.9
	3013	2.83999e+06	20447.9
	3014	2.83999e+06	20447.9
	3015	2.83999e+06	20447.9
	3016	2.83999e+06	20447.9
	3017	2.83999e+06	20447.9
	3018	2.83999e+06	20447.9
	3019	2.83999e+06	20447.9
	3020	2.83999e+06	20447.9
	3021	2.84e+06	20447.9
	3022	2.84e+06	20447.9
	3023	2.84e+06	20447.9
	3024	2.84e+06	20447.9
	3025	2.84e+06	20447.9
	3026	2.84e+06	20447.9
	3027	2.84e+06	20447.9
	3028	2.84e+06	20447.9
	3029	2.84e+06	20447.9
	3030	2.84e+06	20447.9
	3031	2.84e+06	20447.9
	3032	2.84e+06	20447.9
	3033	2.84e+06	20447.9
	3034	2.84e+06	20447.9
	3035	2.84e+06	20447.9
	3036	2.84e+06	20447.9
	3037	2.84e+06	20447.9
	3038	2.84e+06	20447.9
	3039	2.84e+06	20447.9
	3040	2.84001e+06	20447.9
	3041	2.84001e+06	20447.9
	3042	2.84001e+06	20447.9
	3043	2.84001e+06	20447.9
	3044	2.84001e+06	20447.9
	3045	2.84001e+06	20447.9
	3046	2.84001e+06	20447.9
	3047	2.84001e+06	20447.9
	3048	2.84001e+06	20447.9
	3049	2.84001e+06	20447.9
	3050	2.84001e+06	20447.9
	3051	2.84001e+06	20447.9
	3052	2.84001e+06	20447.9
	3053	2.84001e+06	20447.9
	3054	2.84001e+06	20447.9
	3055	2.84001e+06	20447.9
	3056	2.84001e+06	20447.9
	3057	2.84001e+06	20447.9
	3058	2.84001e+06	20447.9
	3059	2.84001e+06	20447.9
	3060	2.84001e+06	20447.9
	3061	2.84001e+06	20447.9
	3062	2.84001e+06	20447.9
	3063	2.84001e+06	20447.9
	3064	2.84001e+06	20447.9
	3065	2.84001e+06	20447.9
	3066	2.84001e+06	20447.9
	3067	2.84001e+06	20447.9
	3068	2.84001e+06	20447.9
	3069	2.84001e+06	20447.9
	3070	2.84001e+06	20448
	3071	2.84001e+06	20448
	3072	2.84001e+06	20448
	3073	2.84001e+06	20448
	3074	2.84001e+06	20448
	3075	2.84001e+06	20448
	3076	2.84001e+06	20448
	3077	2.84001e+06	20448
	3078	2.84001e+06	20448
	3079	2.84001e+06	20448
	3080	2.84001e+06	20448
	3081	2.84001e+06	20448
	3082	2.84001e+06	20448
	3083	2.84001e+06	20448
	3084	2.84001e+06	20448
	3085	2.84001e+06	20448
	3086	2.84001e+06	20448
	3087	2.84001e+06	20448
	3088	2.84001e+06	20448
	3089	2.84001e+06	20448
	3090	2.84001e+06	20448
	3091	2.84001e+06	20448
	3092	2.84001e+06	20448
	3093	2.84001e+06	20448
	3094	2.84001e+06	20448
	3095	2.84001e+06	20448
	3096	2.84001e+06	20448
	3097	2.84001e+06	20448
	3098	2.84001e+06	20448
	3099	2.84001e+06	20448
	3100	2.84001e+06	20448
	3101	2.84001e+06	20448
	3102	2.84001e+06	20448
	3103	2.84001e+06	20448
	3104	2.84001e+06	20448
	3105	2.84001e+06	20448
	3106	2.84001e+06	20448
	3107	2.84001e+06	20448
	3108	2.84001e+06	20448
	3109	2.84001e+06	20448
	3110	2.84001e+06	20448
	3111	2.84001e+06	20448
	3112	2.84001e+06	20448
	3113	2.84001e+06	20448
	3114	2.84001e+06	20448
	3115	2.84001e+06	20448
	3116	2.84001e+06	20448
	3117	2.84001e+06	20448
	3118	2.84001e+06	20448
	3119	2.84001e+06	20448
	3120	2.84001e+06	20448
	3121	2.84001e+06	20448
	3122	2.84001e+06	20448
	3123	2.84001e+06	20448
	3124	2.84001e+06	20448
	3125	2.84001e+06	20448
	3126	2.84001e+06	20448
	3127	2.84001e+06	20448
	3128	2.84001e+06	20448
	3129	2.84001e+06	20448
	3130	2.84001e+06	20448
	3131	2.84001e+06	20448
	3132	2.84001e+06	20448
	3133	2.84001e+06	20448
	3134	2.84001e+06	20448
	3135	2.84001e+06	20448
	3136	2.84001e+06	20448
	3137	2.84001e+06	20448
	3138	2.84001e+06	20448
	3139	2.84001e+06	20448
	3140	2.84001e+06	20448
	3141	2.84001e+06	20448
	3142	2.84001e+06	20448
	3143	2.84001e+06	20448
	3144	2.84001e+06	20448
	3145	2.84001e+06	20448
	3146	2.84001e+06	20448
	3147	2.84001e+06	20448
	3148	2.84001e+06	20448
	3149	2.84001e+06	20448
	3150	2.84001e+06	20448
	3151	2.84001e+06	20448
	3152	2.84001e+06	20448
	3153	2.84001e+06	20448
	3154	2.84001e+06	20448
	3155	2.84001e+06	20448
	3156	2.84001e+06	20448
	3157	2.84001e+06	20448
	3158	2.84001e+06	20448
	3159	2.84001e+06	20448
	3160	2.84001e+06	20448
	3161	2.84001e+06	20448
	3162	2.84001e+06	20448
	3163	2.84e+06	20448
	3164	2.84e+06	20448
	3165	2.84e+06	20448
	3166	2.84e+06	20448
	3167	2.84e+06	20448
	3168	2.84e+06	20448
	3169	2.84e+06	20448
	3170	2.84e+06	20448
	3171	2.84e+06	20448
	3172	2.84e+06	20448
	3173	2.84e+06	20448
	3174	2.84e+06	20448
	3175	2.84e+06	20448
	3176	2.84e+06	20448
	3177	2.84e+06	20448
	3178	2.84e+06	20448
	3179	2.84e+06	20448
	3180	2.84e+06	20448
	3181	2.84e+06	20448
	3182	2.84e+06	20448
	3183	2.84e+06	20448
	3184	2.84e+06	20448
	3185	2.84e+06	20448
	3186	2.84e+06	20448
	3187	2.84e+06	20448
	3188	2.84e+06	20448
	3189	2.84e+06	20448
	3190	2.84e+06	20448
	3191	2.84e+06	20448
	3192	2.84e+06	20448
	3193	2.84e+06	20448
	3194	2.84e+06	20448
	3195	2.84e+06	20448
	3196	2.84e+06	20448
	3197	2.84e+06	20448
	3198	2.84e+06	20448
	3199	2.84e+06	20448
	3200	2.84e+06	20448
	3201	2.84e+06	20448
	3202	2.84e+06	20448
	3203	2.84e+06	20448
	3204	2.84e+06	20448
	3205	2.84e+06	20448
	3206	2.84e+06	20448
	3207	2.84e+06	20448
	3208	2.84e+06	20448
	3209	2.84e+06	20448
	3210	2.84e+06	20448
	3211	2.84e+06	20448
	3212	2.84e+06	20448
	3213	2.84e+06	20448
	3214	2.84e+06	20448
	3215	2.84e+06	20448
	3216	2.84e+06	20448
	3217	2.84e+06	20448
	3218	2.84e+06	20448
	3219	2.84e+06	20448
	3220	2.84e+06	20448
	3221	2.84e+06	20448
	3222	2.84e+06	20448
	3223	2.84e+06	20448
	3224	2.84e+06	20448
	3225	2.84e+06	20448
	3226	2.84e+06	20448
	3227	2.84e+06	20448
	3228	2.84e+06	20448
	3229	2.84e+06	20448
	3230	2.84e+06	20448
	3231	2.84e+06	20448
	3232	2.84e+06	20448
	3233	2.84e+06	20448
	3234	2.84e+06	20448
	3235	2.84e+06	20448
	3236	2.84e+06	20448
	3237	2.84e+06	20448
	3238	2.84e+06	20448
	3239	2.84e+06	20448
	3240	2.84e+06	20448
	3241	2.84e+06	20448
	3242	2.84e+06	20448
	3243	2.84e+06	20448
	3244	2.84e+06	20448
	3245	2.84e+06	20448
	3246	2.84e+06	20448
	3247	2.84e+06	20448
	3248	2.84e+06	20448
	3249	2.84e+06	20448
	3250	2.84e+06	20448
	3251	2.84e+06	20448
	3252	2.84e+06	20448
	3253	2.84e+06	20448
	3254	2.84e+06	20448
	3255	2.84e+06	20448
	3256	2.84e+06	20448
	3257	2.84e+06	20448
	3258	2.84e+06	20448
	3259	2.84e+06	20448
	3260	2.84e+06	20448
	3261	2.84e+06	20448
	3262	2.84e+06	20448
	3263	2.84e+06	20448
	3264	2.84e+06	20448
	3265	2.84e+06	20448
	3266	2.84e+06	20448
	3267	2.84e+06	20448
	3268	2.84e+06	20448
	3269	2.84e+06	20448
	3270	2.84e+06	20448
	3271	2.84e+06	20448
	3272	2.84e+06	20448
	3273	2.84e+06	20448
	3274	2.84e+06	20448
	3275	2.84e+06	20448
	3276	2.84e+06	20448
	3277	2.84e+06	20448
	3278	2.84e+06	20448
	3279	2.84e+06	20448
	3280	2.84e+06	20448
	3281	2.84e+06	20448
	3282	2.84e+06	20448
	3283	2.84e+06	20448
	3284	2.84e+06	20448
	3285	2.84e+06	20448
	3286	2.84e+06	20448
	3287	2.84e+06	20448
	3288	2.84e+06	20448
	3289	2.84e+06	20448
	3290	2.84e+06	20448
	3291	2.84e+06	20448
	3292	2.84e+06	20448
	3293	2.84e+06	20448
	3294	2.84e+06	20448
	3295	2.84e+06	20448
	3296	2.84e+06	20448
	3297	2.84e+06	20448
	3298	2.84e+06	20448
	3299	2.84e+06	20448
	3300	2.84e+06	20448
	3301	2.84e+06	20448
	3302	2.84e+06	20448
	3303	2.84e+06	20448
	3304	2.84e+06	20448
	3305	2.84e+06	20448
	3306	2.84e+06	20448
	3307	2.84e+06	20448
	3308	2.84e+06	20448
	3309	2.84e+06	20448
	3310	2.84e+06	20448
	3311	2.84e+06	20448
	3312	2.84e+06	20448
	3313	2.84e+06	20448
	3314	2.84e+06	20448
	3315	2.84e+06	20448
	3316	2.84e+06	20448
	3317	2.84e+06	20448
	3318	2.84e+06	20448
	3319	2.84e+06	20448
	3320	2.84e+06	20448
	3321	2.84e+06	20448
	3322	2.84e+06	20448
	3323	2.84e+06	20448
	3324	2.84e+06	20448
	3325	2.84e+06	20448
	3326	2.84e+06	20448
	3327	2.84e+06	20448
	3328	2.84e+06	20448
	3329	2.84e+06	20448
	3330	2.84e+06	20448
	3331	2.84e+06	20448
	3332	2.84e+06	20448
	3333	2.84e+06	20448
	3334	2.84e+06	20448
	3335	2.84e+06	20448
	3336	2.84e+06	20448
	3337	2.84e+06	20448
	3338	2.84e+06	20448
	3339	2.84e+06	20448
	3340	2.84e+06	20448
	3341	2.84e+06	20448
	3342	2.84e+06	20448
	3343	2.84e+06	20448
	3344	2.84e+06	20448
	3345	2.84e+06	20448
	3346	2.84e+06	20448
	3347	2.84e+06	20448
	3348	2.84e+06	20448
	3349	2.84e+06	20448
	3350	2.84e+06	20448
	3351	2.84e+06	20448
	3352	2.84e+06	20448
	3353	2.84e+06	20448
	3354	2.84e+06	20448
	3355	2.84e+06	20448
	3356	2.84e+06	20448
	3357	2.84e+06	20448
	3358	2.84e+06	20448
	3359	2.84e+06	20448
	3360	2.84e+06	20448
	3361	2.84e+06	20448
	3362	2.84e+06	20448
	3363	2.84e+06	20448
	3364	2.84e+06	20448
	3365	2.84e+06	20448
	3366	2.84e+06	20448
	3367	2.84e+06	20448
	3368	2.84e+06	20448
	3369	2.84e+06	20448
	3370	2.84e+06	20448
	3371	2.84e+06	20448
	3372	2.84e+06	20448
	3373	2.84e+06	20448
	3374	2.84e+06	20448
	3375	2.84e+06	20448
	3376	2.84e+06	20448
	3377	2.84e+06	20448
	3378	2.84e+06	20448
	3379	2.84e+06	20448
	3380	2.84e+06	20448
	3381	2.84e+06	20448
	3382	2.84e+06	20448
	3383	2.84e+06	20448
	3384	2.84e+06	20448
	3385	2.84e+06	20448
	3386	2.84e+06	20448
	3387	2.84e+06	20448
	3388	2.84e+06	20448
	3389	2.84e+06	20448
	3390	2.84e+06	20448
	3391	2.84e+06	20448
	3392	2.84e+06	20448
	3393	2.84e+06	20448
	3394	2.84e+06	20448
	3395	2.84e+06	20448
	3396	2.84e+06	20448
	3397	2.84e+06	20448
	3398	2.84e+06	20448
	3399	2.84e+06	20448
	3400	2.84e+06	20448
	3401	2.84e+06	20448
	3402	2.84e+06	20448
	3403	2.84e+06	20448
	3404	2.84e+06	20448
	3405	2.84e+06	20448
	3406	2.84e+06	20448
	3407	2.84e+06	20448
	3408	2.84e+06	20448
	3409	2.84e+06	20448
	3410	2.84e+06	20448
	3411	2.84e+06	20448
	3412	2.84e+06	20448
	3413	2.84e+06	20448
	3414	2.84e+06	20448
	3415	2.84e+06	20448
	3416	2.84e+06	20448
	3417	2.84e+06	20448
	3418	2.84e+06	20448
	3419	2.84e+06	20448
	3420	2.84e+06	20448
	3421	2.84e+06	20448
	3422	2.84e+06	20448
	3423	2.84e+06	20448
	3424	2.84e+06	20448
	3425	2.84e+06	20448
	3426	2.84e+06	20448
	3427	2.84e+06	20448
	3428	2.84e+06	20448
	3429	2.84e+06	20448
	3430	2.84e+06	20448
	3431	2.84e+06	20448
	3432	2.84e+06	20448
	3433	2.84e+06	20448
	3434	2.84e+06	20448
	3435	2.84e+06	20448
	3436	2.84e+06	20448
	3437	2.84e+06	20448
	3438	2.84e+06	20448
	3439	2.84e+06	20448
	3440	2.84e+06	20448
	3441	2.84e+06	20448
	3442	2.84e+06	20448
	3443	2.84e+06	20448
	3444	2.84e+06	20448
	3445	2.84e+06	20448
	3446	2.84e+06	20448
	3447	2.84e+06	20448
	3448	2.84e+06	20448
	3449	2.84e+06	20448
	3450	2.84e+06	20448
	3451	2.84e+06	20448
	3452	2.84e+06	20448
	3453	2.84e+06	20448
	3454	2.84e+06	20448
	3455	2.84e+06	20448
	3456	2.84e+06	20448
	3457	2.84e+06	20448
	3458	2.84e+06	20448
	3459	2.84e+06	20448
	3460	2.84e+06	20448
	3461	2.84e+06	20448
	3462	2.84e+06	20448
	3463	2.84e+06	20448
	3464	2.84e+06	20448
	3465	2.84e+06	20448
	3466	2.84e+06	20448
	3467	2.84e+06	20448
	3468	2.84e+06	20448
	3469	2.84e+06	20448
	3470	2.84e+06	20448
	3471	2.84e+06	20448
	3472	2.84e+06	20448
	3473	2.84e+06	20448
	3474	2.84e+06	20448
	3475	2.84e+06	20448
	3476	2.84e+06	20448
	3477	2.84e+06	20448
	3478	2.84e+06	20448
	3479	2.84e+06	20448
	3480	2.84e+06	20448
	3481	2.84e+06	20448
	3482	2.84e+06	20448
	3483	2.84e+06	20448
	3484	2.84e+06	20448
	3485	2.84e+06	20448
	3486	2.84e+06	20448
	3487	2.84e+06	20448
	3488	2.84e+06	20448
	3489	2.84e+06	20448
	3490	2.84e+06	20448
	3491	2.84e+06	20448
	3492	2.84e+06	20448
	3493	2.84e+06	20448
	3494	2.84e+06	20448
	3495	2.84e+06	20448
	3496	2.84e+06	20448
	3497	2.84e+06	20448
	3498	2.84e+06	20448
	3499	2.84e+06	20448
	3500	2.84e+06	20448
	3501	2.84e+06	20448
	3502	2.84e+06	20448
	3503	2.84e+06	20448
	3504	2.84e+06	20448
	3505	2.84e+06	20448
	3506	2.84e+06	20448
	3507	2.84e+06	20448
	3508	2.84e+06	20448
	3509	2.84e+06	20448
	3510	2.84e+06	20448
	3511	2.84e+06	20448
	3512	2.84e+06	20448
	3513	2.84e+06	20448
	3514	2.84e+06	20448
	3515	2.84e+06	20448
	3516	2.84e+06	20448
	3517	2.84e+06	20448
	3518	2.84e+06	20448
	3519	2.84e+06	20448
	3520	2.84e+06	20448
	3521	2.84e+06	20448
	3522	2.84e+06	20448
	3523	2.84e+06	20448
	3524	2.84e+06	20448
	3525	2.84e+06	20448
	3526	2.84e+06	20448
	3527	2.84e+06	20448
	3528	2.84e+06	20448
	3529	2.84e+06	20448
	3530	2.84e+06	20448
	3531	2.84e+06	20448
	3532	2.84e+06	20448
	3533	2.84e+06	20448
	3534	2.84e+06	20448
	3535	2.84e+06	20448
	3536	2.84e+06	20448
	3537	2.84e+06	20448
	3538	2.84e+06	20448
	3539	2.84e+06	20448
	3540	2.84e+06	20448
	3541	2.84e+06	20448
	3542	2.84e+06	20448
	3543	2.84e+06	20448
	3544	2.84e+06	20448
	3545	2.84e+06	20448
	3546	2.84e+06	20448
	3547	2.84e+06	20448
	3548	2.84e+06	20448
	3549	2.84e+06	20448
	3550	2.84e+06	20448
	3551	2.84e+06	20448
	3552	2.84e+06	20448
	3553	2.84e+06	20448
	3554	2.84e+06	20448
	3555	2.84e+06	20448
	3556	2.84e+06	20448
	3557	2.84e+06	20448
	3558	2.84e+06	20448
	3559	2.84e+06	20448
	3560	2.84e+06	20448
	3561	2.84e+06	20448
	3562	2.84e+06	20448
	3563	2.84e+06	20448
	3564	2.84e+06	20448
	3565	2.84e+06	20448
	3566	2.84e+06	20448
	3567	2.84e+06	20448
	3568	2.84e+06	20448
	3569	2.84e+06	20448
	3570	2.84e+06	20448
	3571	2.84e+06	20448
	3572	2.84e+06	20448
	3573	2.84e+06	20448
	3574	2.84e+06	20448
	3575	2.84e+06	20448
	3576	2.84e+06	20448
	3577	2.84e+06	20448
	3578	2.84e+06	20448
	3579	2.84e+06	20448
	3580	2.84e+06	20448
	3581	2.84e+06	20448
	3582	2.84e+06	20448
	3583	2.84e+06	20448
	3584	2.84e+06	20448
	3585	2.84e+06	20448
	3586	2.84e+06	20448
	3587	2.84e+06	20448
	3588	2.84e+06	20448
	3589	2.84e+06	20448
	3590	2.84e+06	20448
	3591	2.84e+06	20448
	3592	2.84e+06	20448
	3593	2.84e+06	20448
	3594	2.84e+06	20448
	3595	2.84e+06	20448
	3596	2.84e+06	20448
	3597	2.84e+06	20448
	3598	2.84e+06	20448
	3599	2.84e+06	20448
	3600	2.84e+06	20448
	3601	2.84e+06	20448
	3602	2.84e+06	20448
	3603	2.84e+06	20448
	3604	2.84e+06	20448
	3605	2.84e+06	20448
	3606	2.84e+06	20448
	3607	2.84e+06	20448
	3608	2.84e+06	20448
	3609	2.84e+06	20448
	3610	2.84e+06	20448
	3611	2.84e+06	20448
	3612	2.84e+06	20448
	3613	2.84e+06	20448
	3614	2.84e+06	20448
	3615	2.84e+06	20448
	3616	2.84e+06	20448
	3617	2.84e+06	20448
	3618	2.84e+06	20448
	3619	2.84e+06	20448
	3620	2.84e+06	20448
	3621	2.84e+06	20448
	3622	2.84e+06	20448
	3623	2.84e+06	20448
	3624	2.84e+06	20448
	3625	2.84e+06	20448
	3626	2.84e+06	20448
	3627	2.84e+06	20448
	3628	2.84e+06	20448
	3629	2.84e+06	20448
	3630	2.84e+06	20448
	3631	2.84e+06	20448
	3632	2.84e+06	20448
	3633	2.84e+06	20448
	3634	2.84e+06	20448
	3635	2.84e+06	20448
	3636	2.84e+06	20448
	3637	2.84e+06	20448
	3638	2.84e+06	20448
	3639	2.84e+06	20448
	3640	2.84e+06	20448
	3641	2.84e+06	20448
	3642	2.84e+06	20448
	3643	2.84e+06	20448
	3644	2.84e+06	20448
	3645	2.84e+06	20448
	3646	2.84e+06	20448
	3647	2.84e+06	20448
	3648	2.84e+06	20448
	3649	2.84e+06	20448
	3650	2.84e+06	20448
