	0	5e+06	1125
	1	4.9945e+06	1149.46
	2	4.98923e+06	1174.4
	3	4.98418e+06	1199.84
	4	4.97933e+06	1225.79
	5	4.97466e+06	1252.24
	6	4.97016e+06	1279.23
	7	4.96582e+06	1306.74
	8	4.96162e+06	1334.8
	9	4.95755e+06	1363.42
	10	4.95359e+06	1392.59
	11	4.94975e+06	1422.34
	12	4.946e+06	1452.68
	13	4.94234e+06	1483.61
	14	4.93876e+06	1515.14
	15	4.93525e+06	1547.29
	16	4.93181e+06	1580.07
	17	4.92842e+06	1613.48
	18	4.92508e+06	1647.54
	19	4.92178e+06	1682.26
	20	4.91852e+06	1717.65
	21	4.91529e+06	1753.72
	22	4.91208e+06	1790.48
	23	4.9089e+06	1827.94
	24	4.90573e+06	1866.12
	25	4.90257e+06	1905.02
	26	4.89941e+06	1944.66
	27	4.89626e+06	1985.04
	28	4.89311e+06	2026.19
	29	4.88995e+06	2068.11
	30	4.88678e+06	2110.81
	31	4.88359e+06	2154.3
	32	4.88039e+06	2198.6
	33	4.87717e+06	2243.71
	34	4.87393e+06	2289.66
	35	4.87066e+06	2336.44
	36	4.86736e+06	2384.08
	37	4.86403e+06	2432.58
	38	4.86067e+06	2481.95
	39	4.85727e+06	2532.21
	40	4.85384e+06	2583.37
	41	4.85036e+06	2635.44
	42	4.84684e+06	2688.42
	43	4.84327e+06	2742.34
	44	4.83965e+06	2797.2
	45	4.83599e+06	2853.02
	46	4.83227e+06	2909.8
	47	4.8285e+06	2967.56
	48	4.82468e+06	3026.3
	49	4.8208e+06	3086.04
	50	4.81686e+06	3146.79
	51	4.81285e+06	3208.55
	52	4.80879e+06	3271.34
	53	4.80466e+06	3335.17
	54	4.80046e+06	3400.05
	55	4.7962e+06	3465.99
	56	4.79187e+06	3532.99
	57	4.78747e+06	3601.07
	58	4.78299e+06	3670.23
	59	4.77844e+06	3740.48
	60	4.77382e+06	3811.83
	61	4.76912e+06	3884.3
	62	4.76434e+06	3957.87
	63	4.75948e+06	4032.57
	64	4.75454e+06	4108.4
	65	4.74952e+06	4185.37
	66	4.74441e+06	4263.48
	67	4.73922e+06	4342.73
	68	4.73394e+06	4423.14
	69	4.72857e+06	4504.7
	70	4.72312e+06	4587.43
	71	4.71757e+06	4671.32
	72	4.71193e+06	4756.38
	73	4.7062e+06	4842.6
	74	4.70038e+06	4930
	75	4.69446e+06	5018.58
	76	4.68844e+06	5108.33
	77	4.68233e+06	5199.25
	78	4.67611e+06	5291.35
	79	4.6698e+06	5384.62
	80	4.66339e+06	5479.07
	81	4.65687e+06	5574.68
	82	4.65025e+06	5671.46
	83	4.64353e+06	5769.4
	84	4.6367e+06	5868.5
	85	4.62976e+06	5968.75
	86	4.62272e+06	6070.15
	87	4.61557e+06	6172.69
	88	4.60831e+06	6276.36
	89	4.60094e+06	6381.15
	90	4.59346e+06	6487.05
	91	4.58587e+06	6594.06
	92	4.57816e+06	6702.16
	93	4.57034e+06	6811.35
	94	4.56241e+06	6921.59
	95	4.55437e+06	7032.9
	96	4.54621e+06	7145.24
	97	4.53793e+06	7258.61
	98	4.52954e+06	7372.98
	99	4.52103e+06	7488.34
	100	4.5124e+06	7604.68
	101	4.50365e+06	7721.97
	102	4.49479e+06	7840.18
	103	4.4858e+06	7959.31
	104	4.4767e+06	8079.33
	105	4.46748e+06	8200.22
	106	4.45814e+06	8321.95
	107	4.44868e+06	8444.49
	108	4.4391e+06	8567.83
	109	4.4294e+06	8691.93
	110	4.41958e+06	8816.77
	111	4.40964e+06	8942.32
	112	4.39958e+06	9068.55
	113	4.3894e+06	9195.43
	114	4.37909e+06	9322.93
	115	4.36867e+06	9451.01
	116	4.35813e+06	9579.65
	117	4.34747e+06	9708.81
	118	4.33669e+06	9838.45
	119	4.3258e+06	9968.55
	120	4.31478e+06	10099.1
	121	4.30365e+06	10230
	122	4.2924e+06	10361.2
	123	4.28103e+06	10492.7
	124	4.26955e+06	10624.5
	125	4.25795e+06	10756.6
	126	4.24624e+06	10888.8
	127	4.23441e+06	11021.2
	128	4.22248e+06	11153.7
	129	4.21043e+06	11286.2
	130	4.19827e+06	11418.8
	131	4.186e+06	11551.4
	132	4.17362e+06	11683.9
	133	4.16113e+06	11816.3
	134	4.14854e+06	11948.5
	135	4.13584e+06	12080.6
	136	4.12304e+06	12212.5
	137	4.11014e+06	12344
	138	4.09713e+06	12475.3
	139	4.08403e+06	12606.2
	140	4.07083e+06	12736.7
	141	4.05753e+06	12866.8
	142	4.04414e+06	12996.4
	143	4.03065e+06	13125.5
	144	4.01707e+06	13254
	145	4.0034e+06	13381.8
	146	3.98965e+06	13509.1
	147	3.97581e+06	13635.6
	148	3.96188e+06	13761.4
	149	3.94787e+06	13886.4
	150	3.93378e+06	14010.6
	151	3.91961e+06	14134
	152	3.90537e+06	14256.4
	153	3.89105e+06	14377.9
	154	3.87665e+06	14498.5
	155	3.86219e+06	14618
	156	3.84766e+06	14736.5
	157	3.83306e+06	14853.9
	158	3.8184e+06	14970.2
	159	3.80368e+06	15085.3
	160	3.78889e+06	15199.3
	161	3.77405e+06	15312
	162	3.75915e+06	15423.5
	163	3.7442e+06	15533.7
	164	3.7292e+06	15642.6
	165	3.71415e+06	15750.1
	166	3.69906e+06	15856.3
	167	3.68392e+06	15961.1
	168	3.66874e+06	16064.4
	169	3.65352e+06	16166.3
	170	3.63826e+06	16266.8
	171	3.62297e+06	16365.7
	172	3.60764e+06	16463.2
	173	3.59229e+06	16559.1
	174	3.5769e+06	16653.4
	175	3.56149e+06	16746.1
	176	3.54606e+06	16837.3
	177	3.53061e+06	16926.9
	178	3.51514e+06	17014.8
	179	3.49965e+06	17101.1
	180	3.48414e+06	17185.7
	181	3.46863e+06	17268.7
	182	3.45311e+06	17350
	183	3.43757e+06	17429.6
	184	3.42204e+06	17507.5
	185	3.40649e+06	17583.7
	186	3.39095e+06	17658.2
	187	3.37541e+06	17731
	188	3.35987e+06	17802.1
	189	3.34434e+06	17871.5
	190	3.32882e+06	17939.1
	191	3.3133e+06	18005
	192	3.29779e+06	18069.1
	193	3.2823e+06	18131.6
	194	3.26683e+06	18192.3
	195	3.25137e+06	18251.2
	196	3.23593e+06	18308.5
	197	3.22051e+06	18364
	198	3.20511e+06	18417.9
	199	3.18974e+06	18470
	200	3.17439e+06	18520.4
	201	3.15907e+06	18569.1
	202	3.14378e+06	18616.1
	203	3.12853e+06	18661.5
	204	3.1133e+06	18705.2
	205	3.09811e+06	18747.2
	206	3.08296e+06	18787.5
	207	3.06784e+06	18826.3
	208	3.05276e+06	18863.4
	209	3.03773e+06	18898.8
	210	3.02273e+06	18932.7
	211	3.00778e+06	18965
	212	2.99287e+06	18995.7
	213	2.97801e+06	19024.9
	214	2.9632e+06	19052.5
	215	2.94843e+06	19078.6
	216	2.93372e+06	19103.2
	217	2.91905e+06	19126.2
	218	2.90444e+06	19147.8
	219	2.88988e+06	19167.9
	220	2.87537e+06	19186.6
	221	2.86092e+06	19203.8
	222	2.84653e+06	19219.7
	223	2.83219e+06	19234.1
	224	2.81791e+06	19247.2
	225	2.80369e+06	19258.9
	226	2.78953e+06	19269.2
	227	2.77543e+06	19278.3
	228	2.76139e+06	19286
	229	2.74742e+06	19292.5
	230	2.7335e+06	19297.7
	231	2.71965e+06	19301.6
	232	2.70587e+06	19304.3
	233	2.69215e+06	19305.9
	234	2.67849e+06	19306.2
	235	2.6649e+06	19305.4
	236	2.65138e+06	19303.4
	237	2.63792e+06	19300.3
	238	2.62453e+06	19296.1
	239	2.61121e+06	19290.8
	240	2.59796e+06	19284.4
	241	2.58478e+06	19277
	242	2.57167e+06	19268.6
	243	2.55863e+06	19259.1
	244	2.54565e+06	19248.7
	245	2.53275e+06	19237.3
	246	2.51992e+06	19224.9
	247	2.50716e+06	19211.6
	248	2.49447e+06	19197.4
	249	2.48185e+06	19182.3
	250	2.4693e+06	19166.3
	251	2.45683e+06	19149.5
	252	2.44443e+06	19131.8
	253	2.4321e+06	19113.3
	254	2.41984e+06	19094
	255	2.40765e+06	19073.9
	256	2.39554e+06	19053
	257	2.3835e+06	19031.4
	258	2.37153e+06	19009.1
	259	2.35963e+06	18986
	260	2.34781e+06	18962.3
	261	2.33606e+06	18937.9
	262	2.32438e+06	18912.8
	263	2.31277e+06	18887
	264	2.30124e+06	18860.7
	265	2.28978e+06	18833.7
	266	2.27839e+06	18806.1
	267	2.26708e+06	18777.9
	268	2.25583e+06	18749.2
	269	2.24466e+06	18719.9
	270	2.23356e+06	18690.1
	271	2.22254e+06	18659.7
	272	2.21158e+06	18628.9
	273	2.2007e+06	18597.5
	274	2.18988e+06	18565.7
	275	2.17914e+06	18533.4
	276	2.16847e+06	18500.6
	277	2.15787e+06	18467.4
	278	2.14734e+06	18433.8
	279	2.13688e+06	18399.8
	280	2.12649e+06	18365.3
	281	2.11618e+06	18330.5
	282	2.10593e+06	18295.3
	283	2.09575e+06	18259.8
	284	2.08564e+06	18223.8
	285	2.0756e+06	18187.6
	286	2.06563e+06	18151
	287	2.05572e+06	18114.1
	288	2.04589e+06	18076.9
	289	2.03612e+06	18039.5
	290	2.02642e+06	18001.7
	291	2.01679e+06	17963.6
	292	2.00723e+06	17925.3
	293	1.99773e+06	17886.8
	294	1.9883e+06	17848
	295	1.97893e+06	17809
	296	1.96963e+06	17769.7
	297	1.9604e+06	17730.2
	298	1.95123e+06	17690.6
	299	1.94213e+06	17650.7
	300	1.93309e+06	17610.7
	301	1.92412e+06	17570.4
	302	1.91521e+06	17530
	303	1.90637e+06	17489.5
	304	1.89759e+06	17448.8
	305	1.88887e+06	17407.9
	306	1.88022e+06	17366.9
	307	1.87162e+06	17325.8
	308	1.86309e+06	17284.6
	309	1.85463e+06	17243.2
	310	1.84622e+06	17201.8
	311	1.83788e+06	17160.2
	312	1.8296e+06	17118.6
	313	1.82137e+06	17076.8
	314	1.81321e+06	17035
	315	1.80511e+06	16993.1
	316	1.79707e+06	16951.2
	317	1.78909e+06	16909.2
	318	1.78117e+06	16867.1
	319	1.77331e+06	16825
	320	1.7655e+06	16782.8
	321	1.75776e+06	16740.6
	322	1.75007e+06	16698.4
	323	1.74244e+06	16656.2
	324	1.73487e+06	16613.9
	325	1.72736e+06	16571.6
	326	1.7199e+06	16529.3
	327	1.71251e+06	16487
	328	1.70516e+06	16444.7
	329	1.69788e+06	16402.4
	330	1.69065e+06	16360.1
	331	1.68348e+06	16317.8
	332	1.67636e+06	16275.6
	333	1.6693e+06	16233.3
	334	1.66229e+06	16191.1
	335	1.65534e+06	16148.9
	336	1.64844e+06	16106.8
	337	1.6416e+06	16064.6
	338	1.63481e+06	16022.6
	339	1.62808e+06	15980.5
	340	1.6214e+06	15938.6
	341	1.61478e+06	15896.6
	342	1.60821e+06	15854.7
	343	1.60169e+06	15812.9
	344	1.59522e+06	15771.2
	345	1.58881e+06	15729.5
	346	1.58246e+06	15687.9
	347	1.57615e+06	15646.3
	348	1.5699e+06	15604.9
	349	1.5637e+06	15563.5
	350	1.55755e+06	15522.1
	351	1.55146e+06	15480.9
	352	1.54542e+06	15439.8
	353	1.53943e+06	15398.7
	354	1.53349e+06	15357.7
	355	1.52761e+06	15316.9
	356	1.52178e+06	15276.1
	357	1.516e+06	15235.4
	358	1.51027e+06	15194.8
	359	1.50459e+06	15154.3
	360	1.49897e+06	15114
	361	1.4934e+06	15073.7
	362	1.48788e+06	15033.6
	363	1.48241e+06	14993.5
	364	1.477e+06	14953.6
	365	1.47164e+06	14913.8
	366	1.46633e+06	14874.1
	367	1.46107e+06	14834.5
	368	1.45587e+06	14795.1
	369	1.45071e+06	14755.7
	370	1.44562e+06	14716.5
	371	1.44057e+06	14677.5
	372	1.43558e+06	14638.5
	373	1.43064e+06	14599.7
	374	1.42575e+06	14561
	375	1.42092e+06	14522.5
	376	1.41614e+06	14484.1
	377	1.41142e+06	14445.8
	378	1.40675e+06	14407.7
	379	1.40214e+06	14369.7
	380	1.39758e+06	14331.9
	381	1.39308e+06	14294.2
	382	1.38863e+06	14256.6
	383	1.38424e+06	14219.2
	384	1.37991e+06	14182
	385	1.37563e+06	14144.9
	386	1.37141e+06	14107.9
	387	1.36725e+06	14071.1
	388	1.36315e+06	14034.5
	389	1.35911e+06	13998
	390	1.35513e+06	13961.7
	391	1.35121e+06	13925.5
	392	1.34735e+06	13889.5
	393	1.34355e+06	13853.7
	394	1.33982e+06	13818.1
	395	1.33614e+06	13782.6
	396	1.33254e+06	13747.2
	397	1.32899e+06	13712.1
	398	1.32552e+06	13677.1
	399	1.3221e+06	13642.3
	400	1.31876e+06	13607.6
	401	1.31549e+06	13573.2
	402	1.31228e+06	13538.9
	403	1.30915e+06	13504.8
	404	1.30608e+06	13470.9
	405	1.30309e+06	13437.2
	406	1.30018e+06	13403.6
	407	1.29733e+06	13370.3
	408	1.29457e+06	13337.1
	409	1.29188e+06	13304.2
	410	1.28927e+06	13271.4
	411	1.28675e+06	13238.8
	412	1.2843e+06	13206.4
	413	1.28194e+06	13174.3
	414	1.27966e+06	13142.3
	415	1.27747e+06	13110.5
	416	1.27537e+06	13079
	417	1.27335e+06	13047.6
	418	1.27143e+06	13016.5
	419	1.26961e+06	12985.5
	420	1.26788e+06	12954.8
	421	1.26624e+06	12924.3
	422	1.26471e+06	12894.1
	423	1.26328e+06	12864
	424	1.26195e+06	12834.2
	425	1.26073e+06	12804.7
	426	1.25962e+06	12775.3
	427	1.25861e+06	12746.2
	428	1.25773e+06	12717.3
	429	1.25696e+06	12688.7
	430	1.2563e+06	12660.3
	431	1.25577e+06	12632.2
	432	1.25537e+06	12604.3
	433	1.25509e+06	12576.7
	434	1.25494e+06	12549.4
	435	1.25492e+06	12522.3
	436	1.25504e+06	12495.5
	437	1.25531e+06	12468.9
	438	1.25571e+06	12442.7
	439	1.25626e+06	12416.7
	440	1.25696e+06	12391
	441	1.25781e+06	12365.6
	442	1.25882e+06	12340.5
	443	1.26e+06	12315.7
	444	1.26133e+06	12291.1
	445	1.26284e+06	12267
	446	1.26452e+06	12243.1
	447	1.26637e+06	12219.5
	448	1.26841e+06	12196.3
	449	1.27063e+06	12173.4
	450	1.27304e+06	12150.8
	451	1.27564e+06	12128.6
	452	1.27845e+06	12106.7
	453	1.28145e+06	12085.2
	454	1.28467e+06	12064.1
	455	1.28809e+06	12043.3
	456	1.29174e+06	12022.9
	457	1.2956e+06	12002.9
	458	1.29969e+06	11983.3
	459	1.30402e+06	11964.1
	460	1.30858e+06	11945.3
	461	1.31338e+06	11926.9
	462	1.31843e+06	11908.9
	463	1.32373e+06	11891.3
	464	1.32929e+06	11874.2
	465	1.33511e+06	11857.6
	466	1.34119e+06	11841.4
	467	1.34755e+06	11825.6
	468	1.35419e+06	11810.4
	469	1.36111e+06	11795.6
	470	1.36831e+06	11781.3
	471	1.37581e+06	11767.5
	472	1.3836e+06	11754.3
	473	1.3917e+06	11741.5
	474	1.4001e+06	11729.3
	475	1.40881e+06	11717.7
	476	1.41784e+06	11706.6
	477	1.42719e+06	11696
	478	1.43686e+06	11686.1
	479	1.44685e+06	11676.7
	480	1.45718e+06	11667.9
	481	1.46784e+06	11659.7
	482	1.47884e+06	11652.2
	483	1.49018e+06	11645.3
	484	1.50186e+06	11639
	485	1.51389e+06	11633.4
	486	1.52627e+06	11628.5
	487	1.53899e+06	11624.3
	488	1.55206e+06	11620.7
	489	1.56549e+06	11617.9
	490	1.57926e+06	11615.7
	491	1.59339e+06	11614.4
	492	1.60787e+06	11613.7
	493	1.62269e+06	11613.8
	494	1.63787e+06	11614.7
	495	1.65339e+06	11616.4
	496	1.66926e+06	11618.9
	497	1.68547e+06	11622.1
	498	1.70201e+06	11626.2
	499	1.71889e+06	11631.1
	500	1.73609e+06	11636.9
	501	1.75362e+06	11643.6
	502	1.77147e+06	11651
	503	1.78962e+06	11659.4
	504	1.80808e+06	11668.7
	505	1.82683e+06	11678.9
	506	1.84587e+06	11690
	507	1.86519e+06	11702
	508	1.88477e+06	11714.9
	509	1.90461e+06	11728.8
	510	1.92469e+06	11743.7
	511	1.94501e+06	11759.5
	512	1.96554e+06	11776.2
	513	1.98629e+06	11794
	514	2.00723e+06	11812.8
	515	2.02835e+06	11832.5
	516	2.04963e+06	11853.2
	517	2.07107e+06	11875
	518	2.09264e+06	11897.8
	519	2.11433e+06	11921.6
	520	2.13612e+06	11946.4
	521	2.15799e+06	11972.2
	522	2.17994e+06	11999.1
	523	2.20193e+06	12027
	524	2.22396e+06	12055.9
	525	2.246e+06	12085.8
	526	2.26804e+06	12116.8
	527	2.29006e+06	12148.9
	528	2.31204e+06	12181.9
	529	2.33396e+06	12216
	530	2.3558e+06	12251.1
	531	2.37755e+06	12287.3
	532	2.39919e+06	12324.4
	533	2.4207e+06	12362.6
	534	2.44206e+06	12401.7
	535	2.46325e+06	12441.9
	536	2.48427e+06	12483
	537	2.50508e+06	12525.2
	538	2.52568e+06	12568.3
	539	2.54604e+06	12612.3
	540	2.56616e+06	12657.3
	541	2.58601e+06	12703.2
	542	2.60559e+06	12750.1
	543	2.62488e+06	12797.8
	544	2.64386e+06	12846.5
	545	2.66252e+06	12896
	546	2.68086e+06	12946.4
	547	2.69885e+06	12997.6
	548	2.71649e+06	13049.6
	549	2.73377e+06	13102.4
	550	2.75067e+06	13156
	551	2.76719e+06	13210.4
	552	2.78333e+06	13265.5
	553	2.79906e+06	13321.4
	554	2.81439e+06	13377.9
	555	2.82931e+06	13435.1
	556	2.84382e+06	13492.9
	557	2.8579e+06	13551.4
	558	2.87155e+06	13610.4
	559	2.88478e+06	13670.1
	560	2.89757e+06	13730.3
	561	2.90993e+06	13791
	562	2.92184e+06	13852.2
	563	2.93332e+06	13913.8
	564	2.94437e+06	13975.9
	565	2.95497e+06	14038.5
	566	2.96513e+06	14101.4
	567	2.97485e+06	14164.6
	568	2.98414e+06	14228.2
	569	2.99299e+06	14292.1
	570	3.0014e+06	14356.3
	571	3.00939e+06	14420.7
	572	3.01694e+06	14485.3
	573	3.02408e+06	14550.1
	574	3.03079e+06	14615
	575	3.03708e+06	14680.1
	576	3.04296e+06	14745.2
	577	3.04844e+06	14810.5
	578	3.0535e+06	14875.8
	579	3.05818e+06	14941
	580	3.06245e+06	15006.3
	581	3.06635e+06	15071.5
	582	3.06985e+06	15136.7
	583	3.07299e+06	15201.7
	584	3.07575e+06	15266.6
	585	3.07815e+06	15331.3
	586	3.08019e+06	15395.9
	587	3.08188e+06	15460.2
	588	3.08323e+06	15524.3
	589	3.08424e+06	15588.1
	590	3.08492e+06	15651.7
	591	3.08527e+06	15714.9
	592	3.0853e+06	15777.8
	593	3.08502e+06	15840.3
	594	3.08444e+06	15902.4
	595	3.08356e+06	15964
	596	3.08239e+06	16025.3
	597	3.08093e+06	16086.1
	598	3.0792e+06	16146.3
	599	3.07719e+06	16206.1
	600	3.07492e+06	16265.4
	601	3.07239e+06	16324.1
	602	3.06961e+06	16382.2
	603	3.06659e+06	16439.7
	604	3.06332e+06	16496.7
	605	3.05983e+06	16553
	606	3.05611e+06	16608.6
	607	3.05216e+06	16663.6
	608	3.04801e+06	16717.9
	609	3.04365e+06	16771.5
	610	3.03908e+06	16824.4
	611	3.03432e+06	16876.5
	612	3.02937e+06	16927.9
	613	3.02424e+06	16978.6
	614	3.01893e+06	17028.4
	615	3.01344e+06	17077.5
	616	3.00779e+06	17125.8
	617	3.00198e+06	17173.3
	618	2.99601e+06	17220
	619	2.98988e+06	17265.8
	620	2.98362e+06	17310.8
	621	2.97721e+06	17354.9
	622	2.97066e+06	17398.2
	623	2.96399e+06	17440.7
	624	2.95718e+06	17482.2
	625	2.95026e+06	17522.9
	626	2.94322e+06	17562.7
	627	2.93606e+06	17601.5
	628	2.9288e+06	17639.5
	629	2.92143e+06	17676.6
	630	2.91396e+06	17712.8
	631	2.9064e+06	17748.1
	632	2.89875e+06	17782.4
	633	2.891e+06	17815.9
	634	2.88318e+06	17848.4
	635	2.87527e+06	17880
	636	2.86729e+06	17910.7
	637	2.85924e+06	17940.5
	638	2.85111e+06	17969.3
	639	2.84292e+06	17997.2
	640	2.83467e+06	18024.2
	641	2.82636e+06	18050.3
	642	2.818e+06	18075.5
	643	2.80958e+06	18099.7
	644	2.80111e+06	18123.1
	645	2.7926e+06	18145.5
	646	2.78404e+06	18167
	647	2.77544e+06	18187.6
	648	2.76681e+06	18207.3
	649	2.75814e+06	18226.1
	650	2.74944e+06	18244
	651	2.74071e+06	18261.1
	652	2.73195e+06	18277.2
	653	2.72317e+06	18292.5
	654	2.71437e+06	18306.9
	655	2.70554e+06	18320.5
	656	2.6967e+06	18333.1
	657	2.68785e+06	18345
	658	2.67898e+06	18356
	659	2.6701e+06	18366.1
	660	2.66121e+06	18375.4
	661	2.65232e+06	18383.9
	662	2.64342e+06	18391.6
	663	2.63452e+06	18398.5
	664	2.62562e+06	18404.6
	665	2.61672e+06	18409.9
	666	2.60783e+06	18414.4
	667	2.59894e+06	18418.1
	668	2.59005e+06	18421.1
	669	2.58118e+06	18423.3
	670	2.57231e+06	18424.7
	671	2.56346e+06	18425.4
	672	2.55462e+06	18425.4
	673	2.54579e+06	18424.7
	674	2.53698e+06	18423.3
	675	2.52819e+06	18421.1
	676	2.51942e+06	18418.3
	677	2.51066e+06	18414.8
	678	2.50193e+06	18410.6
	679	2.49322e+06	18405.8
	680	2.48454e+06	18400.3
	681	2.47588e+06	18394.2
	682	2.46725e+06	18387.4
	683	2.45865e+06	18380
	684	2.45007e+06	18372
	685	2.44153e+06	18363.5
	686	2.43301e+06	18354.3
	687	2.42453e+06	18344.5
	688	2.41608e+06	18334.2
	689	2.40767e+06	18323.3
	690	2.39929e+06	18311.8
	691	2.39095e+06	18299.8
	692	2.38264e+06	18287.3
	693	2.37437e+06	18274.3
	694	2.36615e+06	18260.7
	695	2.35796e+06	18246.7
	696	2.34981e+06	18232.1
	697	2.3417e+06	18217.1
	698	2.33364e+06	18201.6
	699	2.32561e+06	18185.7
	700	2.31763e+06	18169.3
	701	2.3097e+06	18152.4
	702	2.30181e+06	18135.1
	703	2.29397e+06	18117.4
	704	2.28617e+06	18099.3
	705	2.27842e+06	18080.8
	706	2.27072e+06	18061.9
	707	2.26307e+06	18042.6
	708	2.25547e+06	18023
	709	2.24791e+06	18003
	710	2.24041e+06	17982.6
	711	2.23296e+06	17961.8
	712	2.22556e+06	17940.8
	713	2.21821e+06	17919.4
	714	2.21091e+06	17897.7
	715	2.20367e+06	17875.7
	716	2.19648e+06	17853.3
	717	2.18934e+06	17830.7
	718	2.18227e+06	17807.8
	719	2.17524e+06	17784.7
	720	2.16827e+06	17761.2
	721	2.16136e+06	17737.5
	722	2.15451e+06	17713.6
	723	2.14771e+06	17689.4
	724	2.14097e+06	17665
	725	2.13429e+06	17640.3
	726	2.12767e+06	17615.5
	727	2.1211e+06	17590.4
	728	2.1146e+06	17565.1
	729	2.10816e+06	17539.7
	730	2.10178e+06	17514
	731	2.09546e+06	17488.2
	732	2.0892e+06	17462.2
	733	2.083e+06	17436
	734	2.07687e+06	17409.7
	735	2.0708e+06	17383.2
	736	2.06479e+06	17356.6
	737	2.05885e+06	17329.9
	738	2.05297e+06	17303
	739	2.04716e+06	17276
	740	2.04141e+06	17248.9
	741	2.03573e+06	17221.7
	742	2.03011e+06	17194.4
	743	2.02456e+06	17167
	744	2.01908e+06	17139.5
	745	2.01367e+06	17111.9
	746	2.00832e+06	17084.3
	747	2.00304e+06	17056.6
	748	1.99784e+06	17028.8
	749	1.9927e+06	17001
	750	1.98763e+06	16973.1
	751	1.98263e+06	16945.2
	752	1.97771e+06	16917.2
	753	1.97285e+06	16889.3
	754	1.96807e+06	16861.3
	755	1.96336e+06	16833.2
	756	1.95873e+06	16805.2
	757	1.95416e+06	16777.2
	758	1.94968e+06	16749.1
	759	1.94526e+06	16721.1
	760	1.94093e+06	16693.1
	761	1.93666e+06	16665.1
	762	1.93248e+06	16637.1
	763	1.92837e+06	16609.2
	764	1.92434e+06	16581.2
	765	1.92039e+06	16553.4
	766	1.91652e+06	16525.5
	767	1.91272e+06	16497.7
	768	1.90901e+06	16470
	769	1.90538e+06	16442.3
	770	1.90182e+06	16414.7
	771	1.89835e+06	16387.2
	772	1.89497e+06	16359.7
	773	1.89166e+06	16332.3
	774	1.88844e+06	16305
	775	1.8853e+06	16277.8
	776	1.88225e+06	16250.7
	777	1.87929e+06	16223.7
	778	1.87641e+06	16196.8
	779	1.87362e+06	16169.9
	780	1.87091e+06	16143.3
	781	1.8683e+06	16116.7
	782	1.86577e+06	16090.2
	783	1.86334e+06	16063.9
	784	1.86099e+06	16037.7
	785	1.85874e+06	16011.7
	786	1.85658e+06	15985.8
	787	1.85451e+06	15960
	788	1.85253e+06	15934.4
	789	1.85065e+06	15908.9
	790	1.84887e+06	15883.6
	791	1.84718e+06	15858.5
	792	1.84558e+06	15833.5
	793	1.84409e+06	15808.7
	794	1.84269e+06	15784.1
	795	1.84139e+06	15759.7
	796	1.84019e+06	15735.5
	797	1.8391e+06	15711.4
	798	1.8381e+06	15687.6
	799	1.8372e+06	15663.9
	800	1.83641e+06	15640.4
	801	1.83572e+06	15617.2
	802	1.83514e+06	15594.2
	803	1.83466e+06	15571.4
	804	1.83429e+06	15548.8
	805	1.83402e+06	15526.4
	806	1.83386e+06	15504.3
	807	1.83381e+06	15482.4
	808	1.83387e+06	15460.7
	809	1.83404e+06	15439.3
	810	1.83432e+06	15418.1
	811	1.83471e+06	15397.2
	812	1.83521e+06	15376.6
	813	1.83583e+06	15356.2
	814	1.83655e+06	15336
	815	1.8374e+06	15316.2
	816	1.83835e+06	15296.6
	817	1.83942e+06	15277.2
	818	1.84061e+06	15258.2
	819	1.84191e+06	15239.5
	820	1.84333e+06	15221
	821	1.84487e+06	15202.8
	822	1.84653e+06	15185
	823	1.8483e+06	15167.4
	824	1.85019e+06	15150.2
	825	1.85221e+06	15133.2
	826	1.85434e+06	15116.6
	827	1.85659e+06	15100.3
	828	1.85896e+06	15084.3
	829	1.86146e+06	15068.6
	830	1.86407e+06	15053.3
	831	1.86681e+06	15038.3
	832	1.86966e+06	15023.6
	833	1.87264e+06	15009.3
	834	1.87574e+06	14995.3
	835	1.87896e+06	14981.7
	836	1.88231e+06	14968.5
	837	1.88577e+06	14955.6
	838	1.88936e+06	14943
	839	1.89306e+06	14930.9
	840	1.89689e+06	14919
	841	1.90084e+06	14907.6
	842	1.90491e+06	14896.6
	843	1.9091e+06	14885.9
	844	1.9134e+06	14875.6
	845	1.91783e+06	14865.7
	846	1.92238e+06	14856.2
	847	1.92704e+06	14847.1
	848	1.93182e+06	14838.4
	849	1.93671e+06	14830.1
	850	1.94172e+06	14822.2
	851	1.94685e+06	14814.7
	852	1.95208e+06	14807.6
	853	1.95743e+06	14800.9
	854	1.96289e+06	14794.7
	855	1.96846e+06	14788.8
	856	1.97413e+06	14783.4
	857	1.97991e+06	14778.4
	858	1.9858e+06	14773.9
	859	1.99179e+06	14769.7
	860	1.99788e+06	14766.1
	861	2.00407e+06	14762.8
	862	2.01036e+06	14760
	863	2.01675e+06	14757.6
	864	2.02323e+06	14755.7
	865	2.02979e+06	14754.2
	866	2.03645e+06	14753.1
	867	2.0432e+06	14752.5
	868	2.05003e+06	14752.4
	869	2.05694e+06	14752.7
	870	2.06393e+06	14753.4
	871	2.071e+06	14754.6
	872	2.07815e+06	14756.3
	873	2.08536e+06	14758.4
	874	2.09264e+06	14760.9
	875	2.09999e+06	14763.9
	876	2.1074e+06	14767.4
	877	2.11487e+06	14771.3
	878	2.1224e+06	14775.7
	879	2.12998e+06	14780.6
	880	2.13761e+06	14785.9
	881	2.14529e+06	14791.6
	882	2.153e+06	14797.8
	883	2.16076e+06	14804.5
	884	2.16856e+06	14811.6
	885	2.17638e+06	14819.1
	886	2.18424e+06	14827.1
	887	2.19212e+06	14835.6
	888	2.20002e+06	14844.5
	889	2.20794e+06	14853.8
	890	2.21587e+06	14863.6
	891	2.22381e+06	14873.9
	892	2.23176e+06	14884.5
	893	2.23972e+06	14895.6
	894	2.24767e+06	14907.1
	895	2.25561e+06	14919.1
	896	2.26355e+06	14931.5
	897	2.27147e+06	14944.3
	898	2.27938e+06	14957.5
	899	2.28726e+06	14971.1
	900	2.29513e+06	14985.2
	901	2.30296e+06	14999.6
	902	2.31076e+06	15014.5
	903	2.31853e+06	15029.7
	904	2.32625e+06	15045.3
	905	2.33393e+06	15061.3
	906	2.34157e+06	15077.7
	907	2.34915e+06	15094.5
	908	2.35668e+06	15111.6
	909	2.36415e+06	15129.1
	910	2.37156e+06	15147
	911	2.37891e+06	15165.2
	912	2.38619e+06	15183.7
	913	2.39339e+06	15202.6
	914	2.40052e+06	15221.8
	915	2.40758e+06	15241.4
	916	2.41455e+06	15261.2
	917	2.42143e+06	15281.4
	918	2.42823e+06	15301.8
	919	2.43494e+06	15322.6
	920	2.44156e+06	15343.6
	921	2.44808e+06	15364.9
	922	2.45451e+06	15386.5
	923	2.46083e+06	15408.3
	924	2.46705e+06	15430.4
	925	2.47316e+06	15452.8
	926	2.47917e+06	15475.3
	927	2.48506e+06	15498.1
	928	2.49085e+06	15521.1
	929	2.49651e+06	15544.4
	930	2.50207e+06	15567.8
	931	2.5075e+06	15591.4
	932	2.51282e+06	15615.2
	933	2.51801e+06	15639.1
	934	2.52308e+06	15663.3
	935	2.52803e+06	15687.5
	936	2.53285e+06	15712
	937	2.53755e+06	15736.5
	938	2.54212e+06	15761.2
	939	2.54656e+06	15786
	940	2.55087e+06	15810.9
	941	2.55505e+06	15835.9
	942	2.55909e+06	15860.9
	943	2.56301e+06	15886.1
	944	2.56679e+06	15911.3
	945	2.57045e+06	15936.5
	946	2.57396e+06	15961.8
	947	2.57735e+06	15987.2
	948	2.5806e+06	16012.6
	949	2.58372e+06	16038
	950	2.5867e+06	16063.3
	951	2.58955e+06	16088.7
	952	2.59226e+06	16114.1
	953	2.59485e+06	16139.5
	954	2.5973e+06	16164.8
	955	2.59961e+06	16190.1
	956	2.6018e+06	16215.3
	957	2.60385e+06	16240.5
	958	2.60577e+06	16265.6
	959	2.60756e+06	16290.6
	960	2.60923e+06	16315.5
	961	2.61076e+06	16340.3
	962	2.61216e+06	16365.1
	963	2.61344e+06	16389.7
	964	2.61459e+06	16414.2
	965	2.61561e+06	16438.5
	966	2.61651e+06	16462.8
	967	2.61729e+06	16486.8
	968	2.61795e+06	16510.8
	969	2.61848e+06	16534.5
	970	2.61889e+06	16558.1
	971	2.61919e+06	16581.5
	972	2.61937e+06	16604.7
	973	2.61943e+06	16627.7
	974	2.61938e+06	16650.5
	975	2.61921e+06	16673.1
	976	2.61894e+06	16695.5
	977	2.61855e+06	16717.6
	978	2.61805e+06	16739.6
	979	2.61745e+06	16761.2
	980	2.61674e+06	16782.7
	981	2.61592e+06	16803.9
	982	2.61501e+06	16824.8
	983	2.61399e+06	16845.5
	984	2.61287e+06	16865.9
	985	2.61166e+06	16886
	986	2.61035e+06	16905.9
	987	2.60894e+06	16925.4
	988	2.60745e+06	16944.7
	989	2.60586e+06	16963.7
	990	2.60418e+06	16982.4
	991	2.60241e+06	17000.8
	992	2.60056e+06	17018.8
	993	2.59862e+06	17036.6
	994	2.5966e+06	17054
	995	2.5945e+06	17071.1
	996	2.59232e+06	17087.9
	997	2.59006e+06	17104.4
	998	2.58772e+06	17120.5
	999	2.58531e+06	17136.3
	1000	2.58283e+06	17151.8
	1001	2.58028e+06	17166.9
	1002	2.57766e+06	17181.7
	1003	2.57497e+06	17196.1
	1004	2.57222e+06	17210.2
	1005	2.5694e+06	17224
	1006	2.56651e+06	17237.4
	1007	2.56357e+06	17250.4
	1008	2.56057e+06	17263.1
	1009	2.55751e+06	17275.4
	1010	2.5544e+06	17287.4
	1011	2.55123e+06	17299
	1012	2.548e+06	17310.2
	1013	2.54473e+06	17321.1
	1014	2.54141e+06	17331.6
	1015	2.53803e+06	17341.8
	1016	2.53462e+06	17351.6
	1017	2.53115e+06	17361
	1018	2.52765e+06	17370.1
	1019	2.5241e+06	17378.8
	1020	2.52051e+06	17387.1
	1021	2.51689e+06	17395.1
	1022	2.51322e+06	17402.7
	1023	2.50952e+06	17410
	1024	2.50579e+06	17416.9
	1025	2.50202e+06	17423.4
	1026	2.49822e+06	17429.6
	1027	2.49439e+06	17435.4
	1028	2.49053e+06	17440.9
	1029	2.48665e+06	17446
	1030	2.48273e+06	17450.7
	1031	2.4788e+06	17455.1
	1032	2.47484e+06	17459.2
	1033	2.47086e+06	17462.9
	1034	2.46685e+06	17466.2
	1035	2.46283e+06	17469.3
	1036	2.45879e+06	17471.9
	1037	2.45473e+06	17474.2
	1038	2.45066e+06	17476.2
	1039	2.44657e+06	17477.9
	1040	2.44247e+06	17479.2
	1041	2.43836e+06	17480.2
	1042	2.43424e+06	17480.8
	1043	2.4301e+06	17481.2
	1044	2.42596e+06	17481.2
	1045	2.42181e+06	17480.9
	1046	2.41766e+06	17480.2
	1047	2.4135e+06	17479.3
	1048	2.40933e+06	17478
	1049	2.40516e+06	17476.5
	1050	2.40099e+06	17474.6
	1051	2.39682e+06	17472.4
	1052	2.39265e+06	17470
	1053	2.38848e+06	17467.2
	1054	2.38432e+06	17464.1
	1055	2.38015e+06	17460.8
	1056	2.37599e+06	17457.2
	1057	2.37184e+06	17453.2
	1058	2.36769e+06	17449.1
	1059	2.36355e+06	17444.6
	1060	2.35941e+06	17439.9
	1061	2.35529e+06	17434.9
	1062	2.35117e+06	17429.6
	1063	2.34707e+06	17424.1
	1064	2.34298e+06	17418.3
	1065	2.3389e+06	17412.3
	1066	2.33483e+06	17406
	1067	2.33078e+06	17399.5
	1068	2.32674e+06	17392.7
	1069	2.32272e+06	17385.7
	1070	2.31871e+06	17378.5
	1071	2.31472e+06	17371.1
	1072	2.31075e+06	17363.4
	1073	2.3068e+06	17355.5
	1074	2.30287e+06	17347.4
	1075	2.29896e+06	17339.1
	1076	2.29507e+06	17330.6
	1077	2.2912e+06	17321.8
	1078	2.28735e+06	17312.9
	1079	2.28353e+06	17303.8
	1080	2.27973e+06	17294.5
	1081	2.27596e+06	17285
	1082	2.27221e+06	17275.3
	1083	2.26849e+06	17265.5
	1084	2.26479e+06	17255.5
	1085	2.26112e+06	17245.3
	1086	2.25748e+06	17234.9
	1087	2.25387e+06	17224.4
	1088	2.25029e+06	17213.7
	1089	2.24674e+06	17202.9
	1090	2.24322e+06	17191.9
	1091	2.23973e+06	17180.8
	1092	2.23627e+06	17169.6
	1093	2.23285e+06	17158.2
	1094	2.22945e+06	17146.6
	1095	2.22609e+06	17135
	1096	2.22277e+06	17123.2
	1097	2.21948e+06	17111.3
	1098	2.21623e+06	17099.3
	1099	2.21301e+06	17087.2
	1100	2.20982e+06	17075
	1101	2.20668e+06	17062.7
	1102	2.20357e+06	17050.3
	1103	2.2005e+06	17037.7
	1104	2.19747e+06	17025.1
	1105	2.19447e+06	17012.5
	1106	2.19152e+06	16999.7
	1107	2.18861e+06	16986.8
	1108	2.18573e+06	16973.9
	1109	2.1829e+06	16960.9
	1110	2.18011e+06	16947.9
	1111	2.17736e+06	16934.7
	1112	2.17465e+06	16921.6
	1113	2.17199e+06	16908.3
	1114	2.16937e+06	16895.1
	1115	2.16679e+06	16881.7
	1116	2.16426e+06	16868.4
	1117	2.16177e+06	16855
	1118	2.15932e+06	16841.5
	1119	2.15692e+06	16828
	1120	2.15457e+06	16814.6
	1121	2.15226e+06	16801
	1122	2.15e+06	16787.5
	1123	2.14779e+06	16773.9
	1124	2.14562e+06	16760.4
	1125	2.1435e+06	16746.8
	1126	2.14143e+06	16733.2
	1127	2.13941e+06	16719.6
	1128	2.13743e+06	16706
	1129	2.13551e+06	16692.5
	1130	2.13363e+06	16678.9
	1131	2.13181e+06	16665.4
	1132	2.13003e+06	16651.8
	1133	2.12831e+06	16638.3
	1134	2.12663e+06	16624.8
	1135	2.12501e+06	16611.4
	1136	2.12343e+06	16597.9
	1137	2.12191e+06	16584.5
	1138	2.12044e+06	16571.2
	1139	2.11903e+06	16557.9
	1140	2.11766e+06	16544.6
	1141	2.11635e+06	16531.4
	1142	2.11509e+06	16518.2
	1143	2.11388e+06	16505.1
	1144	2.11273e+06	16492
	1145	2.11163e+06	16479
	1146	2.11058e+06	16466.1
	1147	2.10959e+06	16453.2
	1148	2.10866e+06	16440.4
	1149	2.10777e+06	16427.7
	1150	2.10694e+06	16415
	1151	2.10617e+06	16402.4
	1152	2.10545e+06	16389.9
	1153	2.10479e+06	16377.5
	1154	2.10418e+06	16365.2
	1155	2.10362e+06	16353
	1156	2.10312e+06	16340.8
	1157	2.10268e+06	16328.8
	1158	2.10229e+06	16316.9
	1159	2.10196e+06	16305
	1160	2.10168e+06	16293.3
	1161	2.10146e+06	16281.7
	1162	2.1013e+06	16270.2
	1163	2.10119e+06	16258.8
	1164	2.10114e+06	16247.5
	1165	2.10114e+06	16236.3
	1166	2.1012e+06	16225.3
	1167	2.10131e+06	16214.3
	1168	2.10148e+06	16203.5
	1169	2.10171e+06	16192.9
	1170	2.10199e+06	16182.3
	1171	2.10233e+06	16171.9
	1172	2.10272e+06	16161.7
	1173	2.10317e+06	16151.5
	1174	2.10367e+06	16141.6
	1175	2.10423e+06	16131.7
	1176	2.10484e+06	16122
	1177	2.10551e+06	16112.5
	1178	2.10624e+06	16103.1
	1179	2.10701e+06	16093.8
	1180	2.10785e+06	16084.7
	1181	2.10873e+06	16075.8
	1182	2.10967e+06	16067
	1183	2.11067e+06	16058.4
	1184	2.11171e+06	16049.9
	1185	2.11281e+06	16041.6
	1186	2.11397e+06	16033.5
	1187	2.11517e+06	16025.5
	1188	2.11643e+06	16017.7
	1189	2.11774e+06	16010.1
	1190	2.1191e+06	16002.7
	1191	2.12051e+06	15995.4
	1192	2.12197e+06	15988.3
	1193	2.12348e+06	15981.4
	1194	2.12504e+06	15974.6
	1195	2.12665e+06	15968.1
	1196	2.12831e+06	15961.7
	1197	2.13002e+06	15955.5
	1198	2.13177e+06	15949.5
	1199	2.13357e+06	15943.7
	1200	2.13542e+06	15938.1
	1201	2.13731e+06	15932.6
	1202	2.13925e+06	15927.4
	1203	2.14124e+06	15922.3
	1204	2.14327e+06	15917.4
	1205	2.14534e+06	15912.7
	1206	2.14745e+06	15908.3
	1207	2.14961e+06	15904
	1208	2.1518e+06	15899.9
	1209	2.15404e+06	15896
	1210	2.15632e+06	15892.3
	1211	2.15863e+06	15888.8
	1212	2.16099e+06	15885.5
	1213	2.16338e+06	15882.4
	1214	2.16581e+06	15879.5
	1215	2.16827e+06	15876.8
	1216	2.17077e+06	15874.3
	1217	2.17331e+06	15872
	1218	2.17587e+06	15869.9
	1219	2.17847e+06	15868
	1220	2.1811e+06	15866.3
	1221	2.18376e+06	15864.8
	1222	2.18646e+06	15863.5
	1223	2.18917e+06	15862.5
	1224	2.19192e+06	15861.6
	1225	2.19469e+06	15860.9
	1226	2.19749e+06	15860.4
	1227	2.20032e+06	15860.1
	1228	2.20316e+06	15860.1
	1229	2.20603e+06	15860.2
	1230	2.20892e+06	15860.5
	1231	2.21183e+06	15861
	1232	2.21476e+06	15861.8
	1233	2.21771e+06	15862.7
	1234	2.22068e+06	15863.8
	1235	2.22366e+06	15865.2
	1236	2.22666e+06	15866.7
	1237	2.22967e+06	15868.4
	1238	2.23269e+06	15870.3
	1239	2.23573e+06	15872.4
	1240	2.23877e+06	15874.7
	1241	2.24183e+06	15877.2
	1242	2.24489e+06	15879.9
	1243	2.24796e+06	15882.7
	1244	2.25103e+06	15885.8
	1245	2.25411e+06	15889.1
	1246	2.2572e+06	15892.5
	1247	2.26028e+06	15896.1
	1248	2.26337e+06	15899.9
	1249	2.26646e+06	15903.9
	1250	2.26954e+06	15908
	1251	2.27263e+06	15912.4
	1252	2.27571e+06	15916.9
	1253	2.27878e+06	15921.6
	1254	2.28185e+06	15926.4
	1255	2.28491e+06	15931.5
	1256	2.28797e+06	15936.7
	1257	2.29102e+06	15942
	1258	2.29405e+06	15947.6
	1259	2.29708e+06	15953.2
	1260	2.30009e+06	15959.1
	1261	2.30308e+06	15965.1
	1262	2.30607e+06	15971.3
	1263	2.30904e+06	15977.6
	1264	2.31199e+06	15984
	1265	2.31492e+06	15990.6
	1266	2.31783e+06	15997.4
	1267	2.32073e+06	16004.3
	1268	2.3236e+06	16011.3
	1269	2.32645e+06	16018.5
	1270	2.32928e+06	16025.8
	1271	2.33208e+06	16033.2
	1272	2.33486e+06	16040.8
	1273	2.33761e+06	16048.5
	1274	2.34034e+06	16056.3
	1275	2.34304e+06	16064.2
	1276	2.34571e+06	16072.3
	1277	2.34835e+06	16080.4
	1278	2.35096e+06	16088.7
	1279	2.35353e+06	16097.1
	1280	2.35608e+06	16105.5
	1281	2.35859e+06	16114.1
	1282	2.36107e+06	16122.8
	1283	2.36352e+06	16131.6
	1284	2.36592e+06	16140.4
	1285	2.3683e+06	16149.4
	1286	2.37063e+06	16158.4
	1287	2.37293e+06	16167.6
	1288	2.3752e+06	16176.8
	1289	2.37742e+06	16186
	1290	2.3796e+06	16195.4
	1291	2.38174e+06	16204.8
	1292	2.38385e+06	16214.2
	1293	2.38591e+06	16223.8
	1294	2.38793e+06	16233.4
	1295	2.38991e+06	16243
	1296	2.39184e+06	16252.7
	1297	2.39373e+06	16262.4
	1298	2.39558e+06	16272.2
	1299	2.39739e+06	16282
	1300	2.39915e+06	16291.9
	1301	2.40086e+06	16301.8
	1302	2.40253e+06	16311.7
	1303	2.40416e+06	16321.7
	1304	2.40574e+06	16331.6
	1305	2.40727e+06	16341.6
	1306	2.40876e+06	16351.6
	1307	2.4102e+06	16361.6
	1308	2.4116e+06	16371.6
	1309	2.41294e+06	16381.7
	1310	2.41424e+06	16391.7
	1311	2.4155e+06	16401.7
	1312	2.4167e+06	16411.7
	1313	2.41786e+06	16421.8
	1314	2.41897e+06	16431.7
	1315	2.42004e+06	16441.7
	1316	2.42105e+06	16451.7
	1317	2.42202e+06	16461.6
	1318	2.42294e+06	16471.5
	1319	2.42381e+06	16481.4
	1320	2.42464e+06	16491.3
	1321	2.42542e+06	16501.1
	1322	2.42615e+06	16510.9
	1323	2.42683e+06	16520.6
	1324	2.42746e+06	16530.3
	1325	2.42805e+06	16539.9
	1326	2.42859e+06	16549.5
	1327	2.42909e+06	16559.1
	1328	2.42953e+06	16568.6
	1329	2.42994e+06	16578
	1330	2.43029e+06	16587.3
	1331	2.4306e+06	16596.6
	1332	2.43086e+06	16605.8
	1333	2.43108e+06	16615
	1334	2.43125e+06	16624.1
	1335	2.43138e+06	16633.1
	1336	2.43146e+06	16642
	1337	2.4315e+06	16650.8
	1338	2.4315e+06	16659.6
	1339	2.43145e+06	16668.3
	1340	2.43136e+06	16676.8
	1341	2.43122e+06	16685.3
	1342	2.43104e+06	16693.7
	1343	2.43082e+06	16702
	1344	2.43056e+06	16710.2
	1345	2.43026e+06	16718.3
	1346	2.42992e+06	16726.3
	1347	2.42953e+06	16734.2
	1348	2.42911e+06	16742
	1349	2.42865e+06	16749.6
	1350	2.42814e+06	16757.2
	1351	2.4276e+06	16764.7
	1352	2.42702e+06	16772
	1353	2.42641e+06	16779.2
	1354	2.42575e+06	16786.3
	1355	2.42506e+06	16793.3
	1356	2.42434e+06	16800.1
	1357	2.42358e+06	16806.9
	1358	2.42278e+06	16813.5
	1359	2.42195e+06	16819.9
	1360	2.42109e+06	16826.3
	1361	2.42019e+06	16832.5
	1362	2.41926e+06	16838.6
	1363	2.4183e+06	16844.6
	1364	2.4173e+06	16850.4
	1365	2.41628e+06	16856.1
	1366	2.41522e+06	16861.7
	1367	2.41413e+06	16867.1
	1368	2.41302e+06	16872.4
	1369	2.41188e+06	16877.5
	1370	2.4107e+06	16882.6
	1371	2.4095e+06	16887.4
	1372	2.40828e+06	16892.2
	1373	2.40703e+06	16896.8
	1374	2.40575e+06	16901.2
	1375	2.40444e+06	16905.5
	1376	2.40312e+06	16909.7
	1377	2.40176e+06	16913.7
	1378	2.40039e+06	16917.6
	1379	2.39899e+06	16921.4
	1380	2.39757e+06	16925
	1381	2.39613e+06	16928.4
	1382	2.39466e+06	16931.7
	1383	2.39318e+06	16934.9
	1384	2.39168e+06	16937.9
	1385	2.39016e+06	16940.8
	1386	2.38861e+06	16943.5
	1387	2.38706e+06	16946.1
	1388	2.38548e+06	16948.6
	1389	2.38389e+06	16950.9
	1390	2.38228e+06	16953
	1391	2.38066e+06	16955
	1392	2.37902e+06	16956.9
	1393	2.37736e+06	16958.6
	1394	2.3757e+06	16960.2
	1395	2.37402e+06	16961.7
	1396	2.37232e+06	16963
	1397	2.37062e+06	16964.1
	1398	2.3689e+06	16965.2
	1399	2.36718e+06	16966
	1400	2.36544e+06	16966.8
	1401	2.36369e+06	16967.4
	1402	2.36194e+06	16967.9
	1403	2.36017e+06	16968.2
	1404	2.3584e+06	16968.4
	1405	2.35662e+06	16968.4
	1406	2.35483e+06	16968.4
	1407	2.35304e+06	16968.2
	1408	2.35124e+06	16967.8
	1409	2.34944e+06	16967.3
	1410	2.34763e+06	16966.7
	1411	2.34582e+06	16966
	1412	2.34401e+06	16965.1
	1413	2.34219e+06	16964.2
	1414	2.34037e+06	16963
	1415	2.33854e+06	16961.8
	1416	2.33672e+06	16960.4
	1417	2.3349e+06	16959
	1418	2.33307e+06	16957.3
	1419	2.33125e+06	16955.6
	1420	2.32942e+06	16953.8
	1421	2.3276e+06	16951.8
	1422	2.32578e+06	16949.7
	1423	2.32396e+06	16947.5
	1424	2.32214e+06	16945.2
	1425	2.32033e+06	16942.8
	1426	2.31852e+06	16940.3
	1427	2.31672e+06	16937.7
	1428	2.31492e+06	16934.9
	1429	2.31312e+06	16932.1
	1430	2.31133e+06	16929.1
	1431	2.30955e+06	16926.1
	1432	2.30777e+06	16922.9
	1433	2.306e+06	16919.6
	1434	2.30424e+06	16916.3
	1435	2.30248e+06	16912.8
	1436	2.30074e+06	16909.3
	1437	2.299e+06	16905.7
	1438	2.29727e+06	16901.9
	1439	2.29555e+06	16898.1
	1440	2.29384e+06	16894.2
	1441	2.29214e+06	16890.2
	1442	2.29045e+06	16886.1
	1443	2.28877e+06	16882
	1444	2.28711e+06	16877.7
	1445	2.28546e+06	16873.4
	1446	2.28381e+06	16869
	1447	2.28219e+06	16864.6
	1448	2.28057e+06	16860
	1449	2.27897e+06	16855.4
	1450	2.27738e+06	16850.7
	1451	2.27581e+06	16846
	1452	2.27425e+06	16841.2
	1453	2.2727e+06	16836.3
	1454	2.27117e+06	16831.3
	1455	2.26966e+06	16826.3
	1456	2.26816e+06	16821.3
	1457	2.26668e+06	16816.1
	1458	2.26522e+06	16811
	1459	2.26377e+06	16805.7
	1460	2.26234e+06	16800.5
	1461	2.26092e+06	16795.1
	1462	2.25953e+06	16789.7
	1463	2.25815e+06	16784.3
	1464	2.25679e+06	16778.9
	1465	2.25545e+06	16773.3
	1466	2.25413e+06	16767.8
	1467	2.25283e+06	16762.2
	1468	2.25155e+06	16756.6
	1469	2.25028e+06	16750.9
	1470	2.24904e+06	16745.2
	1471	2.24782e+06	16739.5
	1472	2.24662e+06	16733.8
	1473	2.24544e+06	16728
	1474	2.24428e+06	16722.2
	1475	2.24314e+06	16716.4
	1476	2.24202e+06	16710.5
	1477	2.24092e+06	16704.6
	1478	2.23985e+06	16698.7
	1479	2.2388e+06	16692.8
	1480	2.23777e+06	16686.9
	1481	2.23676e+06	16681
	1482	2.23578e+06	16675.1
	1483	2.23482e+06	16669.1
	1484	2.23388e+06	16663.2
	1485	2.23296e+06	16657.2
	1486	2.23207e+06	16651.2
	1487	2.2312e+06	16645.3
	1488	2.23036e+06	16639.3
	1489	2.22954e+06	16633.3
	1490	2.22874e+06	16627.4
	1491	2.22797e+06	16621.4
	1492	2.22722e+06	16615.5
	1493	2.2265e+06	16609.5
	1494	2.2258e+06	16603.6
	1495	2.22512e+06	16597.7
	1496	2.22447e+06	16591.8
	1497	2.22385e+06	16585.9
	1498	2.22325e+06	16580
	1499	2.22267e+06	16574.2
	1500	2.22212e+06	16568.4
	1501	2.2216e+06	16562.5
	1502	2.2211e+06	16556.8
	1503	2.22062e+06	16551
	1504	2.22017e+06	16545.3
	1505	2.21975e+06	16539.6
	1506	2.21935e+06	16533.9
	1507	2.21897e+06	16528.2
	1508	2.21863e+06	16522.6
	1509	2.2183e+06	16517.1
	1510	2.21801e+06	16511.5
	1511	2.21773e+06	16506
	1512	2.21749e+06	16500.5
	1513	2.21727e+06	16495.1
	1514	2.21707e+06	16489.7
	1515	2.2169e+06	16484.4
	1516	2.21676e+06	16479.1
	1517	2.21664e+06	16473.8
	1518	2.21655e+06	16468.6
	1519	2.21648e+06	16463.5
	1520	2.21643e+06	16458.4
	1521	2.21642e+06	16453.3
	1522	2.21642e+06	16448.3
	1523	2.21645e+06	16443.4
	1524	2.21651e+06	16438.5
	1525	2.21659e+06	16433.6
	1526	2.2167e+06	16428.9
	1527	2.21683e+06	16424.1
	1528	2.21699e+06	16419.5
	1529	2.21717e+06	16414.9
	1530	2.21737e+06	16410.3
	1531	2.2176e+06	16405.9
	1532	2.21785e+06	16401.4
	1533	2.21813e+06	16397.1
	1534	2.21843e+06	16392.8
	1535	2.21875e+06	16388.6
	1536	2.2191e+06	16384.4
	1537	2.21947e+06	16380.4
	1538	2.21987e+06	16376.3
	1539	2.22028e+06	16372.4
	1540	2.22072e+06	16368.5
	1541	2.22118e+06	16364.7
	1542	2.22167e+06	16361
	1543	2.22218e+06	16357.4
	1544	2.2227e+06	16353.8
	1545	2.22325e+06	16350.3
	1546	2.22383e+06	16346.9
	1547	2.22442e+06	16343.5
	1548	2.22503e+06	16340.3
	1549	2.22567e+06	16337.1
	1550	2.22632e+06	16334
	1551	2.227e+06	16330.9
	1552	2.22769e+06	16328
	1553	2.2284e+06	16325.1
	1554	2.22914e+06	16322.3
	1555	2.22989e+06	16319.6
	1556	2.23066e+06	16317
	1557	2.23145e+06	16314.5
	1558	2.23226e+06	16312
	1559	2.23309e+06	16309.6
	1560	2.23393e+06	16307.3
	1561	2.23479e+06	16305.1
	1562	2.23567e+06	16303
	1563	2.23657e+06	16301
	1564	2.23748e+06	16299
	1565	2.23841e+06	16297.2
	1566	2.23935e+06	16295.4
	1567	2.24031e+06	16293.7
	1568	2.24128e+06	16292.1
	1569	2.24227e+06	16290.6
	1570	2.24327e+06	16289.2
	1571	2.24428e+06	16287.8
	1572	2.24531e+06	16286.6
	1573	2.24636e+06	16285.4
	1574	2.24741e+06	16284.3
	1575	2.24848e+06	16283.3
	1576	2.24956e+06	16282.4
	1577	2.25065e+06	16281.6
	1578	2.25175e+06	16280.9
	1579	2.25286e+06	16280.3
	1580	2.25398e+06	16279.7
	1581	2.25512e+06	16279.2
	1582	2.25626e+06	16278.8
	1583	2.25741e+06	16278.6
	1584	2.25857e+06	16278.3
	1585	2.25974e+06	16278.2
	1586	2.26092e+06	16278.2
	1587	2.2621e+06	16278.2
	1588	2.26329e+06	16278.4
	1589	2.26449e+06	16278.6
	1590	2.26569e+06	16278.9
	1591	2.2669e+06	16279.3
	1592	2.26812e+06	16279.7
	1593	2.26934e+06	16280.3
	1594	2.27056e+06	16280.9
	1595	2.27179e+06	16281.6
	1596	2.27302e+06	16282.4
	1597	2.27426e+06	16283.3
	1598	2.2755e+06	16284.3
	1599	2.27674e+06	16285.3
	1600	2.27798e+06	16286.4
	1601	2.27923e+06	16287.6
	1602	2.28047e+06	16288.9
	1603	2.28172e+06	16290.2
	1604	2.28297e+06	16291.7
	1605	2.28422e+06	16293.2
	1606	2.28546e+06	16294.7
	1607	2.28671e+06	16296.4
	1608	2.28795e+06	16298.1
	1609	2.28919e+06	16299.9
	1610	2.29043e+06	16301.8
	1611	2.29167e+06	16303.7
	1612	2.29291e+06	16305.7
	1613	2.29414e+06	16307.8
	1614	2.29536e+06	16310
	1615	2.29659e+06	16312.2
	1616	2.2978e+06	16314.5
	1617	2.29902e+06	16316.8
	1618	2.30023e+06	16319.2
	1619	2.30143e+06	16321.7
	1620	2.30262e+06	16324.2
	1621	2.30381e+06	16326.8
	1622	2.305e+06	16329.5
	1623	2.30617e+06	16332.2
	1624	2.30734e+06	16335
	1625	2.3085e+06	16337.8
	1626	2.30965e+06	16340.7
	1627	2.31079e+06	16343.6
	1628	2.31193e+06	16346.6
	1629	2.31305e+06	16349.7
	1630	2.31416e+06	16352.8
	1631	2.31527e+06	16355.9
	1632	2.31636e+06	16359.1
	1633	2.31744e+06	16362.3
	1634	2.31852e+06	16365.6
	1635	2.31958e+06	16369
	1636	2.32062e+06	16372.3
	1637	2.32166e+06	16375.8
	1638	2.32269e+06	16379.2
	1639	2.3237e+06	16382.7
	1640	2.3247e+06	16386.3
	1641	2.32568e+06	16389.8
	1642	2.32665e+06	16393.4
	1643	2.32761e+06	16397.1
	1644	2.32856e+06	16400.8
	1645	2.32949e+06	16404.5
	1646	2.3304e+06	16408.2
	1647	2.33131e+06	16412
	1648	2.33219e+06	16415.8
	1649	2.33306e+06	16419.6
	1650	2.33392e+06	16423.4
	1651	2.33476e+06	16427.3
	1652	2.33559e+06	16431.2
	1653	2.33639e+06	16435.1
	1654	2.33719e+06	16439.1
	1655	2.33796e+06	16443
	1656	2.33872e+06	16447
	1657	2.33947e+06	16451
	1658	2.34019e+06	16455
	1659	2.3409e+06	16459
	1660	2.34159e+06	16463
	1661	2.34227e+06	16467
	1662	2.34293e+06	16471.1
	1663	2.34357e+06	16475.1
	1664	2.34419e+06	16479.2
	1665	2.3448e+06	16483.2
	1666	2.34538e+06	16487.3
	1667	2.34595e+06	16491.4
	1668	2.3465e+06	16495.4
	1669	2.34704e+06	16499.5
	1670	2.34755e+06	16503.6
	1671	2.34805e+06	16507.6
	1672	2.34852e+06	16511.7
	1673	2.34898e+06	16515.7
	1674	2.34943e+06	16519.8
	1675	2.34985e+06	16523.8
	1676	2.35025e+06	16527.8
	1677	2.35064e+06	16531.9
	1678	2.35101e+06	16535.9
	1679	2.35136e+06	16539.8
	1680	2.35169e+06	16543.8
	1681	2.352e+06	16547.8
	1682	2.35229e+06	16551.7
	1683	2.35256e+06	16555.6
	1684	2.35282e+06	16559.5
	1685	2.35306e+06	16563.4
	1686	2.35328e+06	16567.3
	1687	2.35348e+06	16571.1
	1688	2.35366e+06	16574.9
	1689	2.35382e+06	16578.7
	1690	2.35397e+06	16582.5
	1691	2.3541e+06	16586.2
	1692	2.35421e+06	16589.9
	1693	2.3543e+06	16593.6
	1694	2.35437e+06	16597.2
	1695	2.35443e+06	16600.9
	1696	2.35447e+06	16604.4
	1697	2.35449e+06	16608
	1698	2.35449e+06	16611.5
	1699	2.35447e+06	16615
	1700	2.35444e+06	16618.4
	1701	2.35439e+06	16621.8
	1702	2.35432e+06	16625.2
	1703	2.35424e+06	16628.5
	1704	2.35414e+06	16631.8
	1705	2.35402e+06	16635
	1706	2.35389e+06	16638.2
	1707	2.35374e+06	16641.4
	1708	2.35357e+06	16644.5
	1709	2.35339e+06	16647.6
	1710	2.35319e+06	16650.6
	1711	2.35297e+06	16653.6
	1712	2.35274e+06	16656.5
	1713	2.35249e+06	16659.4
	1714	2.35223e+06	16662.3
	1715	2.35196e+06	16665.1
	1716	2.35167e+06	16667.8
	1717	2.35136e+06	16670.5
	1718	2.35104e+06	16673.1
	1719	2.3507e+06	16675.7
	1720	2.35035e+06	16678.3
	1721	2.34999e+06	16680.8
	1722	2.34961e+06	16683.2
	1723	2.34922e+06	16685.6
	1724	2.34882e+06	16687.9
	1725	2.3484e+06	16690.2
	1726	2.34797e+06	16692.4
	1727	2.34753e+06	16694.6
	1728	2.34707e+06	16696.7
	1729	2.3466e+06	16698.7
	1730	2.34612e+06	16700.7
	1731	2.34563e+06	16702.7
	1732	2.34513e+06	16704.6
	1733	2.34461e+06	16706.4
	1734	2.34409e+06	16708.2
	1735	2.34355e+06	16709.9
	1736	2.343e+06	16711.5
	1737	2.34244e+06	16713.2
	1738	2.34187e+06	16714.7
	1739	2.3413e+06	16716.2
	1740	2.34071e+06	16717.6
	1741	2.34011e+06	16719
	1742	2.3395e+06	16720.3
	1743	2.33889e+06	16721.5
	1744	2.33826e+06	16722.7
	1745	2.33763e+06	16723.9
	1746	2.33699e+06	16724.9
	1747	2.33634e+06	16726
	1748	2.33568e+06	16726.9
	1749	2.33502e+06	16727.8
	1750	2.33434e+06	16728.7
	1751	2.33366e+06	16729.4
	1752	2.33298e+06	16730.2
	1753	2.33229e+06	16730.8
	1754	2.33159e+06	16731.4
	1755	2.33088e+06	16732
	1756	2.33017e+06	16732.5
	1757	2.32945e+06	16732.9
	1758	2.32873e+06	16733.3
	1759	2.32801e+06	16733.6
	1760	2.32727e+06	16733.9
	1761	2.32654e+06	16734.1
	1762	2.3258e+06	16734.2
	1763	2.32505e+06	16734.3
	1764	2.32431e+06	16734.3
	1765	2.32355e+06	16734.3
	1766	2.3228e+06	16734.2
	1767	2.32204e+06	16734.1
	1768	2.32128e+06	16733.9
	1769	2.32052e+06	16733.7
	1770	2.31975e+06	16733.4
	1771	2.31898e+06	16733
	1772	2.31821e+06	16732.6
	1773	2.31744e+06	16732.2
	1774	2.31667e+06	16731.7
	1775	2.3159e+06	16731.1
	1776	2.31512e+06	16730.5
	1777	2.31435e+06	16729.8
	1778	2.31357e+06	16729.1
	1779	2.3128e+06	16728.4
	1780	2.31202e+06	16727.6
	1781	2.31124e+06	16726.7
	1782	2.31047e+06	16725.8
	1783	2.3097e+06	16724.8
	1784	2.30892e+06	16723.8
	1785	2.30815e+06	16722.8
	1786	2.30738e+06	16721.7
	1787	2.30661e+06	16720.5
	1788	2.30584e+06	16719.3
	1789	2.30508e+06	16718.1
	1790	2.30432e+06	16716.8
	1791	2.30356e+06	16715.5
	1792	2.3028e+06	16714.2
	1793	2.30204e+06	16712.8
	1794	2.30129e+06	16711.3
	1795	2.30055e+06	16709.8
	1796	2.2998e+06	16708.3
	1797	2.29906e+06	16706.7
	1798	2.29832e+06	16705.1
	1799	2.29759e+06	16703.5
	1800	2.29686e+06	16701.8
	1801	2.29614e+06	16700.1
	1802	2.29542e+06	16698.4
	1803	2.29471e+06	16696.6
	1804	2.294e+06	16694.8
	1805	2.29329e+06	16692.9
	1806	2.2926e+06	16691
	1807	2.2919e+06	16689.1
	1808	2.29122e+06	16687.2
	1809	2.29054e+06	16685.2
	1810	2.28986e+06	16683.2
	1811	2.28919e+06	16681.1
	1812	2.28853e+06	16679.1
	1813	2.28788e+06	16677
	1814	2.28723e+06	16674.9
	1815	2.28659e+06	16672.7
	1816	2.28595e+06	16670.6
	1817	2.28533e+06	16668.4
	1818	2.28471e+06	16666.2
	1819	2.2841e+06	16663.9
	1820	2.28349e+06	16661.7
	1821	2.2829e+06	16659.4
	1822	2.28231e+06	16657.1
	1823	2.28173e+06	16654.8
	1824	2.28116e+06	16652.4
	1825	2.28059e+06	16650.1
	1826	2.28004e+06	16647.7
	1827	2.27949e+06	16645.3
	1828	2.27896e+06	16642.9
	1829	2.27843e+06	16640.5
	1830	2.27791e+06	16638.1
	1831	2.2774e+06	16635.6
	1832	2.2769e+06	16633.2
	1833	2.27641e+06	16630.7
	1834	2.27592e+06	16628.3
	1835	2.27545e+06	16625.8
	1836	2.27499e+06	16623.3
	1837	2.27454e+06	16620.8
	1838	2.27409e+06	16618.3
	1839	2.27366e+06	16615.8
	1840	2.27324e+06	16613.2
	1841	2.27282e+06	16610.7
	1842	2.27242e+06	16608.2
	1843	2.27203e+06	16605.6
	1844	2.27164e+06	16603.1
	1845	2.27127e+06	16600.6
	1846	2.27091e+06	16598
	1847	2.27056e+06	16595.5
	1848	2.27022e+06	16593
	1849	2.26989e+06	16590.4
	1850	2.26957e+06	16587.9
	1851	2.26926e+06	16585.4
	1852	2.26896e+06	16582.9
	1853	2.26867e+06	16580.3
	1854	2.2684e+06	16577.8
	1855	2.26813e+06	16575.3
	1856	2.26788e+06	16572.8
	1857	2.26763e+06	16570.3
	1858	2.2674e+06	16567.8
	1859	2.26718e+06	16565.4
	1860	2.26697e+06	16562.9
	1861	2.26677e+06	16560.4
	1862	2.26658e+06	16558
	1863	2.2664e+06	16555.6
	1864	2.26624e+06	16553.1
	1865	2.26608e+06	16550.7
	1866	2.26594e+06	16548.3
	1867	2.2658e+06	16546
	1868	2.26568e+06	16543.6
	1869	2.26557e+06	16541.3
	1870	2.26547e+06	16538.9
	1871	2.26538e+06	16536.6
	1872	2.2653e+06	16534.3
	1873	2.26523e+06	16532
	1874	2.26518e+06	16529.8
	1875	2.26513e+06	16527.5
	1876	2.2651e+06	16525.3
	1877	2.26508e+06	16523.1
	1878	2.26506e+06	16520.9
	1879	2.26506e+06	16518.8
	1880	2.26507e+06	16516.6
	1881	2.26509e+06	16514.5
	1882	2.26512e+06	16512.4
	1883	2.26516e+06	16510.4
	1884	2.26521e+06	16508.3
	1885	2.26527e+06	16506.3
	1886	2.26535e+06	16504.3
	1887	2.26543e+06	16502.4
	1888	2.26552e+06	16500.4
	1889	2.26563e+06	16498.5
	1890	2.26574e+06	16496.7
	1891	2.26586e+06	16494.8
	1892	2.266e+06	16493
	1893	2.26614e+06	16491.2
	1894	2.26629e+06	16489.4
	1895	2.26645e+06	16487.7
	1896	2.26663e+06	16486
	1897	2.26681e+06	16484.3
	1898	2.267e+06	16482.7
	1899	2.2672e+06	16481
	1900	2.26741e+06	16479.5
	1901	2.26763e+06	16477.9
	1902	2.26786e+06	16476.4
	1903	2.2681e+06	16474.9
	1904	2.26834e+06	16473.4
	1905	2.2686e+06	16472
	1906	2.26886e+06	16470.6
	1907	2.26913e+06	16469.3
	1908	2.26941e+06	16468
	1909	2.2697e+06	16466.7
	1910	2.27e+06	16465.4
	1911	2.27031e+06	16464.2
	1912	2.27062e+06	16463
	1913	2.27094e+06	16461.9
	1914	2.27127e+06	16460.8
	1915	2.2716e+06	16459.7
	1916	2.27195e+06	16458.6
	1917	2.2723e+06	16457.6
	1918	2.27265e+06	16456.7
	1919	2.27302e+06	16455.7
	1920	2.27339e+06	16454.8
	1921	2.27377e+06	16454
	1922	2.27415e+06	16453.2
	1923	2.27454e+06	16452.4
	1924	2.27494e+06	16451.6
	1925	2.27534e+06	16450.9
	1926	2.27575e+06	16450.2
	1927	2.27616e+06	16449.6
	1928	2.27658e+06	16449
	1929	2.27701e+06	16448.4
	1930	2.27744e+06	16447.9
	1931	2.27788e+06	16447.4
	1932	2.27832e+06	16446.9
	1933	2.27876e+06	16446.5
	1934	2.27921e+06	16446.1
	1935	2.27967e+06	16445.8
	1936	2.28013e+06	16445.5
	1937	2.28059e+06	16445.2
	1938	2.28106e+06	16445
	1939	2.28153e+06	16444.8
	1940	2.282e+06	16444.6
	1941	2.28248e+06	16444.5
	1942	2.28296e+06	16444.4
	1943	2.28345e+06	16444.4
	1944	2.28394e+06	16444.3
	1945	2.28443e+06	16444.4
	1946	2.28492e+06	16444.4
	1947	2.28542e+06	16444.5
	1948	2.28591e+06	16444.6
	1949	2.28642e+06	16444.8
	1950	2.28692e+06	16445
	1951	2.28742e+06	16445.2
	1952	2.28793e+06	16445.5
	1953	2.28843e+06	16445.8
	1954	2.28894e+06	16446.1
	1955	2.28945e+06	16446.5
	1956	2.28996e+06	16446.9
	1957	2.29047e+06	16447.3
	1958	2.29099e+06	16447.8
	1959	2.2915e+06	16448.3
	1960	2.29201e+06	16448.8
	1961	2.29252e+06	16449.3
	1962	2.29304e+06	16449.9
	1963	2.29355e+06	16450.6
	1964	2.29406e+06	16451.2
	1965	2.29457e+06	16451.9
	1966	2.29508e+06	16452.6
	1967	2.29559e+06	16453.4
	1968	2.2961e+06	16454.1
	1969	2.29661e+06	16454.9
	1970	2.29712e+06	16455.8
	1971	2.29762e+06	16456.6
	1972	2.29812e+06	16457.5
	1973	2.29862e+06	16458.4
	1974	2.29912e+06	16459.4
	1975	2.29962e+06	16460.4
	1976	2.30012e+06	16461.4
	1977	2.30061e+06	16462.4
	1978	2.3011e+06	16463.4
	1979	2.30159e+06	16464.5
	1980	2.30207e+06	16465.6
	1981	2.30255e+06	16466.7
	1982	2.30303e+06	16467.9
	1983	2.30351e+06	16469
	1984	2.30398e+06	16470.2
	1985	2.30445e+06	16471.5
	1986	2.30491e+06	16472.7
	1987	2.30537e+06	16473.9
	1988	2.30583e+06	16475.2
	1989	2.30628e+06	16476.5
	1990	2.30673e+06	16477.8
	1991	2.30717e+06	16479.2
	1992	2.30761e+06	16480.5
	1993	2.30805e+06	16481.9
	1994	2.30848e+06	16483.3
	1995	2.3089e+06	16484.7
	1996	2.30932e+06	16486.1
	1997	2.30974e+06	16487.6
	1998	2.31015e+06	16489
	1999	2.31055e+06	16490.5
	2000	2.31095e+06	16492
	2001	2.31135e+06	16493.5
	2002	2.31173e+06	16495
	2003	2.31212e+06	16496.5
	2004	2.31249e+06	16498.1
	2005	2.31287e+06	16499.6
	2006	2.31323e+06	16501.2
	2007	2.31359e+06	16502.8
	2008	2.31394e+06	16504.4
	2009	2.31429e+06	16506
	2010	2.31463e+06	16507.6
	2011	2.31496e+06	16509.2
	2012	2.31529e+06	16510.8
	2013	2.31561e+06	16512.4
	2014	2.31593e+06	16514.1
	2015	2.31624e+06	16515.7
	2016	2.31654e+06	16517.3
	2017	2.31683e+06	16519
	2018	2.31712e+06	16520.7
	2019	2.3174e+06	16522.3
	2020	2.31767e+06	16524
	2021	2.31794e+06	16525.6
	2022	2.3182e+06	16527.3
	2023	2.31845e+06	16529
	2024	2.3187e+06	16530.7
	2025	2.31894e+06	16532.3
	2026	2.31917e+06	16534
	2027	2.31939e+06	16535.7
	2028	2.31961e+06	16537.3
	2029	2.31982e+06	16539
	2030	2.32002e+06	16540.7
	2031	2.32021e+06	16542.4
	2032	2.3204e+06	16544
	2033	2.32058e+06	16545.7
	2034	2.32075e+06	16547.3
	2035	2.32092e+06	16549
	2036	2.32107e+06	16550.6
	2037	2.32122e+06	16552.3
	2038	2.32136e+06	16553.9
	2039	2.3215e+06	16555.6
	2040	2.32163e+06	16557.2
	2041	2.32175e+06	16558.8
	2042	2.32186e+06	16560.4
	2043	2.32196e+06	16562
	2044	2.32206e+06	16563.6
	2045	2.32215e+06	16565.2
	2046	2.32223e+06	16566.8
	2047	2.32231e+06	16568.3
	2048	2.32237e+06	16569.9
	2049	2.32243e+06	16571.4
	2050	2.32248e+06	16572.9
	2051	2.32253e+06	16574.5
	2052	2.32257e+06	16576
	2053	2.3226e+06	16577.5
	2054	2.32262e+06	16578.9
	2055	2.32264e+06	16580.4
	2056	2.32264e+06	16581.8
	2057	2.32264e+06	16583.3
	2058	2.32264e+06	16584.7
	2059	2.32263e+06	16586.1
	2060	2.32261e+06	16587.5
	2061	2.32258e+06	16588.9
	2062	2.32254e+06	16590.2
	2063	2.3225e+06	16591.6
	2064	2.32245e+06	16592.9
	2065	2.3224e+06	16594.2
	2066	2.32234e+06	16595.5
	2067	2.32227e+06	16596.8
	2068	2.32219e+06	16598.1
	2069	2.32211e+06	16599.3
	2070	2.32202e+06	16600.5
	2071	2.32193e+06	16601.7
	2072	2.32183e+06	16602.9
	2073	2.32172e+06	16604.1
	2074	2.32161e+06	16605.2
	2075	2.32149e+06	16606.3
	2076	2.32136e+06	16607.4
	2077	2.32123e+06	16608.5
	2078	2.32109e+06	16609.6
	2079	2.32095e+06	16610.6
	2080	2.3208e+06	16611.6
	2081	2.32064e+06	16612.6
	2082	2.32048e+06	16613.6
	2083	2.32031e+06	16614.5
	2084	2.32014e+06	16615.5
	2085	2.31996e+06	16616.4
	2086	2.31978e+06	16617.3
	2087	2.31959e+06	16618.1
	2088	2.3194e+06	16619
	2089	2.3192e+06	16619.8
	2090	2.31899e+06	16620.6
	2091	2.31878e+06	16621.3
	2092	2.31857e+06	16622.1
	2093	2.31835e+06	16622.8
	2094	2.31813e+06	16623.5
	2095	2.3179e+06	16624.2
	2096	2.31767e+06	16624.8
	2097	2.31743e+06	16625.5
	2098	2.31719e+06	16626.1
	2099	2.31695e+06	16626.6
	2100	2.3167e+06	16627.2
	2101	2.31645e+06	16627.7
	2102	2.31619e+06	16628.2
	2103	2.31593e+06	16628.7
	2104	2.31567e+06	16629.2
	2105	2.3154e+06	16629.6
	2106	2.31513e+06	16630
	2107	2.31486e+06	16630.4
	2108	2.31458e+06	16630.8
	2109	2.3143e+06	16631.1
	2110	2.31401e+06	16631.4
	2111	2.31373e+06	16631.7
	2112	2.31344e+06	16632
	2113	2.31315e+06	16632.2
	2114	2.31285e+06	16632.5
	2115	2.31255e+06	16632.6
	2116	2.31225e+06	16632.8
	2117	2.31195e+06	16633
	2118	2.31165e+06	16633.1
	2119	2.31134e+06	16633.2
	2120	2.31103e+06	16633.3
	2121	2.31072e+06	16633.3
	2122	2.31041e+06	16633.3
	2123	2.3101e+06	16633.3
	2124	2.30978e+06	16633.3
	2125	2.30947e+06	16633.3
	2126	2.30915e+06	16633.2
	2127	2.30883e+06	16633.1
	2128	2.30851e+06	16633
	2129	2.30819e+06	16632.9
	2130	2.30787e+06	16632.7
	2131	2.30755e+06	16632.6
	2132	2.30722e+06	16632.4
	2133	2.3069e+06	16632.1
	2134	2.30657e+06	16631.9
	2135	2.30625e+06	16631.6
	2136	2.30592e+06	16631.4
	2137	2.3056e+06	16631.1
	2138	2.30527e+06	16630.7
	2139	2.30494e+06	16630.4
	2140	2.30462e+06	16630
	2141	2.30429e+06	16629.6
	2142	2.30397e+06	16629.2
	2143	2.30364e+06	16628.8
	2144	2.30332e+06	16628.3
	2145	2.30299e+06	16627.9
	2146	2.30267e+06	16627.4
	2147	2.30235e+06	16626.9
	2148	2.30203e+06	16626.4
	2149	2.30171e+06	16625.8
	2150	2.30139e+06	16625.3
	2151	2.30107e+06	16624.7
	2152	2.30075e+06	16624.1
	2153	2.30044e+06	16623.5
	2154	2.30012e+06	16622.9
	2155	2.29981e+06	16622.2
	2156	2.2995e+06	16621.6
	2157	2.29919e+06	16620.9
	2158	2.29888e+06	16620.2
	2159	2.29857e+06	16619.5
	2160	2.29827e+06	16618.8
	2161	2.29797e+06	16618
	2162	2.29767e+06	16617.3
	2163	2.29737e+06	16616.5
	2164	2.29708e+06	16615.7
	2165	2.29678e+06	16614.9
	2166	2.29649e+06	16614.1
	2167	2.2962e+06	16613.3
	2168	2.29592e+06	16612.5
	2169	2.29564e+06	16611.6
	2170	2.29536e+06	16610.8
	2171	2.29508e+06	16609.9
	2172	2.2948e+06	16609
	2173	2.29453e+06	16608.1
	2174	2.29426e+06	16607.2
	2175	2.294e+06	16606.3
	2176	2.29374e+06	16605.4
	2177	2.29348e+06	16604.4
	2178	2.29322e+06	16603.5
	2179	2.29297e+06	16602.6
	2180	2.29272e+06	16601.6
	2181	2.29247e+06	16600.6
	2182	2.29223e+06	16599.7
	2183	2.29199e+06	16598.7
	2184	2.29176e+06	16597.7
	2185	2.29152e+06	16596.7
	2186	2.2913e+06	16595.7
	2187	2.29107e+06	16594.7
	2188	2.29085e+06	16593.7
	2189	2.29064e+06	16592.6
	2190	2.29042e+06	16591.6
	2191	2.29022e+06	16590.6
	2192	2.29001e+06	16589.5
	2193	2.28981e+06	16588.5
	2194	2.28962e+06	16587.4
	2195	2.28942e+06	16586.4
	2196	2.28924e+06	16585.3
	2197	2.28905e+06	16584.3
	2198	2.28887e+06	16583.2
	2199	2.2887e+06	16582.2
	2200	2.28853e+06	16581.1
	2201	2.28836e+06	16580.1
	2202	2.2882e+06	16579
	2203	2.28804e+06	16577.9
	2204	2.28789e+06	16576.9
	2205	2.28774e+06	16575.8
	2206	2.2876e+06	16574.7
	2207	2.28746e+06	16573.7
	2208	2.28732e+06	16572.6
	2209	2.28719e+06	16571.5
	2210	2.28707e+06	16570.5
	2211	2.28694e+06	16569.4
	2212	2.28683e+06	16568.4
	2213	2.28672e+06	16567.3
	2214	2.28661e+06	16566.3
	2215	2.28651e+06	16565.2
	2216	2.28641e+06	16564.2
	2217	2.28631e+06	16563.1
	2218	2.28623e+06	16562.1
	2219	2.28614e+06	16561.1
	2220	2.28606e+06	16560
	2221	2.28599e+06	16559
	2222	2.28592e+06	16558
	2223	2.28585e+06	16557
	2224	2.28579e+06	16556
	2225	2.28574e+06	16555
	2226	2.28568e+06	16554
	2227	2.28564e+06	16553
	2228	2.2856e+06	16552
	2229	2.28556e+06	16551
	2230	2.28553e+06	16550.1
	2231	2.2855e+06	16549.1
	2232	2.28547e+06	16548.1
	2233	2.28546e+06	16547.2
	2234	2.28544e+06	16546.3
	2235	2.28543e+06	16545.3
	2236	2.28543e+06	16544.4
	2237	2.28543e+06	16543.5
	2238	2.28543e+06	16542.6
	2239	2.28544e+06	16541.7
	2240	2.28545e+06	16540.9
	2241	2.28547e+06	16540
	2242	2.28549e+06	16539.1
	2243	2.28552e+06	16538.3
	2244	2.28555e+06	16537.4
	2245	2.28559e+06	16536.6
	2246	2.28562e+06	16535.8
	2247	2.28567e+06	16535
	2248	2.28572e+06	16534.2
	2249	2.28577e+06	16533.4
	2250	2.28582e+06	16532.7
	2251	2.28589e+06	16531.9
	2252	2.28595e+06	16531.2
	2253	2.28602e+06	16530.4
	2254	2.28609e+06	16529.7
	2255	2.28617e+06	16529
	2256	2.28625e+06	16528.3
	2257	2.28633e+06	16527.6
	2258	2.28642e+06	16527
	2259	2.28651e+06	16526.3
	2260	2.28661e+06	16525.7
	2261	2.28671e+06	16525
	2262	2.28681e+06	16524.4
	2263	2.28692e+06	16523.8
	2264	2.28703e+06	16523.2
	2265	2.28715e+06	16522.7
	2266	2.28726e+06	16522.1
	2267	2.28738e+06	16521.6
	2268	2.28751e+06	16521
	2269	2.28764e+06	16520.5
	2270	2.28777e+06	16520
	2271	2.2879e+06	16519.6
	2272	2.28804e+06	16519.1
	2273	2.28818e+06	16518.6
	2274	2.28832e+06	16518.2
	2275	2.28847e+06	16517.8
	2276	2.28862e+06	16517.4
	2277	2.28877e+06	16517
	2278	2.28893e+06	16516.6
	2279	2.28908e+06	16516.2
	2280	2.28924e+06	16515.9
	2281	2.28941e+06	16515.5
	2282	2.28957e+06	16515.2
	2283	2.28974e+06	16514.9
	2284	2.28991e+06	16514.6
	2285	2.29008e+06	16514.4
	2286	2.29026e+06	16514.1
	2287	2.29044e+06	16513.9
	2288	2.29062e+06	16513.7
	2289	2.2908e+06	16513.4
	2290	2.29098e+06	16513.3
	2291	2.29117e+06	16513.1
	2292	2.29135e+06	16512.9
	2293	2.29154e+06	16512.8
	2294	2.29173e+06	16512.6
	2295	2.29193e+06	16512.5
	2296	2.29212e+06	16512.4
	2297	2.29232e+06	16512.3
	2298	2.29252e+06	16512.3
	2299	2.29271e+06	16512.2
	2300	2.29291e+06	16512.2
	2301	2.29312e+06	16512.1
	2302	2.29332e+06	16512.1
	2303	2.29352e+06	16512.1
	2304	2.29373e+06	16512.2
	2305	2.29393e+06	16512.2
	2306	2.29414e+06	16512.2
	2307	2.29435e+06	16512.3
	2308	2.29455e+06	16512.4
	2309	2.29476e+06	16512.5
	2310	2.29497e+06	16512.6
	2311	2.29518e+06	16512.7
	2312	2.29539e+06	16512.8
	2313	2.29561e+06	16513
	2314	2.29582e+06	16513.2
	2315	2.29603e+06	16513.3
	2316	2.29624e+06	16513.5
	2317	2.29645e+06	16513.7
	2318	2.29667e+06	16513.9
	2319	2.29688e+06	16514.2
	2320	2.29709e+06	16514.4
	2321	2.2973e+06	16514.7
	2322	2.29751e+06	16514.9
	2323	2.29773e+06	16515.2
	2324	2.29794e+06	16515.5
	2325	2.29815e+06	16515.8
	2326	2.29836e+06	16516.2
	2327	2.29857e+06	16516.5
	2328	2.29878e+06	16516.8
	2329	2.29899e+06	16517.2
	2330	2.2992e+06	16517.6
	2331	2.2994e+06	16517.9
	2332	2.29961e+06	16518.3
	2333	2.29982e+06	16518.7
	2334	2.30002e+06	16519.1
	2335	2.30023e+06	16519.6
	2336	2.30043e+06	16520
	2337	2.30063e+06	16520.4
	2338	2.30083e+06	16520.9
	2339	2.30103e+06	16521.4
	2340	2.30123e+06	16521.8
	2341	2.30143e+06	16522.3
	2342	2.30162e+06	16522.8
	2343	2.30181e+06	16523.3
	2344	2.30201e+06	16523.8
	2345	2.3022e+06	16524.4
	2346	2.30239e+06	16524.9
	2347	2.30257e+06	16525.4
	2348	2.30276e+06	16526
	2349	2.30294e+06	16526.5
	2350	2.30313e+06	16527.1
	2351	2.30331e+06	16527.7
	2352	2.30348e+06	16528.2
	2353	2.30366e+06	16528.8
	2354	2.30384e+06	16529.4
	2355	2.30401e+06	16530
	2356	2.30418e+06	16530.6
	2357	2.30435e+06	16531.2
	2358	2.30451e+06	16531.8
	2359	2.30467e+06	16532.5
	2360	2.30484e+06	16533.1
	2361	2.305e+06	16533.7
	2362	2.30515e+06	16534.3
	2363	2.30531e+06	16535
	2364	2.30546e+06	16535.6
	2365	2.30561e+06	16536.3
	2366	2.30575e+06	16536.9
	2367	2.3059e+06	16537.6
	2368	2.30604e+06	16538.3
	2369	2.30618e+06	16538.9
	2370	2.30632e+06	16539.6
	2371	2.30645e+06	16540.3
	2372	2.30658e+06	16541
	2373	2.30671e+06	16541.6
	2374	2.30683e+06	16542.3
	2375	2.30696e+06	16543
	2376	2.30708e+06	16543.7
	2377	2.30719e+06	16544.4
	2378	2.30731e+06	16545.1
	2379	2.30742e+06	16545.8
	2380	2.30753e+06	16546.5
	2381	2.30763e+06	16547.1
	2382	2.30774e+06	16547.8
	2383	2.30784e+06	16548.5
	2384	2.30793e+06	16549.2
	2385	2.30803e+06	16549.9
	2386	2.30812e+06	16550.6
	2387	2.30821e+06	16551.3
	2388	2.30829e+06	16552
	2389	2.30837e+06	16552.7
	2390	2.30845e+06	16553.4
	2391	2.30853e+06	16554.1
	2392	2.3086e+06	16554.8
	2393	2.30867e+06	16555.4
	2394	2.30874e+06	16556.1
	2395	2.3088e+06	16556.8
	2396	2.30886e+06	16557.5
	2397	2.30892e+06	16558.2
	2398	2.30897e+06	16558.8
	2399	2.30902e+06	16559.5
	2400	2.30907e+06	16560.2
	2401	2.30912e+06	16560.8
	2402	2.30916e+06	16561.5
	2403	2.3092e+06	16562.2
	2404	2.30923e+06	16562.8
	2405	2.30927e+06	16563.5
	2406	2.3093e+06	16564.1
	2407	2.30932e+06	16564.7
	2408	2.30934e+06	16565.4
	2409	2.30937e+06	16566
	2410	2.30938e+06	16566.6
	2411	2.3094e+06	16567.3
	2412	2.30941e+06	16567.9
	2413	2.30942e+06	16568.5
	2414	2.30942e+06	16569.1
	2415	2.30942e+06	16569.7
	2416	2.30942e+06	16570.3
	2417	2.30942e+06	16570.9
	2418	2.30941e+06	16571.4
	2419	2.3094e+06	16572
	2420	2.30939e+06	16572.6
	2421	2.30938e+06	16573.1
	2422	2.30936e+06	16573.7
	2423	2.30934e+06	16574.2
	2424	2.30931e+06	16574.8
	2425	2.30929e+06	16575.3
	2426	2.30926e+06	16575.8
	2427	2.30922e+06	16576.3
	2428	2.30919e+06	16576.9
	2429	2.30915e+06	16577.4
	2430	2.30911e+06	16577.8
	2431	2.30907e+06	16578.3
	2432	2.30902e+06	16578.8
	2433	2.30897e+06	16579.3
	2434	2.30892e+06	16579.7
	2435	2.30887e+06	16580.2
	2436	2.30881e+06	16580.6
	2437	2.30876e+06	16581.1
	2438	2.30869e+06	16581.5
	2439	2.30863e+06	16581.9
	2440	2.30857e+06	16582.3
	2441	2.3085e+06	16582.7
	2442	2.30843e+06	16583.1
	2443	2.30835e+06	16583.5
	2444	2.30828e+06	16583.8
	2445	2.3082e+06	16584.2
	2446	2.30812e+06	16584.6
	2447	2.30804e+06	16584.9
	2448	2.30796e+06	16585.2
	2449	2.30787e+06	16585.6
	2450	2.30779e+06	16585.9
	2451	2.3077e+06	16586.2
	2452	2.3076e+06	16586.5
	2453	2.30751e+06	16586.8
	2454	2.30742e+06	16587
	2455	2.30732e+06	16587.3
	2456	2.30722e+06	16587.6
	2457	2.30712e+06	16587.8
	2458	2.30702e+06	16588
	2459	2.30691e+06	16588.3
	2460	2.30681e+06	16588.5
	2461	2.3067e+06	16588.7
	2462	2.30659e+06	16588.9
	2463	2.30648e+06	16589.1
	2464	2.30637e+06	16589.2
	2465	2.30625e+06	16589.4
	2466	2.30614e+06	16589.6
	2467	2.30602e+06	16589.7
	2468	2.3059e+06	16589.8
	2469	2.30579e+06	16590
	2470	2.30567e+06	16590.1
	2471	2.30555e+06	16590.2
	2472	2.30542e+06	16590.3
	2473	2.3053e+06	16590.4
	2474	2.30518e+06	16590.4
	2475	2.30505e+06	16590.5
	2476	2.30492e+06	16590.6
	2477	2.3048e+06	16590.6
	2478	2.30467e+06	16590.6
	2479	2.30454e+06	16590.7
	2480	2.30441e+06	16590.7
	2481	2.30428e+06	16590.7
	2482	2.30415e+06	16590.7
	2483	2.30402e+06	16590.7
	2484	2.30388e+06	16590.6
	2485	2.30375e+06	16590.6
	2486	2.30362e+06	16590.6
	2487	2.30348e+06	16590.5
	2488	2.30335e+06	16590.5
	2489	2.30321e+06	16590.4
	2490	2.30308e+06	16590.3
	2491	2.30294e+06	16590.2
	2492	2.30281e+06	16590.1
	2493	2.30267e+06	16590
	2494	2.30254e+06	16589.9
	2495	2.3024e+06	16589.8
	2496	2.30226e+06	16589.6
	2497	2.30213e+06	16589.5
	2498	2.30199e+06	16589.4
	2499	2.30186e+06	16589.2
	2500	2.30172e+06	16589
	2501	2.30158e+06	16588.9
	2502	2.30145e+06	16588.7
	2503	2.30131e+06	16588.5
	2504	2.30118e+06	16588.3
	2505	2.30104e+06	16588.1
	2506	2.30091e+06	16587.9
	2507	2.30077e+06	16587.6
	2508	2.30064e+06	16587.4
	2509	2.30051e+06	16587.2
	2510	2.30037e+06	16586.9
	2511	2.30024e+06	16586.7
	2512	2.30011e+06	16586.4
	2513	2.29998e+06	16586.2
	2514	2.29985e+06	16585.9
	2515	2.29972e+06	16585.6
	2516	2.29959e+06	16585.3
	2517	2.29946e+06	16585
	2518	2.29933e+06	16584.7
	2519	2.29921e+06	16584.4
	2520	2.29908e+06	16584.1
	2521	2.29896e+06	16583.8
	2522	2.29883e+06	16583.5
	2523	2.29871e+06	16583.1
	2524	2.29859e+06	16582.8
	2525	2.29847e+06	16582.5
	2526	2.29835e+06	16582.1
	2527	2.29823e+06	16581.8
	2528	2.29811e+06	16581.4
	2529	2.29799e+06	16581
	2530	2.29788e+06	16580.7
	2531	2.29776e+06	16580.3
	2532	2.29765e+06	16579.9
	2533	2.29754e+06	16579.6
	2534	2.29743e+06	16579.2
	2535	2.29732e+06	16578.8
	2536	2.29721e+06	16578.4
	2537	2.29711e+06	16578
	2538	2.297e+06	16577.6
	2539	2.2969e+06	16577.2
	2540	2.2968e+06	16576.8
	2541	2.29669e+06	16576.4
	2542	2.2966e+06	16576
	2543	2.2965e+06	16575.6
	2544	2.2964e+06	16575.1
	2545	2.29631e+06	16574.7
	2546	2.29622e+06	16574.3
	2547	2.29613e+06	16573.9
	2548	2.29604e+06	16573.4
	2549	2.29595e+06	16573
	2550	2.29586e+06	16572.6
	2551	2.29578e+06	16572.1
	2552	2.2957e+06	16571.7
	2553	2.29561e+06	16571.3
	2554	2.29554e+06	16570.8
	2555	2.29546e+06	16570.4
	2556	2.29538e+06	16569.9
	2557	2.29531e+06	16569.5
	2558	2.29524e+06	16569.1
	2559	2.29517e+06	16568.6
	2560	2.2951e+06	16568.2
	2561	2.29503e+06	16567.7
	2562	2.29497e+06	16567.3
	2563	2.29491e+06	16566.8
	2564	2.29485e+06	16566.4
	2565	2.29479e+06	16565.9
	2566	2.29473e+06	16565.5
	2567	2.29467e+06	16565.1
	2568	2.29462e+06	16564.6
	2569	2.29457e+06	16564.2
	2570	2.29452e+06	16563.7
	2571	2.29447e+06	16563.3
	2572	2.29443e+06	16562.8
	2573	2.29439e+06	16562.4
	2574	2.29434e+06	16562
	2575	2.2943e+06	16561.5
	2576	2.29427e+06	16561.1
	2577	2.29423e+06	16560.7
	2578	2.2942e+06	16560.2
	2579	2.29417e+06	16559.8
	2580	2.29414e+06	16559.4
	2581	2.29411e+06	16559
	2582	2.29408e+06	16558.5
	2583	2.29406e+06	16558.1
	2584	2.29404e+06	16557.7
	2585	2.29402e+06	16557.3
	2586	2.294e+06	16556.9
	2587	2.29398e+06	16556.5
	2588	2.29397e+06	16556.1
	2589	2.29396e+06	16555.7
	2590	2.29395e+06	16555.3
	2591	2.29394e+06	16554.9
	2592	2.29393e+06	16554.5
	2593	2.29393e+06	16554.1
	2594	2.29393e+06	16553.7
	2595	2.29393e+06	16553.3
	2596	2.29393e+06	16552.9
	2597	2.29393e+06	16552.6
	2598	2.29394e+06	16552.2
	2599	2.29394e+06	16551.8
	2600	2.29395e+06	16551.5
	2601	2.29396e+06	16551.1
	2602	2.29398e+06	16550.8
	2603	2.29399e+06	16550.4
	2604	2.29401e+06	16550.1
	2605	2.29403e+06	16549.8
	2606	2.29405e+06	16549.4
	2607	2.29407e+06	16549.1
	2608	2.29409e+06	16548.8
	2609	2.29412e+06	16548.5
	2610	2.29414e+06	16548.1
	2611	2.29417e+06	16547.8
	2612	2.2942e+06	16547.5
	2613	2.29423e+06	16547.2
	2614	2.29427e+06	16546.9
	2615	2.2943e+06	16546.7
	2616	2.29434e+06	16546.4
	2617	2.29438e+06	16546.1
	2618	2.29442e+06	16545.8
	2619	2.29446e+06	16545.6
	2620	2.2945e+06	16545.3
	2621	2.29455e+06	16545.1
	2622	2.29459e+06	16544.8
	2623	2.29464e+06	16544.6
	2624	2.29469e+06	16544.3
	2625	2.29474e+06	16544.1
	2626	2.29479e+06	16543.9
	2627	2.29484e+06	16543.7
	2628	2.2949e+06	16543.5
	2629	2.29495e+06	16543.3
	2630	2.29501e+06	16543.1
	2631	2.29507e+06	16542.9
	2632	2.29513e+06	16542.7
	2633	2.29519e+06	16542.5
	2634	2.29525e+06	16542.3
	2635	2.29531e+06	16542.2
	2636	2.29538e+06	16542
	2637	2.29544e+06	16541.9
	2638	2.29551e+06	16541.7
	2639	2.29558e+06	16541.6
	2640	2.29565e+06	16541.4
	2641	2.29572e+06	16541.3
	2642	2.29579e+06	16541.2
	2643	2.29586e+06	16541.1
	2644	2.29593e+06	16541
	2645	2.29601e+06	16540.9
	2646	2.29608e+06	16540.8
	2647	2.29616e+06	16540.7
	2648	2.29623e+06	16540.6
	2649	2.29631e+06	16540.5
	2650	2.29639e+06	16540.5
	2651	2.29647e+06	16540.4
	2652	2.29655e+06	16540.3
	2653	2.29663e+06	16540.3
	2654	2.29671e+06	16540.2
	2655	2.29679e+06	16540.2
	2656	2.29687e+06	16540.2
	2657	2.29695e+06	16540.2
	2658	2.29704e+06	16540.1
	2659	2.29712e+06	16540.1
	2660	2.2972e+06	16540.1
	2661	2.29729e+06	16540.1
	2662	2.29737e+06	16540.1
	2663	2.29746e+06	16540.1
	2664	2.29755e+06	16540.2
	2665	2.29763e+06	16540.2
	2666	2.29772e+06	16540.2
	2667	2.29781e+06	16540.3
	2668	2.29789e+06	16540.3
	2669	2.29798e+06	16540.3
	2670	2.29807e+06	16540.4
	2671	2.29816e+06	16540.5
	2672	2.29824e+06	16540.5
	2673	2.29833e+06	16540.6
	2674	2.29842e+06	16540.7
	2675	2.29851e+06	16540.8
	2676	2.2986e+06	16540.9
	2677	2.29868e+06	16540.9
	2678	2.29877e+06	16541
	2679	2.29886e+06	16541.2
	2680	2.29895e+06	16541.3
	2681	2.29904e+06	16541.4
	2682	2.29912e+06	16541.5
	2683	2.29921e+06	16541.6
	2684	2.2993e+06	16541.8
	2685	2.29939e+06	16541.9
	2686	2.29947e+06	16542
	2687	2.29956e+06	16542.2
	2688	2.29965e+06	16542.3
	2689	2.29973e+06	16542.5
	2690	2.29982e+06	16542.7
	2691	2.29991e+06	16542.8
	2692	2.29999e+06	16543
	2693	2.30008e+06	16543.2
	2694	2.30016e+06	16543.4
	2695	2.30024e+06	16543.5
	2696	2.30033e+06	16543.7
	2697	2.30041e+06	16543.9
	2698	2.30049e+06	16544.1
	2699	2.30057e+06	16544.3
	2700	2.30066e+06	16544.5
	2701	2.30074e+06	16544.7
	2702	2.30082e+06	16544.9
	2703	2.3009e+06	16545.2
	2704	2.30097e+06	16545.4
	2705	2.30105e+06	16545.6
	2706	2.30113e+06	16545.8
	2707	2.30121e+06	16546.1
	2708	2.30128e+06	16546.3
	2709	2.30136e+06	16546.5
	2710	2.30143e+06	16546.8
	2711	2.3015e+06	16547
	2712	2.30158e+06	16547.2
	2713	2.30165e+06	16547.5
	2714	2.30172e+06	16547.7
	2715	2.30179e+06	16548
	2716	2.30186e+06	16548.3
	2717	2.30193e+06	16548.5
	2718	2.30199e+06	16548.8
	2719	2.30206e+06	16549
	2720	2.30213e+06	16549.3
	2721	2.30219e+06	16549.6
	2722	2.30225e+06	16549.8
	2723	2.30232e+06	16550.1
	2724	2.30238e+06	16550.4
	2725	2.30244e+06	16550.7
	2726	2.3025e+06	16550.9
	2727	2.30255e+06	16551.2
	2728	2.30261e+06	16551.5
	2729	2.30267e+06	16551.8
	2730	2.30272e+06	16552
	2731	2.30278e+06	16552.3
	2732	2.30283e+06	16552.6
	2733	2.30288e+06	16552.9
	2734	2.30293e+06	16553.2
	2735	2.30298e+06	16553.5
	2736	2.30303e+06	16553.7
	2737	2.30307e+06	16554
	2738	2.30312e+06	16554.3
	2739	2.30316e+06	16554.6
	2740	2.30321e+06	16554.9
	2741	2.30325e+06	16555.2
	2742	2.30329e+06	16555.5
	2743	2.30333e+06	16555.8
	2744	2.30337e+06	16556.1
	2745	2.3034e+06	16556.3
	2746	2.30344e+06	16556.6
	2747	2.30347e+06	16556.9
	2748	2.30351e+06	16557.2
	2749	2.30354e+06	16557.5
	2750	2.30357e+06	16557.8
	2751	2.3036e+06	16558.1
	2752	2.30363e+06	16558.3
	2753	2.30365e+06	16558.6
	2754	2.30368e+06	16558.9
	2755	2.3037e+06	16559.2
	2756	2.30373e+06	16559.5
	2757	2.30375e+06	16559.8
	2758	2.30377e+06	16560
	2759	2.30379e+06	16560.3
	2760	2.30381e+06	16560.6
	2761	2.30382e+06	16560.9
	2762	2.30384e+06	16561.1
	2763	2.30385e+06	16561.4
	2764	2.30387e+06	16561.7
	2765	2.30388e+06	16561.9
	2766	2.30389e+06	16562.2
	2767	2.3039e+06	16562.5
	2768	2.3039e+06	16562.7
	2769	2.30391e+06	16563
	2770	2.30392e+06	16563.2
	2771	2.30392e+06	16563.5
	2772	2.30392e+06	16563.7
	2773	2.30392e+06	16564
	2774	2.30392e+06	16564.2
	2775	2.30392e+06	16564.5
	2776	2.30392e+06	16564.7
	2777	2.30392e+06	16565
	2778	2.30391e+06	16565.2
	2779	2.30391e+06	16565.4
	2780	2.3039e+06	16565.7
	2781	2.30389e+06	16565.9
	2782	2.30388e+06	16566.1
	2783	2.30387e+06	16566.3
	2784	2.30386e+06	16566.6
	2785	2.30385e+06	16566.8
	2786	2.30383e+06	16567
	2787	2.30382e+06	16567.2
	2788	2.3038e+06	16567.4
	2789	2.30378e+06	16567.6
	2790	2.30377e+06	16567.8
	2791	2.30375e+06	16568
	2792	2.30373e+06	16568.2
	2793	2.3037e+06	16568.4
	2794	2.30368e+06	16568.6
	2795	2.30366e+06	16568.7
	2796	2.30363e+06	16568.9
	2797	2.30361e+06	16569.1
	2798	2.30358e+06	16569.3
	2799	2.30355e+06	16569.4
	2800	2.30352e+06	16569.6
	2801	2.30349e+06	16569.8
	2802	2.30346e+06	16569.9
	2803	2.30343e+06	16570.1
	2804	2.3034e+06	16570.2
	2805	2.30336e+06	16570.4
	2806	2.30333e+06	16570.5
	2807	2.30329e+06	16570.6
	2808	2.30326e+06	16570.8
	2809	2.30322e+06	16570.9
	2810	2.30318e+06	16571
	2811	2.30315e+06	16571.1
	2812	2.30311e+06	16571.2
	2813	2.30307e+06	16571.4
	2814	2.30302e+06	16571.5
	2815	2.30298e+06	16571.6
	2816	2.30294e+06	16571.7
	2817	2.3029e+06	16571.8
	2818	2.30285e+06	16571.9
	2819	2.30281e+06	16571.9
	2820	2.30276e+06	16572
	2821	2.30272e+06	16572.1
	2822	2.30267e+06	16572.2
	2823	2.30262e+06	16572.2
	2824	2.30258e+06	16572.3
	2825	2.30253e+06	16572.4
	2826	2.30248e+06	16572.4
	2827	2.30243e+06	16572.5
	2828	2.30238e+06	16572.5
	2829	2.30233e+06	16572.6
	2830	2.30228e+06	16572.6
	2831	2.30223e+06	16572.7
	2832	2.30218e+06	16572.7
	2833	2.30213e+06	16572.7
	2834	2.30207e+06	16572.7
	2835	2.30202e+06	16572.8
	2836	2.30197e+06	16572.8
	2837	2.30191e+06	16572.8
	2838	2.30186e+06	16572.8
	2839	2.30181e+06	16572.8
	2840	2.30175e+06	16572.8
	2841	2.3017e+06	16572.8
	2842	2.30164e+06	16572.8
	2843	2.30159e+06	16572.8
	2844	2.30153e+06	16572.8
	2845	2.30147e+06	16572.7
	2846	2.30142e+06	16572.7
	2847	2.30136e+06	16572.7
	2848	2.30131e+06	16572.7
	2849	2.30125e+06	16572.6
	2850	2.30119e+06	16572.6
	2851	2.30114e+06	16572.5
	2852	2.30108e+06	16572.5
	2853	2.30102e+06	16572.4
	2854	2.30097e+06	16572.4
	2855	2.30091e+06	16572.3
	2856	2.30085e+06	16572.3
	2857	2.3008e+06	16572.2
	2858	2.30074e+06	16572.1
	2859	2.30068e+06	16572.1
	2860	2.30063e+06	16572
	2861	2.30057e+06	16571.9
	2862	2.30051e+06	16571.8
	2863	2.30046e+06	16571.8
	2864	2.3004e+06	16571.7
	2865	2.30034e+06	16571.6
	2866	2.30029e+06	16571.5
	2867	2.30023e+06	16571.4
	2868	2.30018e+06	16571.3
	2869	2.30012e+06	16571.2
	2870	2.30007e+06	16571.1
	2871	2.30001e+06	16571
	2872	2.29996e+06	16570.8
	2873	2.2999e+06	16570.7
	2874	2.29985e+06	16570.6
	2875	2.29979e+06	16570.5
	2876	2.29974e+06	16570.4
	2877	2.29969e+06	16570.2
	2878	2.29964e+06	16570.1
	2879	2.29958e+06	16570
	2880	2.29953e+06	16569.8
	2881	2.29948e+06	16569.7
	2882	2.29943e+06	16569.6
	2883	2.29938e+06	16569.4
	2884	2.29933e+06	16569.3
	2885	2.29928e+06	16569.1
	2886	2.29923e+06	16569
	2887	2.29918e+06	16568.8
	2888	2.29913e+06	16568.7
	2889	2.29908e+06	16568.5
	2890	2.29904e+06	16568.4
	2891	2.29899e+06	16568.2
	2892	2.29894e+06	16568.1
	2893	2.2989e+06	16567.9
	2894	2.29885e+06	16567.7
	2895	2.29881e+06	16567.6
	2896	2.29876e+06	16567.4
	2897	2.29872e+06	16567.2
	2898	2.29868e+06	16567.1
	2899	2.29864e+06	16566.9
	2900	2.2986e+06	16566.7
	2901	2.29855e+06	16566.6
	2902	2.29851e+06	16566.4
	2903	2.29847e+06	16566.2
	2904	2.29844e+06	16566
	2905	2.2984e+06	16565.9
	2906	2.29836e+06	16565.7
	2907	2.29832e+06	16565.5
	2908	2.29829e+06	16565.3
	2909	2.29825e+06	16565.1
	2910	2.29822e+06	16565
	2911	2.29818e+06	16564.8
	2912	2.29815e+06	16564.6
	2913	2.29812e+06	16564.4
	2914	2.29809e+06	16564.2
	2915	2.29806e+06	16564
	2916	2.29802e+06	16563.9
	2917	2.298e+06	16563.7
	2918	2.29797e+06	16563.5
	2919	2.29794e+06	16563.3
	2920	2.29791e+06	16563.1
	2921	2.29789e+06	16562.9
	2922	2.29786e+06	16562.7
	2923	2.29784e+06	16562.6
	2924	2.29781e+06	16562.4
	2925	2.29779e+06	16562.2
	2926	2.29777e+06	16562
	2927	2.29774e+06	16561.8
	2928	2.29772e+06	16561.6
	2929	2.2977e+06	16561.4
	2930	2.29768e+06	16561.3
	2931	2.29767e+06	16561.1
	2932	2.29765e+06	16560.9
	2933	2.29763e+06	16560.7
	2934	2.29762e+06	16560.5
	2935	2.2976e+06	16560.4
	2936	2.29759e+06	16560.2
	2937	2.29757e+06	16560
	2938	2.29756e+06	16559.8
	2939	2.29755e+06	16559.6
	2940	2.29754e+06	16559.5
	2941	2.29753e+06	16559.3
	2942	2.29752e+06	16559.1
	2943	2.29751e+06	16558.9
	2944	2.2975e+06	16558.8
	2945	2.2975e+06	16558.6
	2946	2.29749e+06	16558.4
	2947	2.29748e+06	16558.3
	2948	2.29748e+06	16558.1
	2949	2.29748e+06	16557.9
	2950	2.29747e+06	16557.8
	2951	2.29747e+06	16557.6
	2952	2.29747e+06	16557.4
	2953	2.29747e+06	16557.3
	2954	2.29747e+06	16557.1
	2955	2.29747e+06	16557
	2956	2.29747e+06	16556.8
	2957	2.29748e+06	16556.7
	2958	2.29748e+06	16556.5
	2959	2.29749e+06	16556.4
	2960	2.29749e+06	16556.2
	2961	2.2975e+06	16556.1
	2962	2.2975e+06	16555.9
	2963	2.29751e+06	16555.8
	2964	2.29752e+06	16555.7
	2965	2.29753e+06	16555.5
	2966	2.29754e+06	16555.4
	2967	2.29755e+06	16555.2
	2968	2.29756e+06	16555.1
	2969	2.29757e+06	16555
	2970	2.29758e+06	16554.9
	2971	2.2976e+06	16554.7
	2972	2.29761e+06	16554.6
	2973	2.29762e+06	16554.5
	2974	2.29764e+06	16554.4
	2975	2.29765e+06	16554.3
	2976	2.29767e+06	16554.1
	2977	2.29769e+06	16554
	2978	2.29771e+06	16553.9
	2979	2.29772e+06	16553.8
	2980	2.29774e+06	16553.7
	2981	2.29776e+06	16553.6
	2982	2.29778e+06	16553.5
	2983	2.2978e+06	16553.4
	2984	2.29783e+06	16553.3
	2985	2.29785e+06	16553.2
	2986	2.29787e+06	16553.2
	2987	2.29789e+06	16553.1
	2988	2.29792e+06	16553
	2989	2.29794e+06	16552.9
	2990	2.29797e+06	16552.8
	2991	2.29799e+06	16552.8
	2992	2.29802e+06	16552.7
	2993	2.29804e+06	16552.6
	2994	2.29807e+06	16552.5
	2995	2.2981e+06	16552.5
	2996	2.29812e+06	16552.4
	2997	2.29815e+06	16552.4
	2998	2.29818e+06	16552.3
	2999	2.29821e+06	16552.2
	3000	2.29824e+06	16552.2
	3001	2.29827e+06	16552.1
	3002	2.2983e+06	16552.1
	3003	2.29833e+06	16552.1
	3004	2.29836e+06	16552
	3005	2.29839e+06	16552
	3006	2.29842e+06	16551.9
	3007	2.29846e+06	16551.9
	3008	2.29849e+06	16551.9
	3009	2.29852e+06	16551.9
	3010	2.29855e+06	16551.8
	3011	2.29859e+06	16551.8
	3012	2.29862e+06	16551.8
	3013	2.29866e+06	16551.8
	3014	2.29869e+06	16551.8
	3015	2.29872e+06	16551.8
	3016	2.29876e+06	16551.7
	3017	2.29879e+06	16551.7
	3018	2.29883e+06	16551.7
	3019	2.29886e+06	16551.7
	3020	2.2989e+06	16551.7
	3021	2.29893e+06	16551.7
	3022	2.29897e+06	16551.7
	3023	2.29901e+06	16551.8
	3024	2.29904e+06	16551.8
	3025	2.29908e+06	16551.8
	3026	2.29911e+06	16551.8
	3027	2.29915e+06	16551.8
	3028	2.29919e+06	16551.8
	3029	2.29922e+06	16551.9
	3030	2.29926e+06	16551.9
	3031	2.2993e+06	16551.9
	3032	2.29933e+06	16552
	3033	2.29937e+06	16552
	3034	2.29941e+06	16552
	3035	2.29944e+06	16552.1
	3036	2.29948e+06	16552.1
	3037	2.29952e+06	16552.2
	3038	2.29955e+06	16552.2
	3039	2.29959e+06	16552.2
	3040	2.29963e+06	16552.3
	3041	2.29966e+06	16552.3
	3042	2.2997e+06	16552.4
	3043	2.29974e+06	16552.5
	3044	2.29977e+06	16552.5
	3045	2.29981e+06	16552.6
	3046	2.29984e+06	16552.6
	3047	2.29988e+06	16552.7
	3048	2.29992e+06	16552.8
	3049	2.29995e+06	16552.8
	3050	2.29999e+06	16552.9
	3051	2.30002e+06	16553
	3052	2.30006e+06	16553.1
	3053	2.30009e+06	16553.1
	3054	2.30013e+06	16553.2
	3055	2.30016e+06	16553.3
	3056	2.3002e+06	16553.4
	3057	2.30023e+06	16553.5
	3058	2.30026e+06	16553.5
	3059	2.3003e+06	16553.6
	3060	2.30033e+06	16553.7
	3061	2.30036e+06	16553.8
	3062	2.3004e+06	16553.9
	3063	2.30043e+06	16554
	3064	2.30046e+06	16554.1
	3065	2.30049e+06	16554.2
	3066	2.30053e+06	16554.3
	3067	2.30056e+06	16554.4
	3068	2.30059e+06	16554.5
	3069	2.30062e+06	16554.6
	3070	2.30065e+06	16554.7
	3071	2.30068e+06	16554.8
	3072	2.30071e+06	16554.9
	3073	2.30074e+06	16555
	3074	2.30077e+06	16555.1
	3075	2.30079e+06	16555.2
	3076	2.30082e+06	16555.3
	3077	2.30085e+06	16555.4
	3078	2.30088e+06	16555.5
	3079	2.3009e+06	16555.6
	3080	2.30093e+06	16555.7
	3081	2.30096e+06	16555.9
	3082	2.30098e+06	16556
	3083	2.30101e+06	16556.1
	3084	2.30103e+06	16556.2
	3085	2.30106e+06	16556.3
	3086	2.30108e+06	16556.4
	3087	2.3011e+06	16556.5
	3088	2.30113e+06	16556.7
	3089	2.30115e+06	16556.8
	3090	2.30117e+06	16556.9
	3091	2.30119e+06	16557
	3092	2.30121e+06	16557.1
	3093	2.30124e+06	16557.3
	3094	2.30126e+06	16557.4
	3095	2.30127e+06	16557.5
	3096	2.30129e+06	16557.6
	3097	2.30131e+06	16557.7
	3098	2.30133e+06	16557.9
	3099	2.30135e+06	16558
	3100	2.30137e+06	16558.1
	3101	2.30138e+06	16558.2
	3102	2.3014e+06	16558.3
	3103	2.30141e+06	16558.5
	3104	2.30143e+06	16558.6
	3105	2.30144e+06	16558.7
	3106	2.30146e+06	16558.8
	3107	2.30147e+06	16558.9
	3108	2.30148e+06	16559
	3109	2.3015e+06	16559.2
	3110	2.30151e+06	16559.3
	3111	2.30152e+06	16559.4
	3112	2.30153e+06	16559.5
	3113	2.30154e+06	16559.6
	3114	2.30155e+06	16559.8
	3115	2.30156e+06	16559.9
	3116	2.30157e+06	16560
	3117	2.30158e+06	16560.1
	3118	2.30158e+06	16560.2
	3119	2.30159e+06	16560.3
	3120	2.3016e+06	16560.4
	3121	2.3016e+06	16560.6
	3122	2.30161e+06	16560.7
	3123	2.30161e+06	16560.8
	3124	2.30162e+06	16560.9
	3125	2.30162e+06	16561
	3126	2.30163e+06	16561.1
	3127	2.30163e+06	16561.2
	3128	2.30163e+06	16561.3
	3129	2.30163e+06	16561.4
	3130	2.30163e+06	16561.5
	3131	2.30163e+06	16561.6
	3132	2.30163e+06	16561.7
	3133	2.30163e+06	16561.8
	3134	2.30163e+06	16561.9
	3135	2.30163e+06	16562
	3136	2.30163e+06	16562.1
	3137	2.30163e+06	16562.2
	3138	2.30163e+06	16562.3
	3139	2.30162e+06	16562.4
	3140	2.30162e+06	16562.5
	3141	2.30161e+06	16562.6
	3142	2.30161e+06	16562.7
	3143	2.3016e+06	16562.8
	3144	2.3016e+06	16562.9
	3145	2.30159e+06	16563
	3146	2.30159e+06	16563.1
	3147	2.30158e+06	16563.1
	3148	2.30157e+06	16563.2
	3149	2.30156e+06	16563.3
	3150	2.30156e+06	16563.4
	3151	2.30155e+06	16563.5
	3152	2.30154e+06	16563.6
	3153	2.30153e+06	16563.6
	3154	2.30152e+06	16563.7
	3155	2.30151e+06	16563.8
	3156	2.3015e+06	16563.8
	3157	2.30148e+06	16563.9
	3158	2.30147e+06	16564
	3159	2.30146e+06	16564.1
	3160	2.30145e+06	16564.1
	3161	2.30143e+06	16564.2
	3162	2.30142e+06	16564.2
	3163	2.30141e+06	16564.3
	3164	2.30139e+06	16564.4
	3165	2.30138e+06	16564.4
	3166	2.30136e+06	16564.5
	3167	2.30135e+06	16564.5
	3168	2.30133e+06	16564.6
	3169	2.30132e+06	16564.6
	3170	2.3013e+06	16564.7
	3171	2.30128e+06	16564.7
	3172	2.30127e+06	16564.8
	3173	2.30125e+06	16564.8
	3174	2.30123e+06	16564.9
	3175	2.30121e+06	16564.9
	3176	2.3012e+06	16564.9
	3177	2.30118e+06	16565
	3178	2.30116e+06	16565
	3179	2.30114e+06	16565
	3180	2.30112e+06	16565.1
	3181	2.3011e+06	16565.1
	3182	2.30108e+06	16565.1
	3183	2.30106e+06	16565.2
	3184	2.30104e+06	16565.2
	3185	2.30102e+06	16565.2
	3186	2.301e+06	16565.2
	3187	2.30098e+06	16565.2
	3188	2.30096e+06	16565.3
	3189	2.30094e+06	16565.3
	3190	2.30092e+06	16565.3
	3191	2.30089e+06	16565.3
	3192	2.30087e+06	16565.3
	3193	2.30085e+06	16565.3
	3194	2.30083e+06	16565.3
	3195	2.30081e+06	16565.3
	3196	2.30078e+06	16565.3
	3197	2.30076e+06	16565.3
	3198	2.30074e+06	16565.3
	3199	2.30071e+06	16565.3
	3200	2.30069e+06	16565.3
	3201	2.30067e+06	16565.3
	3202	2.30065e+06	16565.3
	3203	2.30062e+06	16565.3
	3204	2.3006e+06	16565.3
	3205	2.30058e+06	16565.3
	3206	2.30055e+06	16565.3
	3207	2.30053e+06	16565.3
	3208	2.30051e+06	16565.3
	3209	2.30048e+06	16565.2
	3210	2.30046e+06	16565.2
	3211	2.30043e+06	16565.2
	3212	2.30041e+06	16565.2
	3213	2.30039e+06	16565.2
	3214	2.30036e+06	16565.1
	3215	2.30034e+06	16565.1
	3216	2.30032e+06	16565.1
	3217	2.30029e+06	16565
	3218	2.30027e+06	16565
	3219	2.30025e+06	16565
	3220	2.30022e+06	16565
	3221	2.3002e+06	16564.9
	3222	2.30018e+06	16564.9
	3223	2.30015e+06	16564.8
	3224	2.30013e+06	16564.8
	3225	2.30011e+06	16564.8
	3226	2.30008e+06	16564.7
	3227	2.30006e+06	16564.7
	3228	2.30004e+06	16564.6
	3229	2.30001e+06	16564.6
	3230	2.29999e+06	16564.5
	3231	2.29997e+06	16564.5
	3232	2.29994e+06	16564.4
	3233	2.29992e+06	16564.4
	3234	2.2999e+06	16564.3
	3235	2.29988e+06	16564.3
	3236	2.29986e+06	16564.2
	3237	2.29983e+06	16564.2
	3238	2.29981e+06	16564.1
	3239	2.29979e+06	16564.1
	3240	2.29977e+06	16564
	3241	2.29975e+06	16564
	3242	2.29973e+06	16563.9
	3243	2.29971e+06	16563.8
	3244	2.29969e+06	16563.8
	3245	2.29967e+06	16563.7
	3246	2.29965e+06	16563.6
	3247	2.29963e+06	16563.6
	3248	2.29961e+06	16563.5
	3249	2.29959e+06	16563.5
	3250	2.29957e+06	16563.4
	3251	2.29955e+06	16563.3
	3252	2.29953e+06	16563.3
	3253	2.29951e+06	16563.2
	3254	2.29949e+06	16563.1
	3255	2.29947e+06	16563
	3256	2.29946e+06	16563
	3257	2.29944e+06	16562.9
	3258	2.29942e+06	16562.8
	3259	2.2994e+06	16562.8
	3260	2.29939e+06	16562.7
	3261	2.29937e+06	16562.6
	3262	2.29935e+06	16562.5
	3263	2.29934e+06	16562.5
	3264	2.29932e+06	16562.4
	3265	2.29931e+06	16562.3
	3266	2.29929e+06	16562.2
	3267	2.29928e+06	16562.2
	3268	2.29926e+06	16562.1
	3269	2.29925e+06	16562
	3270	2.29923e+06	16561.9
	3271	2.29922e+06	16561.9
	3272	2.29921e+06	16561.8
	3273	2.29919e+06	16561.7
	3274	2.29918e+06	16561.6
	3275	2.29917e+06	16561.6
	3276	2.29916e+06	16561.5
	3277	2.29915e+06	16561.4
	3278	2.29913e+06	16561.3
	3279	2.29912e+06	16561.3
	3280	2.29911e+06	16561.2
	3281	2.2991e+06	16561.1
	3282	2.29909e+06	16561
	3283	2.29908e+06	16560.9
	3284	2.29907e+06	16560.9
	3285	2.29906e+06	16560.8
	3286	2.29905e+06	16560.7
	3287	2.29905e+06	16560.6
	3288	2.29904e+06	16560.6
	3289	2.29903e+06	16560.5
	3290	2.29902e+06	16560.4
	3291	2.29902e+06	16560.3
	3292	2.29901e+06	16560.3
	3293	2.299e+06	16560.2
	3294	2.299e+06	16560.1
	3295	2.29899e+06	16560
	3296	2.29899e+06	16560
	3297	2.29898e+06	16559.9
	3298	2.29898e+06	16559.8
	3299	2.29897e+06	16559.7
	3300	2.29897e+06	16559.7
	3301	2.29896e+06	16559.6
	3302	2.29896e+06	16559.5
	3303	2.29896e+06	16559.4
	3304	2.29896e+06	16559.4
	3305	2.29895e+06	16559.3
	3306	2.29895e+06	16559.2
	3307	2.29895e+06	16559.2
	3308	2.29895e+06	16559.1
	3309	2.29895e+06	16559
	3310	2.29895e+06	16559
	3311	2.29895e+06	16558.9
	3312	2.29895e+06	16558.8
	3313	2.29895e+06	16558.8
	3314	2.29895e+06	16558.7
	3315	2.29895e+06	16558.6
	3316	2.29895e+06	16558.6
	3317	2.29895e+06	16558.5
	3318	2.29895e+06	16558.5
	3319	2.29896e+06	16558.4
	3320	2.29896e+06	16558.3
	3321	2.29896e+06	16558.3
	3322	2.29897e+06	16558.2
	3323	2.29897e+06	16558.2
	3324	2.29897e+06	16558.1
	3325	2.29898e+06	16558
	3326	2.29898e+06	16558
	3327	2.29899e+06	16557.9
	3328	2.29899e+06	16557.9
	3329	2.299e+06	16557.8
	3330	2.299e+06	16557.8
	3331	2.29901e+06	16557.7
	3332	2.29902e+06	16557.7
	3333	2.29902e+06	16557.6
	3334	2.29903e+06	16557.6
	3335	2.29904e+06	16557.5
	3336	2.29904e+06	16557.5
	3337	2.29905e+06	16557.4
	3338	2.29906e+06	16557.4
	3339	2.29907e+06	16557.4
	3340	2.29908e+06	16557.3
	3341	2.29908e+06	16557.3
	3342	2.29909e+06	16557.2
	3343	2.2991e+06	16557.2
	3344	2.29911e+06	16557.2
	3345	2.29912e+06	16557.1
	3346	2.29913e+06	16557.1
	3347	2.29914e+06	16557.1
	3348	2.29915e+06	16557
	3349	2.29916e+06	16557
	3350	2.29917e+06	16557
	3351	2.29918e+06	16556.9
	3352	2.29919e+06	16556.9
	3353	2.2992e+06	16556.9
	3354	2.29922e+06	16556.9
	3355	2.29923e+06	16556.8
	3356	2.29924e+06	16556.8
	3357	2.29925e+06	16556.8
	3358	2.29926e+06	16556.8
	3359	2.29928e+06	16556.7
	3360	2.29929e+06	16556.7
	3361	2.2993e+06	16556.7
	3362	2.29931e+06	16556.7
	3363	2.29933e+06	16556.7
	3364	2.29934e+06	16556.7
	3365	2.29935e+06	16556.6
	3366	2.29937e+06	16556.6
	3367	2.29938e+06	16556.6
	3368	2.29939e+06	16556.6
	3369	2.29941e+06	16556.6
	3370	2.29942e+06	16556.6
	3371	2.29944e+06	16556.6
	3372	2.29945e+06	16556.6
	3373	2.29947e+06	16556.6
	3374	2.29948e+06	16556.6
	3375	2.29949e+06	16556.6
	3376	2.29951e+06	16556.6
	3377	2.29952e+06	16556.6
	3378	2.29954e+06	16556.6
	3379	2.29955e+06	16556.6
	3380	2.29957e+06	16556.6
	3381	2.29958e+06	16556.6
	3382	2.2996e+06	16556.6
	3383	2.29961e+06	16556.6
	3384	2.29963e+06	16556.6
	3385	2.29964e+06	16556.6
	3386	2.29966e+06	16556.6
	3387	2.29967e+06	16556.6
	3388	2.29969e+06	16556.6
	3389	2.2997e+06	16556.6
	3390	2.29972e+06	16556.7
	3391	2.29973e+06	16556.7
	3392	2.29975e+06	16556.7
	3393	2.29976e+06	16556.7
	3394	2.29978e+06	16556.7
	3395	2.2998e+06	16556.7
	3396	2.29981e+06	16556.8
	3397	2.29983e+06	16556.8
	3398	2.29984e+06	16556.8
	3399	2.29986e+06	16556.8
	3400	2.29987e+06	16556.8
	3401	2.29989e+06	16556.9
	3402	2.2999e+06	16556.9
	3403	2.29992e+06	16556.9
	3404	2.29993e+06	16556.9
	3405	2.29995e+06	16557
	3406	2.29996e+06	16557
	3407	2.29998e+06	16557
	3408	2.29999e+06	16557
	3409	2.30001e+06	16557.1
	3410	2.30002e+06	16557.1
	3411	2.30004e+06	16557.1
	3412	2.30005e+06	16557.2
	3413	2.30006e+06	16557.2
	3414	2.30008e+06	16557.2
	3415	2.30009e+06	16557.3
	3416	2.30011e+06	16557.3
	3417	2.30012e+06	16557.3
	3418	2.30013e+06	16557.4
	3419	2.30015e+06	16557.4
	3420	2.30016e+06	16557.5
	3421	2.30018e+06	16557.5
	3422	2.30019e+06	16557.5
	3423	2.3002e+06	16557.6
	3424	2.30022e+06	16557.6
	3425	2.30023e+06	16557.7
	3426	2.30024e+06	16557.7
	3427	2.30025e+06	16557.7
	3428	2.30027e+06	16557.8
	3429	2.30028e+06	16557.8
	3430	2.30029e+06	16557.9
	3431	2.3003e+06	16557.9
	3432	2.30032e+06	16557.9
	3433	2.30033e+06	16558
	3434	2.30034e+06	16558
	3435	2.30035e+06	16558.1
	3436	2.30036e+06	16558.1
	3437	2.30037e+06	16558.2
	3438	2.30039e+06	16558.2
	3439	2.3004e+06	16558.3
	3440	2.30041e+06	16558.3
	3441	2.30042e+06	16558.4
	3442	2.30043e+06	16558.4
	3443	2.30044e+06	16558.5
	3444	2.30045e+06	16558.5
	3445	2.30046e+06	16558.6
	3446	2.30047e+06	16558.6
	3447	2.30048e+06	16558.7
	3448	2.30049e+06	16558.7
	3449	2.3005e+06	16558.8
	3450	2.3005e+06	16558.8
	3451	2.30051e+06	16558.8
	3452	2.30052e+06	16558.9
	3453	2.30053e+06	16558.9
	3454	2.30054e+06	16559
	3455	2.30055e+06	16559
	3456	2.30055e+06	16559.1
	3457	2.30056e+06	16559.1
	3458	2.30057e+06	16559.2
	3459	2.30057e+06	16559.2
	3460	2.30058e+06	16559.3
	3461	2.30059e+06	16559.3
	3462	2.30059e+06	16559.4
	3463	2.3006e+06	16559.4
	3464	2.30061e+06	16559.5
	3465	2.30061e+06	16559.5
	3466	2.30062e+06	16559.6
	3467	2.30062e+06	16559.6
	3468	2.30063e+06	16559.7
	3469	2.30063e+06	16559.7
	3470	2.30064e+06	16559.8
	3471	2.30064e+06	16559.8
	3472	2.30065e+06	16559.9
	3473	2.30065e+06	16559.9
	3474	2.30065e+06	16560
	3475	2.30066e+06	16560
	3476	2.30066e+06	16560.1
	3477	2.30066e+06	16560.1
	3478	2.30067e+06	16560.2
	3479	2.30067e+06	16560.2
	3480	2.30067e+06	16560.3
	3481	2.30067e+06	16560.3
	3482	2.30067e+06	16560.4
	3483	2.30068e+06	16560.4
	3484	2.30068e+06	16560.5
	3485	2.30068e+06	16560.5
	3486	2.30068e+06	16560.5
	3487	2.30068e+06	16560.6
	3488	2.30068e+06	16560.6
	3489	2.30068e+06	16560.7
	3490	2.30068e+06	16560.7
	3491	2.30068e+06	16560.8
	3492	2.30068e+06	16560.8
	3493	2.30068e+06	16560.8
	3494	2.30068e+06	16560.9
	3495	2.30068e+06	16560.9
	3496	2.30068e+06	16561
	3497	2.30068e+06	16561
	3498	2.30068e+06	16561
	3499	2.30067e+06	16561.1
	3500	2.30067e+06	16561.1
	3501	2.30067e+06	16561.2
	3502	2.30067e+06	16561.2
	3503	2.30067e+06	16561.2
	3504	2.30066e+06	16561.3
	3505	2.30066e+06	16561.3
	3506	2.30066e+06	16561.3
	3507	2.30065e+06	16561.4
	3508	2.30065e+06	16561.4
	3509	2.30065e+06	16561.4
	3510	2.30064e+06	16561.5
	3511	2.30064e+06	16561.5
	3512	2.30063e+06	16561.5
	3513	2.30063e+06	16561.6
	3514	2.30063e+06	16561.6
	3515	2.30062e+06	16561.6
	3516	2.30062e+06	16561.7
	3517	2.30061e+06	16561.7
	3518	2.30061e+06	16561.7
	3519	2.3006e+06	16561.7
	3520	2.30059e+06	16561.8
	3521	2.30059e+06	16561.8
	3522	2.30058e+06	16561.8
	3523	2.30058e+06	16561.8
	3524	2.30057e+06	16561.9
	3525	2.30056e+06	16561.9
	3526	2.30056e+06	16561.9
	3527	2.30055e+06	16561.9
	3528	2.30054e+06	16561.9
	3529	2.30054e+06	16562
	3530	2.30053e+06	16562
	3531	2.30052e+06	16562
	3532	2.30052e+06	16562
	3533	2.30051e+06	16562
	3534	2.3005e+06	16562.1
	3535	2.30049e+06	16562.1
	3536	2.30049e+06	16562.1
	3537	2.30048e+06	16562.1
	3538	2.30047e+06	16562.1
	3539	2.30046e+06	16562.1
	3540	2.30045e+06	16562.1
	3541	2.30045e+06	16562.2
	3542	2.30044e+06	16562.2
	3543	2.30043e+06	16562.2
	3544	2.30042e+06	16562.2
	3545	2.30041e+06	16562.2
	3546	2.3004e+06	16562.2
	3547	2.30039e+06	16562.2
	3548	2.30038e+06	16562.2
	3549	2.30038e+06	16562.2
	3550	2.30037e+06	16562.2
	3551	2.30036e+06	16562.2
	3552	2.30035e+06	16562.2
	3553	2.30034e+06	16562.2
	3554	2.30033e+06	16562.2
	3555	2.30032e+06	16562.2
	3556	2.30031e+06	16562.2
	3557	2.3003e+06	16562.2
	3558	2.30029e+06	16562.2
	3559	2.30028e+06	16562.2
	3560	2.30027e+06	16562.2
	3561	2.30026e+06	16562.2
	3562	2.30025e+06	16562.2
	3563	2.30024e+06	16562.2
	3564	2.30023e+06	16562.2
	3565	2.30022e+06	16562.2
	3566	2.30021e+06	16562.2
	3567	2.3002e+06	16562.2
	3568	2.30019e+06	16562.2
	3569	2.30019e+06	16562.2
	3570	2.30018e+06	16562.2
	3571	2.30017e+06	16562.2
	3572	2.30016e+06	16562.1
	3573	2.30015e+06	16562.1
	3574	2.30014e+06	16562.1
	3575	2.30013e+06	16562.1
	3576	2.30012e+06	16562.1
	3577	2.30011e+06	16562.1
	3578	2.3001e+06	16562.1
	3579	2.30009e+06	16562.1
	3580	2.30008e+06	16562
	3581	2.30007e+06	16562
	3582	2.30006e+06	16562
	3583	2.30005e+06	16562
	3584	2.30004e+06	16562
	3585	2.30003e+06	16562
	3586	2.30002e+06	16561.9
	3587	2.30001e+06	16561.9
	3588	2.3e+06	16561.9
	3589	2.29999e+06	16561.9
	3590	2.29998e+06	16561.9
	3591	2.29997e+06	16561.8
	3592	2.29996e+06	16561.8
	3593	2.29995e+06	16561.8
	3594	2.29994e+06	16561.8
	3595	2.29993e+06	16561.8
	3596	2.29993e+06	16561.7
	3597	2.29992e+06	16561.7
	3598	2.29991e+06	16561.7
	3599	2.2999e+06	16561.7
	3600	2.29989e+06	16561.6
	3601	2.29988e+06	16561.6
	3602	2.29987e+06	16561.6
	3603	2.29986e+06	16561.6
	3604	2.29986e+06	16561.5
	3605	2.29985e+06	16561.5
	3606	2.29984e+06	16561.5
	3607	2.29983e+06	16561.5
	3608	2.29982e+06	16561.4
	3609	2.29981e+06	16561.4
	3610	2.29981e+06	16561.4
	3611	2.2998e+06	16561.3
	3612	2.29979e+06	16561.3
	3613	2.29978e+06	16561.3
	3614	2.29978e+06	16561.3
	3615	2.29977e+06	16561.2
	3616	2.29976e+06	16561.2
	3617	2.29975e+06	16561.2
	3618	2.29975e+06	16561.1
	3619	2.29974e+06	16561.1
	3620	2.29973e+06	16561.1
	3621	2.29973e+06	16561
	3622	2.29972e+06	16561
	3623	2.29971e+06	16561
	3624	2.29971e+06	16561
	3625	2.2997e+06	16560.9
	3626	2.2997e+06	16560.9
	3627	2.29969e+06	16560.9
	3628	2.29968e+06	16560.8
	3629	2.29968e+06	16560.8
	3630	2.29967e+06	16560.8
	3631	2.29967e+06	16560.7
	3632	2.29966e+06	16560.7
	3633	2.29966e+06	16560.7
	3634	2.29965e+06	16560.6
	3635	2.29965e+06	16560.6
	3636	2.29964e+06	16560.6
	3637	2.29964e+06	16560.5
	3638	2.29963e+06	16560.5
	3639	2.29963e+06	16560.5
	3640	2.29962e+06	16560.4
	3641	2.29962e+06	16560.4
	3642	2.29962e+06	16560.4
	3643	2.29961e+06	16560.3
	3644	2.29961e+06	16560.3
	3645	2.2996e+06	16560.3
	3646	2.2996e+06	16560.2
	3647	2.2996e+06	16560.2
	3648	2.29959e+06	16560.2
	3649	2.29959e+06	16560.2
	3650	2.29959e+06	16560.1
