	0	5e+06	1125
	1	4.9956e+06	1149.46
	2	4.99228e+06	939.668
	3	4.98911e+06	960.18
	4	4.98605e+06	981.114
	5	4.98311e+06	1002.48
	6	4.98027e+06	1024.28
	7	4.97753e+06	1046.53
	8	4.97488e+06	1069.23
	9	4.97231e+06	1092.4
	10	4.96981e+06	1116.05
	11	4.96738e+06	1140.17
	12	4.96501e+06	1164.79
	13	4.96269e+06	1189.91
	14	4.96042e+06	1215.53
	15	4.9582e+06	1241.68
	16	4.95602e+06	1268.36
	17	4.95386e+06	1295.57
	18	4.95174e+06	1323.34
	19	4.94965e+06	1351.66
	20	4.94758e+06	1380.56
	21	4.94552e+06	1410.03
	22	4.94348e+06	1440.09
	23	4.94145e+06	1470.75
	24	4.93943e+06	1502.02
	25	4.93741e+06	1533.92
	26	4.9354e+06	1566.44
	27	4.93338e+06	1599.61
	28	4.93136e+06	1633.43
	29	4.92934e+06	1667.92
	30	4.92731e+06	1703.09
	31	4.92526e+06	1738.94
	32	4.92321e+06	1775.49
	33	4.92114e+06	1812.75
	34	4.91906e+06	1850.73
	35	4.91695e+06	1889.45
	36	4.91483e+06	1928.91
	37	4.91268e+06	1969.12
	38	4.91051e+06	2010.11
	39	4.90832e+06	2051.88
	40	4.9061e+06	2094.44
	41	4.90385e+06	2137.81
	42	4.90157e+06	2181.99
	43	4.89926e+06	2227
	44	4.89691e+06	2272.85
	45	4.89454e+06	2319.56
	46	4.89212e+06	2367.13
	47	4.88967e+06	2415.58
	48	4.88718e+06	2464.92
	49	4.88466e+06	2515.17
	50	4.88209e+06	2566.32
	51	4.87948e+06	2618.41
	52	4.87682e+06	2671.43
	53	4.87412e+06	2725.41
	54	4.87138e+06	2780.34
	55	4.86859e+06	2836.26
	56	4.86575e+06	2893.16
	57	4.86286e+06	2951.06
	58	4.85992e+06	3009.97
	59	4.85694e+06	3069.91
	60	4.85389e+06	3130.88
	61	4.8508e+06	3192.89
	62	4.84765e+06	3255.97
	63	4.84445e+06	3320.11
	64	4.84118e+06	3385.33
	65	4.83787e+06	3451.64
	66	4.83449e+06	3519.06
	67	4.83105e+06	3587.58
	68	4.82755e+06	3657.23
	69	4.82399e+06	3728.01
	70	4.82037e+06	3799.93
	71	4.81668e+06	3873.01
	72	4.81293e+06	3947.24
	73	4.80911e+06	4022.64
	74	4.80523e+06	4099.23
	75	4.80128e+06	4176.99
	76	4.79726e+06	4255.95
	77	4.79317e+06	4336.12
	78	4.789e+06	4417.49
	79	4.78477e+06	4500.07
	80	4.78047e+06	4583.88
	81	4.77609e+06	4668.92
	82	4.77163e+06	4755.19
	83	4.7671e+06	4842.69
	84	4.7625e+06	4931.44
	85	4.75781e+06	5021.43
	86	4.75305e+06	5112.68
	87	4.74821e+06	5205.17
	88	4.74329e+06	5298.92
	89	4.73829e+06	5393.92
	90	4.73321e+06	5490.18
	91	4.72804e+06	5587.7
	92	4.7228e+06	5686.47
	93	4.71746e+06	5786.5
	94	4.71205e+06	5887.78
	95	4.70654e+06	5990.31
	96	4.70095e+06	6094.08
	97	4.69528e+06	6199.11
	98	4.68951e+06	6305.36
	99	4.68366e+06	6412.86
	100	4.67772e+06	6521.57
	101	4.67169e+06	6631.51
	102	4.66557e+06	6742.66
	103	4.65936e+06	6855.01
	104	4.65305e+06	6968.55
	105	4.64666e+06	7083.28
	106	4.64017e+06	7199.17
	107	4.63359e+06	7316.22
	108	4.62691e+06	7434.42
	109	4.62015e+06	7553.75
	110	4.61328e+06	7674.19
	111	4.60633e+06	7795.73
	112	4.59928e+06	7918.35
	113	4.59213e+06	8042.04
	114	4.58489e+06	8166.77
	115	4.57755e+06	8292.52
	116	4.57011e+06	8419.28
	117	4.56258e+06	8547.02
	118	4.55496e+06	8675.72
	119	4.54723e+06	8805.36
	120	4.53942e+06	8935.9
	121	4.5315e+06	9067.33
	122	4.52349e+06	9199.62
	123	4.51538e+06	9332.74
	124	4.50718e+06	9466.67
	125	4.49888e+06	9601.37
	126	4.49049e+06	9736.81
	127	4.482e+06	9872.96
	128	4.47342e+06	10009.8
	129	4.46474e+06	10147.3
	130	4.45597e+06	10285.4
	131	4.4471e+06	10424.1
	132	4.43814e+06	10563.3
	133	4.42909e+06	10703
	134	4.41995e+06	10843.2
	135	4.41071e+06	10983.9
	136	4.40139e+06	11124.9
	137	4.39197e+06	11266.3
	138	4.38247e+06	11408
	139	4.37288e+06	11550
	140	4.3632e+06	11692.2
	141	4.35343e+06	11834.7
	142	4.34358e+06	11977.3
	143	4.33365e+06	12120
	144	4.32363e+06	12262.8
	145	4.31353e+06	12405.6
	146	4.30335e+06	12548.5
	147	4.29309e+06	12691.2
	148	4.28275e+06	12833.9
	149	4.27233e+06	12976.4
	150	4.26184e+06	13118.8
	151	4.25127e+06	13260.9
	152	4.24063e+06	13402.8
	153	4.22992e+06	13544.4
	154	4.21914e+06	13685.6
	155	4.20829e+06	13826.4
	156	4.19738e+06	13966.7
	157	4.1864e+06	14106.6
	158	4.17535e+06	14246
	159	4.16425e+06	14384.8
	160	4.15308e+06	14523
	161	4.14186e+06	14660.5
	162	4.13058e+06	14797.4
	163	4.11925e+06	14933.5
	164	4.10786e+06	15068.8
	165	4.09643e+06	15203.4
	166	4.08494e+06	15337
	167	4.07341e+06	15469.8
	168	4.06183e+06	15601.7
	169	4.05021e+06	15732.6
	170	4.03855e+06	15862.5
	171	4.02686e+06	15991.4
	172	4.01512e+06	16119.2
	173	4.00336e+06	16245.9
	174	3.99155e+06	16371.5
	175	3.97972e+06	16495.9
	176	3.96787e+06	16619.1
	177	3.95598e+06	16741
	178	3.94408e+06	16861.7
	179	3.93215e+06	16981.2
	180	3.9202e+06	17099.3
	181	3.90823e+06	17216
	182	3.89625e+06	17331.4
	183	3.88426e+06	17445.4
	184	3.87226e+06	17558
	185	3.86025e+06	17669.2
	186	3.84823e+06	17778.9
	187	3.83621e+06	17887.1
	188	3.82419e+06	17993.8
	189	3.81217e+06	18099
	190	3.80015e+06	18202.7
	191	3.78814e+06	18304.8
	192	3.77613e+06	18405.4
	193	3.76414e+06	18504.4
	194	3.75215e+06	18601.8
	195	3.74018e+06	18697.6
	196	3.72822e+06	18791.8
	197	3.71628e+06	18884.4
	198	3.70437e+06	18975.4
	199	3.69247e+06	19064.7
	200	3.6806e+06	19152.4
	201	3.66875e+06	19238.4
	202	3.65693e+06	19322.8
	203	3.64514e+06	19405.6
	204	3.63338e+06	19486.7
	205	3.62166e+06	19566.1
	206	3.60997e+06	19643.9
	207	3.59832e+06	19720.1
	208	3.58671e+06	19794.6
	209	3.57514e+06	19867.4
	210	3.56361e+06	19938.6
	211	3.55213e+06	20008.2
	212	3.5407e+06	20076.2
	213	3.52931e+06	20142.5
	214	3.51797e+06	20207.2
	215	3.50668e+06	20270.3
	216	3.49545e+06	20331.8
	217	3.48427e+06	20391.6
	218	3.47315e+06	20450
	219	3.46209e+06	20506.7
	220	3.45108e+06	20561.9
	221	3.44014e+06	20615.5
	222	3.42926e+06	20667.6
	223	3.41844e+06	20718.2
	224	3.40768e+06	20767.2
	225	3.397e+06	20814.8
	226	3.38638e+06	20860.8
	227	3.37583e+06	20905.5
	228	3.36534e+06	20948.6
	229	3.35494e+06	20990.3
	230	3.3446e+06	21030.6
	231	3.33433e+06	21069.5
	232	3.32415e+06	21107.1
	233	3.31403e+06	21143.2
	234	3.304e+06	21178
	235	3.29404e+06	21211.5
	236	3.28416e+06	21243.6
	237	3.27436e+06	21274.5
	238	3.26464e+06	21304.1
	239	3.255e+06	21332.4
	240	3.24545e+06	21359.5
	241	3.23597e+06	21385.3
	242	3.22659e+06	21410
	243	3.21728e+06	21433.5
	244	3.20807e+06	21455.8
	245	3.19893e+06	21477
	246	3.18989e+06	21497.1
	247	3.18093e+06	21516
	248	3.17206e+06	21533.9
	249	3.16328e+06	21550.7
	250	3.15459e+06	21566.5
	251	3.14599e+06	21581.3
	252	3.13748e+06	21595
	253	3.12906e+06	21607.8
	254	3.12073e+06	21619.6
	255	3.1125e+06	21630.5
	256	3.10435e+06	21640.4
	257	3.0963e+06	21649.5
	258	3.08834e+06	21657.6
	259	3.08048e+06	21664.9
	260	3.0727e+06	21671.4
	261	3.06503e+06	21677
	262	3.05744e+06	21681.9
	263	3.04995e+06	21685.9
	264	3.04256e+06	21689.2
	265	3.03525e+06	21691.8
	266	3.02805e+06	21693.6
	267	3.02094e+06	21694.7
	268	3.01392e+06	21695.1
	269	3.007e+06	21694.8
	270	3.00017e+06	21693.9
	271	2.99344e+06	21692.3
	272	2.98681e+06	21690.2
	273	2.98027e+06	21687.4
	274	2.97383e+06	21684
	275	2.96748e+06	21680.1
	276	2.96122e+06	21675.6
	277	2.95507e+06	21670.6
	278	2.949e+06	21665.1
	279	2.94304e+06	21659
	280	2.93716e+06	21652.5
	281	2.93139e+06	21645.6
	282	2.9257e+06	21638.1
	283	2.92012e+06	21630.3
	284	2.91462e+06	21622
	285	2.90922e+06	21613.3
	286	2.90392e+06	21604.2
	287	2.89871e+06	21594.7
	288	2.89359e+06	21584.9
	289	2.88856e+06	21574.7
	290	2.88363e+06	21564.2
	291	2.87879e+06	21553.3
	292	2.87404e+06	21542.2
	293	2.86939e+06	21530.8
	294	2.86483e+06	21519.1
	295	2.86035e+06	21507.1
	296	2.85597e+06	21494.8
	297	2.85168e+06	21482.3
	298	2.84748e+06	21469.6
	299	2.84337e+06	21456.7
	300	2.83935e+06	21443.6
	301	2.83542e+06	21430.2
	302	2.83158e+06	21416.7
	303	2.82782e+06	21403
	304	2.82415e+06	21389.2
	305	2.82057e+06	21375.1
	306	2.81708e+06	21361
	307	2.81367e+06	21346.7
	308	2.81035e+06	21332.3
	309	2.80711e+06	21317.8
	310	2.80396e+06	21303.2
	311	2.80089e+06	21288.5
	312	2.7979e+06	21273.7
	313	2.795e+06	21258.9
	314	2.79218e+06	21243.9
	315	2.78944e+06	21228.9
	316	2.78678e+06	21213.9
	317	2.7842e+06	21198.9
	318	2.7817e+06	21183.8
	319	2.77928e+06	21168.6
	320	2.77694e+06	21153.5
	321	2.77467e+06	21138.4
	322	2.77248e+06	21123.2
	323	2.77037e+06	21108.1
	324	2.76834e+06	21093
	325	2.76638e+06	21077.8
	326	2.76449e+06	21062.8
	327	2.76267e+06	21047.7
	328	2.76093e+06	21032.7
	329	2.75926e+06	21017.8
	330	2.75766e+06	21002.9
	331	2.75614e+06	20988
	332	2.75468e+06	20973.2
	333	2.75329e+06	20958.5
	334	2.75197e+06	20943.9
	335	2.75071e+06	20929.3
	336	2.74952e+06	20914.8
	337	2.7484e+06	20900.4
	338	2.74734e+06	20886.1
	339	2.74634e+06	20871.9
	340	2.74541e+06	20857.8
	341	2.74454e+06	20843.8
	342	2.74373e+06	20830
	343	2.74298e+06	20816.2
	344	2.7423e+06	20802.5
	345	2.74167e+06	20789
	346	2.74109e+06	20775.6
	347	2.74058e+06	20762.3
	348	2.74012e+06	20749.2
	349	2.73971e+06	20736.2
	350	2.73936e+06	20723.4
	351	2.73906e+06	20710.6
	352	2.73882e+06	20698.1
	353	2.73862e+06	20685.6
	354	2.73848e+06	20673.3
	355	2.73839e+06	20661.2
	356	2.73834e+06	20649.2
	357	2.73835e+06	20637.4
	358	2.73839e+06	20625.8
	359	2.73849e+06	20614.3
	360	2.73863e+06	20602.9
	361	2.73881e+06	20591.8
	362	2.73904e+06	20580.8
	363	2.73931e+06	20569.9
	364	2.73962e+06	20559.3
	365	2.73997e+06	20548.8
	366	2.74036e+06	20538.4
	367	2.74079e+06	20528.3
	368	2.74126e+06	20518.3
	369	2.74176e+06	20508.5
	370	2.7423e+06	20498.9
	371	2.74287e+06	20489.4
	372	2.74347e+06	20480.1
	373	2.74411e+06	20471
	374	2.74478e+06	20462.1
	375	2.74549e+06	20453.3
	376	2.74622e+06	20444.8
	377	2.74698e+06	20436.4
	378	2.74777e+06	20428.2
	379	2.74858e+06	20420.1
	380	2.74942e+06	20412.3
	381	2.75029e+06	20404.6
	382	2.75118e+06	20397.1
	383	2.7521e+06	20389.8
	384	2.75304e+06	20382.6
	385	2.754e+06	20375.7
	386	2.75498e+06	20368.9
	387	2.75598e+06	20362.3
	388	2.757e+06	20355.8
	389	2.75804e+06	20349.6
	390	2.75909e+06	20343.5
	391	2.76016e+06	20337.6
	392	2.76125e+06	20331.8
	393	2.76236e+06	20326.2
	394	2.76347e+06	20320.8
	395	2.76461e+06	20315.6
	396	2.76575e+06	20310.5
	397	2.7669e+06	20305.6
	398	2.76807e+06	20300.9
	399	2.76925e+06	20296.4
	400	2.77043e+06	20291.9
	401	2.77163e+06	20287.7
	402	2.77283e+06	20283.6
	403	2.77404e+06	20279.7
	404	2.77526e+06	20276
	405	2.77648e+06	20272.4
	406	2.77771e+06	20268.9
	407	2.77894e+06	20265.6
	408	2.78017e+06	20262.5
	409	2.78141e+06	20259.5
	410	2.78265e+06	20256.6
	411	2.78389e+06	20253.9
	412	2.78514e+06	20251.4
	413	2.78638e+06	20249
	414	2.78762e+06	20246.7
	415	2.78887e+06	20244.6
	416	2.79011e+06	20242.6
	417	2.79135e+06	20240.7
	418	2.79259e+06	20239
	419	2.79382e+06	20237.4
	420	2.79505e+06	20236
	421	2.79628e+06	20234.6
	422	2.7975e+06	20233.4
	423	2.79872e+06	20232.4
	424	2.79993e+06	20231.4
	425	2.80113e+06	20230.6
	426	2.80233e+06	20229.8
	427	2.80352e+06	20229.2
	428	2.80471e+06	20228.7
	429	2.80589e+06	20228.4
	430	2.80705e+06	20228.1
	431	2.80821e+06	20227.9
	432	2.80936e+06	20227.9
	433	2.8105e+06	20227.9
	434	2.81164e+06	20228.1
	435	2.81276e+06	20228.3
	436	2.81387e+06	20228.6
	437	2.81497e+06	20229.1
	438	2.81606e+06	20229.6
	439	2.81713e+06	20230.2
	440	2.8182e+06	20230.9
	441	2.81925e+06	20231.7
	442	2.82029e+06	20232.6
	443	2.82132e+06	20233.6
	444	2.82234e+06	20234.6
	445	2.82334e+06	20235.7
	446	2.82433e+06	20236.9
	447	2.82531e+06	20238.2
	448	2.82627e+06	20239.5
	449	2.82722e+06	20240.9
	450	2.82815e+06	20242.4
	451	2.82908e+06	20243.9
	452	2.82998e+06	20245.5
	453	2.83087e+06	20247.2
	454	2.83175e+06	20248.9
	455	2.83262e+06	20250.7
	456	2.83346e+06	20252.5
	457	2.8343e+06	20254.4
	458	2.83511e+06	20256.3
	459	2.83592e+06	20258.3
	460	2.83671e+06	20260.3
	461	2.83748e+06	20262.4
	462	2.83824e+06	20264.5
	463	2.83898e+06	20266.7
	464	2.83971e+06	20268.9
	465	2.84042e+06	20271.1
	466	2.84111e+06	20273.4
	467	2.84179e+06	20275.7
	468	2.84246e+06	20278
	469	2.84311e+06	20280.4
	470	2.84374e+06	20282.8
	471	2.84436e+06	20285.2
	472	2.84497e+06	20287.6
	473	2.84556e+06	20290.1
	474	2.84613e+06	20292.6
	475	2.84669e+06	20295.1
	476	2.84723e+06	20297.6
	477	2.84776e+06	20300.2
	478	2.84827e+06	20302.7
	479	2.84877e+06	20305.3
	480	2.84925e+06	20307.9
	481	2.84972e+06	20310.5
	482	2.85017e+06	20313.1
	483	2.85061e+06	20315.7
	484	2.85104e+06	20318.3
	485	2.85145e+06	20320.9
	486	2.85184e+06	20323.6
	487	2.85222e+06	20326.2
	488	2.85259e+06	20328.8
	489	2.85294e+06	20331.5
	490	2.85328e+06	20334.1
	491	2.85361e+06	20336.7
	492	2.85392e+06	20339.4
	493	2.85422e+06	20342
	494	2.85451e+06	20344.6
	495	2.85478e+06	20347.2
	496	2.85504e+06	20349.8
	497	2.85529e+06	20352.4
	498	2.85552e+06	20355
	499	2.85574e+06	20357.5
	500	2.85595e+06	20360.1
	501	2.85615e+06	20362.6
	502	2.85634e+06	20365.2
	503	2.85651e+06	20367.7
	504	2.85667e+06	20370.2
	505	2.85682e+06	20372.6
	506	2.85696e+06	20375.1
	507	2.85709e+06	20377.5
	508	2.85721e+06	20380
	509	2.85732e+06	20382.4
	510	2.85741e+06	20384.8
	511	2.8575e+06	20387.1
	512	2.85757e+06	20389.5
	513	2.85764e+06	20391.8
	514	2.8577e+06	20394.1
	515	2.85774e+06	20396.3
	516	2.85778e+06	20398.6
	517	2.85781e+06	20400.8
	518	2.85783e+06	20403
	519	2.85784e+06	20405.2
	520	2.85784e+06	20407.3
	521	2.85783e+06	20409.4
	522	2.85781e+06	20411.5
	523	2.85779e+06	20413.6
	524	2.85776e+06	20415.6
	525	2.85772e+06	20417.6
	526	2.85767e+06	20419.6
	527	2.85762e+06	20421.6
	528	2.85755e+06	20423.5
	529	2.85749e+06	20425.4
	530	2.85741e+06	20427.2
	531	2.85733e+06	20429
	532	2.85724e+06	20430.8
	533	2.85715e+06	20432.6
	534	2.85705e+06	20434.3
	535	2.85694e+06	20436
	536	2.85683e+06	20437.7
	537	2.85671e+06	20439.4
	538	2.85658e+06	20441
	539	2.85646e+06	20442.6
	540	2.85632e+06	20444.1
	541	2.85618e+06	20445.6
	542	2.85604e+06	20447.1
	543	2.85589e+06	20448.6
	544	2.85574e+06	20450
	545	2.85559e+06	20451.4
	546	2.85543e+06	20452.7
	547	2.85526e+06	20454.1
	548	2.8551e+06	20455.3
	549	2.85492e+06	20456.6
	550	2.85475e+06	20457.8
	551	2.85457e+06	20459
	552	2.85439e+06	20460.2
	553	2.85421e+06	20461.4
	554	2.85402e+06	20462.5
	555	2.85383e+06	20463.5
	556	2.85364e+06	20464.6
	557	2.85345e+06	20465.6
	558	2.85325e+06	20466.6
	559	2.85305e+06	20467.5
	560	2.85285e+06	20468.5
	561	2.85265e+06	20469.4
	562	2.85245e+06	20470.2
	563	2.85225e+06	20471.1
	564	2.85204e+06	20471.9
	565	2.85183e+06	20472.7
	566	2.85162e+06	20473.4
	567	2.85142e+06	20474.1
	568	2.85121e+06	20474.8
	569	2.85099e+06	20475.5
	570	2.85078e+06	20476.1
	571	2.85057e+06	20476.7
	572	2.85036e+06	20477.3
	573	2.85015e+06	20477.9
	574	2.84993e+06	20478.4
	575	2.84972e+06	20478.9
	576	2.84951e+06	20479.4
	577	2.84929e+06	20479.9
	578	2.84908e+06	20480.3
	579	2.84887e+06	20480.7
	580	2.84866e+06	20481.1
	581	2.84844e+06	20481.4
	582	2.84823e+06	20481.8
	583	2.84802e+06	20482.1
	584	2.84781e+06	20482.4
	585	2.84761e+06	20482.6
	586	2.8474e+06	20482.9
	587	2.84719e+06	20483.1
	588	2.84699e+06	20483.3
	589	2.84678e+06	20483.5
	590	2.84658e+06	20483.6
	591	2.84638e+06	20483.8
	592	2.84617e+06	20483.9
	593	2.84598e+06	20484
	594	2.84578e+06	20484.1
	595	2.84558e+06	20484.1
	596	2.84539e+06	20484.2
	597	2.84519e+06	20484.2
	598	2.845e+06	20484.2
	599	2.84481e+06	20484.2
	600	2.84462e+06	20484.2
	601	2.84444e+06	20484.1
	602	2.84425e+06	20484.1
	603	2.84407e+06	20484
	604	2.84389e+06	20483.9
	605	2.84371e+06	20483.8
	606	2.84354e+06	20483.7
	607	2.84336e+06	20483.5
	608	2.84319e+06	20483.4
	609	2.84302e+06	20483.2
	610	2.84286e+06	20483
	611	2.84269e+06	20482.9
	612	2.84253e+06	20482.6
	613	2.84237e+06	20482.4
	614	2.84221e+06	20482.2
	615	2.84205e+06	20482
	616	2.8419e+06	20481.7
	617	2.84175e+06	20481.5
	618	2.8416e+06	20481.2
	619	2.84146e+06	20480.9
	620	2.84131e+06	20480.6
	621	2.84117e+06	20480.3
	622	2.84103e+06	20480
	623	2.8409e+06	20479.7
	624	2.84076e+06	20479.4
	625	2.84063e+06	20479.1
	626	2.8405e+06	20478.7
	627	2.84038e+06	20478.4
	628	2.84025e+06	20478
	629	2.84013e+06	20477.7
	630	2.84001e+06	20477.3
	631	2.8399e+06	20476.9
	632	2.83978e+06	20476.5
	633	2.83967e+06	20476.2
	634	2.83956e+06	20475.8
	635	2.83946e+06	20475.4
	636	2.83936e+06	20475
	637	2.83925e+06	20474.6
	638	2.83916e+06	20474.2
	639	2.83906e+06	20473.8
	640	2.83897e+06	20473.4
	641	2.83888e+06	20472.9
	642	2.83879e+06	20472.5
	643	2.8387e+06	20472.1
	644	2.83862e+06	20471.7
	645	2.83854e+06	20471.2
	646	2.83846e+06	20470.8
	647	2.83838e+06	20470.4
	648	2.83831e+06	20470
	649	2.83824e+06	20469.5
	650	2.83817e+06	20469.1
	651	2.8381e+06	20468.7
	652	2.83804e+06	20468.2
	653	2.83798e+06	20467.8
	654	2.83792e+06	20467.4
	655	2.83786e+06	20466.9
	656	2.8378e+06	20466.5
	657	2.83775e+06	20466.1
	658	2.8377e+06	20465.6
	659	2.83765e+06	20465.2
	660	2.83761e+06	20464.8
	661	2.83756e+06	20464.3
	662	2.83752e+06	20463.9
	663	2.83748e+06	20463.5
	664	2.83744e+06	20463.1
	665	2.8374e+06	20462.6
	666	2.83737e+06	20462.2
	667	2.83734e+06	20461.8
	668	2.83731e+06	20461.4
	669	2.83728e+06	20461
	670	2.83725e+06	20460.6
	671	2.83723e+06	20460.2
	672	2.83721e+06	20459.8
	673	2.83719e+06	20459.4
	674	2.83717e+06	20459
	675	2.83715e+06	20458.6
	676	2.83713e+06	20458.2
	677	2.83712e+06	20457.8
	678	2.83711e+06	20457.4
	679	2.8371e+06	20457
	680	2.83709e+06	20456.6
	681	2.83708e+06	20456.3
	682	2.83707e+06	20455.9
	683	2.83707e+06	20455.5
	684	2.83707e+06	20455.2
	685	2.83707e+06	20454.8
	686	2.83707e+06	20454.5
	687	2.83707e+06	20454.1
	688	2.83707e+06	20453.8
	689	2.83707e+06	20453.4
	690	2.83708e+06	20453.1
	691	2.83709e+06	20452.8
	692	2.83709e+06	20452.5
	693	2.8371e+06	20452.1
	694	2.83711e+06	20451.8
	695	2.83712e+06	20451.5
	696	2.83714e+06	20451.2
	697	2.83715e+06	20450.9
	698	2.83716e+06	20450.6
	699	2.83718e+06	20450.3
	700	2.8372e+06	20450.1
	701	2.83721e+06	20449.8
	702	2.83723e+06	20449.5
	703	2.83725e+06	20449.2
	704	2.83727e+06	20449
	705	2.83729e+06	20448.7
	706	2.83732e+06	20448.5
	707	2.83734e+06	20448.2
	708	2.83736e+06	20448
	709	2.83739e+06	20447.7
	710	2.83741e+06	20447.5
	711	2.83744e+06	20447.3
	712	2.83746e+06	20447.1
	713	2.83749e+06	20446.8
	714	2.83752e+06	20446.6
	715	2.83755e+06	20446.4
	716	2.83758e+06	20446.2
	717	2.8376e+06	20446
	718	2.83763e+06	20445.8
	719	2.83766e+06	20445.7
	720	2.8377e+06	20445.5
	721	2.83773e+06	20445.3
	722	2.83776e+06	20445.1
	723	2.83779e+06	20445
	724	2.83782e+06	20444.8
	725	2.83786e+06	20444.7
	726	2.83789e+06	20444.5
	727	2.83792e+06	20444.4
	728	2.83796e+06	20444.2
	729	2.83799e+06	20444.1
	730	2.83802e+06	20443.9
	731	2.83806e+06	20443.8
	732	2.83809e+06	20443.7
	733	2.83813e+06	20443.6
	734	2.83816e+06	20443.5
	735	2.8382e+06	20443.4
	736	2.83823e+06	20443.3
	737	2.83827e+06	20443.2
	738	2.8383e+06	20443.1
	739	2.83834e+06	20443
	740	2.83837e+06	20442.9
	741	2.83841e+06	20442.8
	742	2.83844e+06	20442.7
	743	2.83848e+06	20442.7
	744	2.83851e+06	20442.6
	745	2.83855e+06	20442.5
	746	2.83858e+06	20442.5
	747	2.83862e+06	20442.4
	748	2.83865e+06	20442.4
	749	2.83869e+06	20442.3
	750	2.83872e+06	20442.3
	751	2.83876e+06	20442.2
	752	2.83879e+06	20442.2
	753	2.83882e+06	20442.1
	754	2.83886e+06	20442.1
	755	2.83889e+06	20442.1
	756	2.83893e+06	20442.1
	757	2.83896e+06	20442
	758	2.83899e+06	20442
	759	2.83903e+06	20442
	760	2.83906e+06	20442
	761	2.83909e+06	20442
	762	2.83912e+06	20442
	763	2.83915e+06	20442
	764	2.83919e+06	20442
	765	2.83922e+06	20442
	766	2.83925e+06	20442
	767	2.83928e+06	20442
	768	2.83931e+06	20442
	769	2.83934e+06	20442
	770	2.83937e+06	20442
	771	2.8394e+06	20442.1
	772	2.83943e+06	20442.1
	773	2.83946e+06	20442.1
	774	2.83948e+06	20442.1
	775	2.83951e+06	20442.2
	776	2.83954e+06	20442.2
	777	2.83957e+06	20442.2
	778	2.83959e+06	20442.3
	779	2.83962e+06	20442.3
	780	2.83965e+06	20442.3
	781	2.83967e+06	20442.4
	782	2.8397e+06	20442.4
	783	2.83972e+06	20442.5
	784	2.83975e+06	20442.5
	785	2.83977e+06	20442.6
	786	2.8398e+06	20442.6
	787	2.83982e+06	20442.7
	788	2.83984e+06	20442.7
	789	2.83986e+06	20442.8
	790	2.83989e+06	20442.8
	791	2.83991e+06	20442.9
	792	2.83993e+06	20442.9
	793	2.83995e+06	20443
	794	2.83997e+06	20443
	795	2.83999e+06	20443.1
	796	2.84001e+06	20443.2
	797	2.84003e+06	20443.2
	798	2.84005e+06	20443.3
	799	2.84007e+06	20443.4
	800	2.84008e+06	20443.4
	801	2.8401e+06	20443.5
	802	2.84012e+06	20443.6
	803	2.84013e+06	20443.6
	804	2.84015e+06	20443.7
	805	2.84017e+06	20443.8
	806	2.84018e+06	20443.8
	807	2.8402e+06	20443.9
	808	2.84021e+06	20444
	809	2.84022e+06	20444
	810	2.84024e+06	20444.1
	811	2.84025e+06	20444.2
	812	2.84026e+06	20444.2
	813	2.84028e+06	20444.3
	814	2.84029e+06	20444.4
	815	2.8403e+06	20444.5
	816	2.84031e+06	20444.5
	817	2.84032e+06	20444.6
	818	2.84033e+06	20444.7
	819	2.84034e+06	20444.8
	820	2.84035e+06	20444.8
	821	2.84036e+06	20444.9
	822	2.84037e+06	20445
	823	2.84038e+06	20445
	824	2.84039e+06	20445.1
	825	2.8404e+06	20445.2
	826	2.8404e+06	20445.3
	827	2.84041e+06	20445.3
	828	2.84042e+06	20445.4
	829	2.84042e+06	20445.5
	830	2.84043e+06	20445.5
	831	2.84044e+06	20445.6
	832	2.84044e+06	20445.7
	833	2.84045e+06	20445.7
	834	2.84045e+06	20445.8
	835	2.84046e+06	20445.9
	836	2.84046e+06	20446
	837	2.84046e+06	20446
	838	2.84047e+06	20446.1
	839	2.84047e+06	20446.2
	840	2.84047e+06	20446.2
	841	2.84048e+06	20446.3
	842	2.84048e+06	20446.3
	843	2.84048e+06	20446.4
	844	2.84048e+06	20446.5
	845	2.84049e+06	20446.5
	846	2.84049e+06	20446.6
	847	2.84049e+06	20446.7
	848	2.84049e+06	20446.7
	849	2.84049e+06	20446.8
	850	2.84049e+06	20446.8
	851	2.84049e+06	20446.9
	852	2.84049e+06	20447
	853	2.84049e+06	20447
	854	2.84049e+06	20447.1
	855	2.84049e+06	20447.1
	856	2.84049e+06	20447.2
	857	2.84049e+06	20447.2
	858	2.84048e+06	20447.3
	859	2.84048e+06	20447.3
	860	2.84048e+06	20447.4
	861	2.84048e+06	20447.4
	862	2.84048e+06	20447.5
	863	2.84047e+06	20447.5
	864	2.84047e+06	20447.6
	865	2.84047e+06	20447.6
	866	2.84047e+06	20447.7
	867	2.84046e+06	20447.7
	868	2.84046e+06	20447.8
	869	2.84046e+06	20447.8
	870	2.84045e+06	20447.9
	871	2.84045e+06	20447.9
	872	2.84045e+06	20448
	873	2.84044e+06	20448
	874	2.84044e+06	20448
	875	2.84043e+06	20448.1
	876	2.84043e+06	20448.1
	877	2.84043e+06	20448.1
	878	2.84042e+06	20448.2
	879	2.84042e+06	20448.2
	880	2.84041e+06	20448.3
	881	2.84041e+06	20448.3
	882	2.8404e+06	20448.3
	883	2.8404e+06	20448.4
	884	2.84039e+06	20448.4
	885	2.84039e+06	20448.4
	886	2.84038e+06	20448.4
	887	2.84038e+06	20448.5
	888	2.84037e+06	20448.5
	889	2.84037e+06	20448.5
	890	2.84036e+06	20448.6
	891	2.84036e+06	20448.6
	892	2.84035e+06	20448.6
	893	2.84034e+06	20448.6
	894	2.84034e+06	20448.6
	895	2.84033e+06	20448.7
	896	2.84033e+06	20448.7
	897	2.84032e+06	20448.7
	898	2.84032e+06	20448.7
	899	2.84031e+06	20448.8
	900	2.8403e+06	20448.8
	901	2.8403e+06	20448.8
	902	2.84029e+06	20448.8
	903	2.84029e+06	20448.8
	904	2.84028e+06	20448.8
	905	2.84027e+06	20448.9
	906	2.84027e+06	20448.9
	907	2.84026e+06	20448.9
	908	2.84026e+06	20448.9
	909	2.84025e+06	20448.9
	910	2.84025e+06	20448.9
	911	2.84024e+06	20448.9
	912	2.84023e+06	20448.9
	913	2.84023e+06	20448.9
	914	2.84022e+06	20449
	915	2.84022e+06	20449
	916	2.84021e+06	20449
	917	2.84021e+06	20449
	918	2.8402e+06	20449
	919	2.84019e+06	20449
	920	2.84019e+06	20449
	921	2.84018e+06	20449
	922	2.84018e+06	20449
	923	2.84017e+06	20449
	924	2.84017e+06	20449
	925	2.84016e+06	20449
	926	2.84016e+06	20449
	927	2.84015e+06	20449
	928	2.84014e+06	20449
	929	2.84014e+06	20449
	930	2.84013e+06	20449
	931	2.84013e+06	20449
	932	2.84012e+06	20449
	933	2.84012e+06	20449
	934	2.84011e+06	20449
	935	2.84011e+06	20449
	936	2.8401e+06	20449
	937	2.8401e+06	20449
	938	2.84009e+06	20449
	939	2.84009e+06	20449
	940	2.84008e+06	20449
	941	2.84008e+06	20449
	942	2.84008e+06	20449
	943	2.84007e+06	20449
	944	2.84007e+06	20449
	945	2.84006e+06	20449
	946	2.84006e+06	20448.9
	947	2.84005e+06	20448.9
	948	2.84005e+06	20448.9
	949	2.84005e+06	20448.9
	950	2.84004e+06	20448.9
	951	2.84004e+06	20448.9
	952	2.84003e+06	20448.9
	953	2.84003e+06	20448.9
	954	2.84003e+06	20448.9
	955	2.84002e+06	20448.9
	956	2.84002e+06	20448.9
	957	2.84001e+06	20448.9
	958	2.84001e+06	20448.8
	959	2.84001e+06	20448.8
	960	2.84e+06	20448.8
	961	2.84e+06	20448.8
	962	2.84e+06	20448.8
	963	2.83999e+06	20448.8
	964	2.83999e+06	20448.8
	965	2.83999e+06	20448.8
	966	2.83999e+06	20448.8
	967	2.83998e+06	20448.8
	968	2.83998e+06	20448.7
	969	2.83998e+06	20448.7
	970	2.83997e+06	20448.7
	971	2.83997e+06	20448.7
	972	2.83997e+06	20448.7
	973	2.83997e+06	20448.7
	974	2.83997e+06	20448.7
	975	2.83996e+06	20448.7
	976	2.83996e+06	20448.7
	977	2.83996e+06	20448.6
	978	2.83996e+06	20448.6
	979	2.83995e+06	20448.6
	980	2.83995e+06	20448.6
	981	2.83995e+06	20448.6
	982	2.83995e+06	20448.6
	983	2.83995e+06	20448.6
	984	2.83995e+06	20448.6
	985	2.83994e+06	20448.5
	986	2.83994e+06	20448.5
	987	2.83994e+06	20448.5
	988	2.83994e+06	20448.5
	989	2.83994e+06	20448.5
	990	2.83994e+06	20448.5
	991	2.83993e+06	20448.5
	992	2.83993e+06	20448.5
	993	2.83993e+06	20448.4
	994	2.83993e+06	20448.4
	995	2.83993e+06	20448.4
	996	2.83993e+06	20448.4
	997	2.83993e+06	20448.4
	998	2.83993e+06	20448.4
	999	2.83993e+06	20448.4
	1000	2.83993e+06	20448.4
	1001	2.83993e+06	20448.4
	1002	2.83992e+06	20448.3
	1003	2.83992e+06	20448.3
	1004	2.83992e+06	20448.3
	1005	2.83992e+06	20448.3
	1006	2.83992e+06	20448.3
	1007	2.83992e+06	20448.3
	1008	2.83992e+06	20448.3
	1009	2.83992e+06	20448.3
	1010	2.83992e+06	20448.3
	1011	2.83992e+06	20448.2
	1012	2.83992e+06	20448.2
	1013	2.83992e+06	20448.2
	1014	2.83992e+06	20448.2
	1015	2.83992e+06	20448.2
	1016	2.83992e+06	20448.2
	1017	2.83992e+06	20448.2
	1018	2.83992e+06	20448.2
	1019	2.83992e+06	20448.2
	1020	2.83992e+06	20448.2
	1021	2.83992e+06	20448.1
	1022	2.83992e+06	20448.1
	1023	2.83992e+06	20448.1
	1024	2.83992e+06	20448.1
	1025	2.83992e+06	20448.1
	1026	2.83992e+06	20448.1
	1027	2.83992e+06	20448.1
	1028	2.83992e+06	20448.1
	1029	2.83992e+06	20448.1
	1030	2.83992e+06	20448.1
	1031	2.83992e+06	20448.1
	1032	2.83992e+06	20448.1
	1033	2.83992e+06	20448
	1034	2.83993e+06	20448
	1035	2.83993e+06	20448
	1036	2.83993e+06	20448
	1037	2.83993e+06	20448
	1038	2.83993e+06	20448
	1039	2.83993e+06	20448
	1040	2.83993e+06	20448
	1041	2.83993e+06	20448
	1042	2.83993e+06	20448
	1043	2.83993e+06	20448
	1044	2.83993e+06	20448
	1045	2.83993e+06	20448
	1046	2.83993e+06	20448
	1047	2.83993e+06	20448
	1048	2.83993e+06	20448
	1049	2.83994e+06	20447.9
	1050	2.83994e+06	20447.9
	1051	2.83994e+06	20447.9
	1052	2.83994e+06	20447.9
	1053	2.83994e+06	20447.9
	1054	2.83994e+06	20447.9
	1055	2.83994e+06	20447.9
	1056	2.83994e+06	20447.9
	1057	2.83994e+06	20447.9
	1058	2.83994e+06	20447.9
	1059	2.83994e+06	20447.9
	1060	2.83995e+06	20447.9
	1061	2.83995e+06	20447.9
	1062	2.83995e+06	20447.9
	1063	2.83995e+06	20447.9
	1064	2.83995e+06	20447.9
	1065	2.83995e+06	20447.9
	1066	2.83995e+06	20447.9
	1067	2.83995e+06	20447.9
	1068	2.83995e+06	20447.9
	1069	2.83995e+06	20447.9
	1070	2.83996e+06	20447.9
	1071	2.83996e+06	20447.9
	1072	2.83996e+06	20447.9
	1073	2.83996e+06	20447.9
	1074	2.83996e+06	20447.9
	1075	2.83996e+06	20447.9
	1076	2.83996e+06	20447.9
	1077	2.83996e+06	20447.9
	1078	2.83996e+06	20447.9
	1079	2.83996e+06	20447.9
	1080	2.83996e+06	20447.9
	1081	2.83997e+06	20447.8
	1082	2.83997e+06	20447.8
	1083	2.83997e+06	20447.8
	1084	2.83997e+06	20447.8
	1085	2.83997e+06	20447.8
	1086	2.83997e+06	20447.8
	1087	2.83997e+06	20447.8
	1088	2.83997e+06	20447.8
	1089	2.83997e+06	20447.8
	1090	2.83997e+06	20447.8
	1091	2.83998e+06	20447.8
	1092	2.83998e+06	20447.8
	1093	2.83998e+06	20447.8
	1094	2.83998e+06	20447.8
	1095	2.83998e+06	20447.8
	1096	2.83998e+06	20447.8
	1097	2.83998e+06	20447.8
	1098	2.83998e+06	20447.8
	1099	2.83998e+06	20447.8
	1100	2.83998e+06	20447.8
	1101	2.83998e+06	20447.8
	1102	2.83998e+06	20447.8
	1103	2.83999e+06	20447.8
	1104	2.83999e+06	20447.8
	1105	2.83999e+06	20447.8
	1106	2.83999e+06	20447.8
	1107	2.83999e+06	20447.8
	1108	2.83999e+06	20447.8
	1109	2.83999e+06	20447.8
	1110	2.83999e+06	20447.9
	1111	2.83999e+06	20447.9
	1112	2.83999e+06	20447.9
	1113	2.83999e+06	20447.9
	1114	2.83999e+06	20447.9
	1115	2.83999e+06	20447.9
	1116	2.83999e+06	20447.9
	1117	2.84e+06	20447.9
	1118	2.84e+06	20447.9
	1119	2.84e+06	20447.9
	1120	2.84e+06	20447.9
	1121	2.84e+06	20447.9
	1122	2.84e+06	20447.9
	1123	2.84e+06	20447.9
	1124	2.84e+06	20447.9
	1125	2.84e+06	20447.9
	1126	2.84e+06	20447.9
	1127	2.84e+06	20447.9
	1128	2.84e+06	20447.9
	1129	2.84e+06	20447.9
	1130	2.84e+06	20447.9
	1131	2.84e+06	20447.9
	1132	2.84e+06	20447.9
	1133	2.84e+06	20447.9
	1134	2.84e+06	20447.9
	1135	2.84001e+06	20447.9
	1136	2.84001e+06	20447.9
	1137	2.84001e+06	20447.9
	1138	2.84001e+06	20447.9
	1139	2.84001e+06	20447.9
	1140	2.84001e+06	20447.9
	1141	2.84001e+06	20447.9
	1142	2.84001e+06	20447.9
	1143	2.84001e+06	20447.9
	1144	2.84001e+06	20447.9
	1145	2.84001e+06	20447.9
	1146	2.84001e+06	20447.9
	1147	2.84001e+06	20447.9
	1148	2.84001e+06	20447.9
	1149	2.84001e+06	20447.9
	1150	2.84001e+06	20447.9
	1151	2.84001e+06	20447.9
	1152	2.84001e+06	20447.9
	1153	2.84001e+06	20447.9
	1154	2.84001e+06	20447.9
	1155	2.84001e+06	20447.9
	1156	2.84001e+06	20447.9
	1157	2.84001e+06	20447.9
	1158	2.84001e+06	20447.9
	1159	2.84001e+06	20447.9
	1160	2.84001e+06	20447.9
	1161	2.84001e+06	20447.9
	1162	2.84001e+06	20447.9
	1163	2.84001e+06	20447.9
	1164	2.84001e+06	20447.9
	1165	2.84001e+06	20447.9
	1166	2.84001e+06	20447.9
	1167	2.84001e+06	20448
	1168	2.84001e+06	20448
	1169	2.84001e+06	20448
	1170	2.84001e+06	20448
	1171	2.84001e+06	20448
	1172	2.84001e+06	20448
	1173	2.84001e+06	20448
	1174	2.84001e+06	20448
	1175	2.84001e+06	20448
	1176	2.84001e+06	20448
	1177	2.84001e+06	20448
	1178	2.84001e+06	20448
	1179	2.84001e+06	20448
	1180	2.84001e+06	20448
	1181	2.84001e+06	20448
	1182	2.84001e+06	20448
	1183	2.84001e+06	20448
	1184	2.84001e+06	20448
	1185	2.84001e+06	20448
	1186	2.84001e+06	20448
	1187	2.84001e+06	20448
	1188	2.84001e+06	20448
	1189	2.84001e+06	20448
	1190	2.84001e+06	20448
	1191	2.84001e+06	20448
	1192	2.84001e+06	20448
	1193	2.84001e+06	20448
	1194	2.84001e+06	20448
	1195	2.84001e+06	20448
	1196	2.84001e+06	20448
	1197	2.84001e+06	20448
	1198	2.84001e+06	20448
	1199	2.84001e+06	20448
	1200	2.84001e+06	20448
	1201	2.84001e+06	20448
	1202	2.84001e+06	20448
	1203	2.84001e+06	20448
	1204	2.84001e+06	20448
	1205	2.84001e+06	20448
	1206	2.84001e+06	20448
	1207	2.84001e+06	20448
	1208	2.84001e+06	20448
	1209	2.84001e+06	20448
	1210	2.84001e+06	20448
	1211	2.84001e+06	20448
	1212	2.84001e+06	20448
	1213	2.84001e+06	20448
	1214	2.84001e+06	20448
	1215	2.84001e+06	20448
	1216	2.84001e+06	20448
	1217	2.84001e+06	20448
	1218	2.84001e+06	20448
	1219	2.84001e+06	20448
	1220	2.84001e+06	20448
	1221	2.84001e+06	20448
	1222	2.84001e+06	20448
	1223	2.84001e+06	20448
	1224	2.84001e+06	20448
	1225	2.84001e+06	20448
	1226	2.84001e+06	20448
	1227	2.84001e+06	20448
	1228	2.84001e+06	20448
	1229	2.84001e+06	20448
	1230	2.84001e+06	20448
	1231	2.84001e+06	20448
	1232	2.84001e+06	20448
	1233	2.84001e+06	20448
	1234	2.84001e+06	20448
	1235	2.84001e+06	20448
	1236	2.84001e+06	20448
	1237	2.84001e+06	20448
	1238	2.84001e+06	20448
	1239	2.84001e+06	20448
	1240	2.84001e+06	20448
	1241	2.84001e+06	20448
	1242	2.84001e+06	20448
	1243	2.84001e+06	20448
	1244	2.84001e+06	20448
	1245	2.84001e+06	20448
	1246	2.84001e+06	20448
	1247	2.84001e+06	20448
	1248	2.84001e+06	20448
	1249	2.84001e+06	20448
	1250	2.84001e+06	20448
	1251	2.84001e+06	20448
	1252	2.84001e+06	20448
	1253	2.84001e+06	20448
	1254	2.84001e+06	20448
	1255	2.84001e+06	20448
	1256	2.84001e+06	20448
	1257	2.84001e+06	20448
	1258	2.84001e+06	20448
	1259	2.84001e+06	20448
	1260	2.84e+06	20448
	1261	2.84e+06	20448
	1262	2.84e+06	20448
	1263	2.84e+06	20448
	1264	2.84e+06	20448
	1265	2.84e+06	20448
	1266	2.84e+06	20448
	1267	2.84e+06	20448
	1268	2.84e+06	20448
	1269	2.84e+06	20448
	1270	2.84e+06	20448
	1271	2.84e+06	20448
	1272	2.84e+06	20448
	1273	2.84e+06	20448
	1274	2.84e+06	20448
	1275	2.84e+06	20448
	1276	2.84e+06	20448
	1277	2.84e+06	20448
	1278	2.84e+06	20448
	1279	2.84e+06	20448
	1280	2.84e+06	20448
	1281	2.84e+06	20448
	1282	2.84e+06	20448
	1283	2.84e+06	20448
	1284	2.84e+06	20448
	1285	2.84e+06	20448
	1286	2.84e+06	20448
	1287	2.84e+06	20448
	1288	2.84e+06	20448
	1289	2.84e+06	20448
	1290	2.84e+06	20448
	1291	2.84e+06	20448
	1292	2.84e+06	20448
	1293	2.84e+06	20448
	1294	2.84e+06	20448
	1295	2.84e+06	20448
	1296	2.84e+06	20448
	1297	2.84e+06	20448
	1298	2.84e+06	20448
	1299	2.84e+06	20448
	1300	2.84e+06	20448
	1301	2.84e+06	20448
	1302	2.84e+06	20448
	1303	2.84e+06	20448
	1304	2.84e+06	20448
	1305	2.84e+06	20448
	1306	2.84e+06	20448
	1307	2.84e+06	20448
	1308	2.84e+06	20448
	1309	2.84e+06	20448
	1310	2.84e+06	20448
	1311	2.84e+06	20448
	1312	2.84e+06	20448
	1313	2.84e+06	20448
	1314	2.84e+06	20448
	1315	2.84e+06	20448
	1316	2.84e+06	20448
	1317	2.84e+06	20448
	1318	2.84e+06	20448
	1319	2.84e+06	20448
	1320	2.84e+06	20448
	1321	2.84e+06	20448
	1322	2.84e+06	20448
	1323	2.84e+06	20448
	1324	2.84e+06	20448
	1325	2.84e+06	20448
	1326	2.84e+06	20448
	1327	2.84e+06	20448
	1328	2.84e+06	20448
	1329	2.84e+06	20448
	1330	2.84e+06	20448
	1331	2.84e+06	20448
	1332	2.84e+06	20448
	1333	2.84e+06	20448
	1334	2.84e+06	20448
	1335	2.84e+06	20448
	1336	2.84e+06	20448
	1337	2.84e+06	20448
	1338	2.84e+06	20448
	1339	2.84e+06	20448
	1340	2.84e+06	20448
	1341	2.84e+06	20448
	1342	2.84e+06	20448
	1343	2.84e+06	20448
	1344	2.84e+06	20448
	1345	2.84e+06	20448
	1346	2.84e+06	20448
	1347	2.84e+06	20448
	1348	2.84e+06	20448
	1349	2.84e+06	20448
	1350	2.84e+06	20448
	1351	2.84e+06	20448
	1352	2.84e+06	20448
	1353	2.84e+06	20448
	1354	2.84e+06	20448
	1355	2.84e+06	20448
	1356	2.84e+06	20448
	1357	2.84e+06	20448
	1358	2.84e+06	20448
	1359	2.84e+06	20448
	1360	2.84e+06	20448
	1361	2.84e+06	20448
	1362	2.84e+06	20448
	1363	2.84e+06	20448
	1364	2.84e+06	20448
	1365	2.84e+06	20448
	1366	2.84e+06	20448
	1367	2.84e+06	20448
	1368	2.84e+06	20448
	1369	2.84e+06	20448
	1370	2.84e+06	20448
	1371	2.84e+06	20448
	1372	2.84e+06	20448
	1373	2.84e+06	20448
	1374	2.84e+06	20448
	1375	2.84e+06	20448
	1376	2.84e+06	20448
	1377	2.84e+06	20448
	1378	2.84e+06	20448
	1379	2.84e+06	20448
	1380	2.84e+06	20448
	1381	2.84e+06	20448
	1382	2.84e+06	20448
	1383	2.84e+06	20448
	1384	2.84e+06	20448
	1385	2.84e+06	20448
	1386	2.84e+06	20448
	1387	2.84e+06	20448
	1388	2.84e+06	20448
	1389	2.84e+06	20448
	1390	2.84e+06	20448
	1391	2.84e+06	20448
	1392	2.84e+06	20448
	1393	2.84e+06	20448
	1394	2.84e+06	20448
	1395	2.84e+06	20448
	1396	2.84e+06	20448
	1397	2.84e+06	20448
	1398	2.84e+06	20448
	1399	2.84e+06	20448
	1400	2.84e+06	20448
	1401	2.84e+06	20448
	1402	2.84e+06	20448
	1403	2.84e+06	20448
	1404	2.84e+06	20448
	1405	2.84e+06	20448
	1406	2.84e+06	20448
	1407	2.84e+06	20448
	1408	2.84e+06	20448
	1409	2.84e+06	20448
	1410	2.84e+06	20448
	1411	2.84e+06	20448
	1412	2.84e+06	20448
	1413	2.84e+06	20448
	1414	2.84e+06	20448
	1415	2.84e+06	20448
	1416	2.84e+06	20448
	1417	2.84e+06	20448
	1418	2.84e+06	20448
	1419	2.84e+06	20448
	1420	2.84e+06	20448
	1421	2.84e+06	20448
	1422	2.84e+06	20448
	1423	2.84e+06	20448
	1424	2.84e+06	20448
	1425	2.84e+06	20448
	1426	2.84e+06	20448
	1427	2.84e+06	20448
	1428	2.84e+06	20448
	1429	2.84e+06	20448
	1430	2.84e+06	20448
	1431	2.84e+06	20448
	1432	2.84e+06	20448
	1433	2.84e+06	20448
	1434	2.84e+06	20448
	1435	2.84e+06	20448
	1436	2.84e+06	20448
	1437	2.84e+06	20448
	1438	2.84e+06	20448
	1439	2.84e+06	20448
	1440	2.84e+06	20448
	1441	2.84e+06	20448
	1442	2.84e+06	20448
	1443	2.84e+06	20448
	1444	2.84e+06	20448
	1445	2.84e+06	20448
	1446	2.84e+06	20448
	1447	2.84e+06	20448
	1448	2.84e+06	20448
	1449	2.84e+06	20448
	1450	2.84e+06	20448
	1451	2.84e+06	20448
	1452	2.84e+06	20448
	1453	2.84e+06	20448
	1454	2.84e+06	20448
	1455	2.84e+06	20448
	1456	2.84e+06	20448
	1457	2.84e+06	20448
	1458	2.84e+06	20448
	1459	2.84e+06	20448
	1460	2.84e+06	20448
	1461	2.84e+06	20448
	1462	2.84e+06	20448
	1463	2.84e+06	20448
	1464	2.84e+06	20448
	1465	2.84e+06	20448
	1466	2.84e+06	20448
	1467	2.84e+06	20448
	1468	2.84e+06	20448
	1469	2.84e+06	20448
	1470	2.84e+06	20448
	1471	2.84e+06	20448
	1472	2.84e+06	20448
	1473	2.84e+06	20448
	1474	2.84e+06	20448
	1475	2.84e+06	20448
	1476	2.84e+06	20448
	1477	2.84e+06	20448
	1478	2.84e+06	20448
	1479	2.84e+06	20448
	1480	2.84e+06	20448
	1481	2.84e+06	20448
	1482	2.84e+06	20448
	1483	2.84e+06	20448
	1484	2.84e+06	20448
	1485	2.84e+06	20448
	1486	2.84e+06	20448
	1487	2.84e+06	20448
	1488	2.84e+06	20448
	1489	2.84e+06	20448
	1490	2.84e+06	20448
	1491	2.84e+06	20448
	1492	2.84e+06	20448
	1493	2.84e+06	20448
	1494	2.84e+06	20448
	1495	2.84e+06	20448
	1496	2.84e+06	20448
	1497	2.84e+06	20448
	1498	2.84e+06	20448
	1499	2.84e+06	20448
	1500	2.84e+06	20448
	1501	2.84e+06	20448
	1502	2.84e+06	20448
	1503	2.84e+06	20448
	1504	2.84e+06	20448
	1505	2.84e+06	20448
	1506	2.84e+06	20448
	1507	2.84e+06	20448
	1508	2.84e+06	20448
	1509	2.84e+06	20448
	1510	2.84e+06	20448
	1511	2.84e+06	20448
	1512	2.84e+06	20448
	1513	2.84e+06	20448
	1514	2.84e+06	20448
	1515	2.84e+06	20448
	1516	2.84e+06	20448
	1517	2.84e+06	20448
	1518	2.84e+06	20448
	1519	2.84e+06	20448
	1520	2.84e+06	20448
	1521	2.84e+06	20448
	1522	2.84e+06	20448
	1523	2.84e+06	20448
	1524	2.84e+06	20448
	1525	2.84e+06	20448
	1526	2.84e+06	20448
	1527	2.84e+06	20448
	1528	2.84e+06	20448
	1529	2.84e+06	20448
	1530	2.84e+06	20448
	1531	2.84e+06	20448
	1532	2.84e+06	20448
	1533	2.84e+06	20448
	1534	2.84e+06	20448
	1535	2.84e+06	20448
	1536	2.84e+06	20448
	1537	2.84e+06	20448
	1538	2.84e+06	20448
	1539	2.84e+06	20448
	1540	2.84e+06	20448
	1541	2.84e+06	20448
	1542	2.84e+06	20448
	1543	2.84e+06	20448
	1544	2.84e+06	20448
	1545	2.84e+06	20448
	1546	2.84e+06	20448
	1547	2.84e+06	20448
	1548	2.84e+06	20448
	1549	2.84e+06	20448
	1550	2.84e+06	20448
	1551	2.84e+06	20448
	1552	2.84e+06	20448
	1553	2.84e+06	20448
	1554	2.84e+06	20448
	1555	2.84e+06	20448
	1556	2.84e+06	20448
	1557	2.84e+06	20448
	1558	2.84e+06	20448
	1559	2.84e+06	20448
	1560	2.84e+06	20448
	1561	2.84e+06	20448
	1562	2.84e+06	20448
	1563	2.84e+06	20448
	1564	2.84e+06	20448
	1565	2.84e+06	20448
	1566	2.84e+06	20448
	1567	2.84e+06	20448
	1568	2.84e+06	20448
	1569	2.84e+06	20448
	1570	2.84e+06	20448
	1571	2.84e+06	20448
	1572	2.84e+06	20448
	1573	2.84e+06	20448
	1574	2.84e+06	20448
	1575	2.84e+06	20448
	1576	2.84e+06	20448
	1577	2.84e+06	20448
	1578	2.84e+06	20448
	1579	2.84e+06	20448
	1580	2.84e+06	20448
	1581	2.84e+06	20448
	1582	2.84e+06	20448
	1583	2.84e+06	20448
	1584	2.84e+06	20448
	1585	2.84e+06	20448
	1586	2.84e+06	20448
	1587	2.84e+06	20448
	1588	2.84e+06	20448
	1589	2.84e+06	20448
	1590	2.84e+06	20448
	1591	2.84e+06	20448
	1592	2.84e+06	20448
	1593	2.84e+06	20448
	1594	2.84e+06	20448
	1595	2.84e+06	20448
	1596	2.84e+06	20448
	1597	2.84e+06	20448
	1598	2.84e+06	20448
	1599	2.84e+06	20448
	1600	2.84e+06	20448
	1601	2.84e+06	20448
	1602	2.84e+06	20448
	1603	2.84e+06	20448
	1604	2.84e+06	20448
	1605	2.84e+06	20448
	1606	2.84e+06	20448
	1607	2.84e+06	20448
	1608	2.84e+06	20448
	1609	2.84e+06	20448
	1610	2.84e+06	20448
	1611	2.84e+06	20448
	1612	2.84e+06	20448
	1613	2.84e+06	20448
	1614	2.84e+06	20448
	1615	2.84e+06	20448
	1616	2.84e+06	20448
	1617	2.84e+06	20448
	1618	2.84e+06	20448
	1619	2.84e+06	20448
	1620	2.84e+06	20448
	1621	2.84e+06	20448
	1622	2.84e+06	20448
	1623	2.84e+06	20448
	1624	2.84e+06	20448
	1625	2.84e+06	20448
	1626	2.84e+06	20448
	1627	2.84e+06	20448
	1628	2.84e+06	20448
	1629	2.84e+06	20448
	1630	2.84e+06	20448
	1631	2.84e+06	20448
	1632	2.84e+06	20448
	1633	2.84e+06	20448
	1634	2.84e+06	20448
	1635	2.84e+06	20448
	1636	2.84e+06	20448
	1637	2.84e+06	20448
	1638	2.84e+06	20448
	1639	2.84e+06	20448
	1640	2.84e+06	20448
	1641	2.84e+06	20448
	1642	2.84e+06	20448
	1643	2.84e+06	20448
	1644	2.84e+06	20448
	1645	2.84e+06	20448
	1646	2.84e+06	20448
	1647	2.84e+06	20448
	1648	2.84e+06	20448
	1649	2.84e+06	20448
	1650	2.84e+06	20448
	1651	2.84e+06	20448
	1652	2.84e+06	20448
	1653	2.84e+06	20448
	1654	2.84e+06	20448
	1655	2.84e+06	20448
	1656	2.84e+06	20448
	1657	2.84e+06	20448
	1658	2.84e+06	20448
	1659	2.84e+06	20448
	1660	2.84e+06	20448
	1661	2.84e+06	20448
	1662	2.84e+06	20448
	1663	2.84e+06	20448
	1664	2.84e+06	20448
	1665	2.84e+06	20448
	1666	2.84e+06	20448
	1667	2.84e+06	20448
	1668	2.84e+06	20448
	1669	2.84e+06	20448
	1670	2.84e+06	20448
	1671	2.84e+06	20448
	1672	2.84e+06	20448
	1673	2.84e+06	20448
	1674	2.84e+06	20448
	1675	2.84e+06	20448
	1676	2.84e+06	20448
	1677	2.84e+06	20448
	1678	2.84e+06	20448
	1679	2.84e+06	20448
	1680	2.84e+06	20448
	1681	2.84e+06	20448
	1682	2.84e+06	20448
	1683	2.84e+06	20448
	1684	2.84e+06	20448
	1685	2.84e+06	20448
	1686	2.84e+06	20448
	1687	2.84e+06	20448
	1688	2.84e+06	20448
	1689	2.84e+06	20448
	1690	2.84e+06	20448
	1691	2.84e+06	20448
	1692	2.84e+06	20448
	1693	2.84e+06	20448
	1694	2.84e+06	20448
	1695	2.84e+06	20448
	1696	2.84e+06	20448
	1697	2.84e+06	20448
	1698	2.84e+06	20448
	1699	2.84e+06	20448
	1700	2.84e+06	20448
	1701	2.84e+06	20448
	1702	2.84e+06	20448
	1703	2.84e+06	20448
	1704	2.84e+06	20448
	1705	2.84e+06	20448
	1706	2.84e+06	20448
	1707	2.84e+06	20448
	1708	2.84e+06	20448
	1709	2.84e+06	20448
	1710	2.84e+06	20448
	1711	2.84e+06	20448
	1712	2.84e+06	20448
	1713	2.84e+06	20448
	1714	2.84e+06	20448
	1715	2.84e+06	20448
	1716	2.84e+06	20448
	1717	2.84e+06	20448
	1718	2.84e+06	20448
	1719	2.84e+06	20448
	1720	2.84e+06	20448
	1721	2.84e+06	20448
	1722	2.84e+06	20448
	1723	2.84e+06	20448
	1724	2.84e+06	20448
	1725	2.84e+06	20448
	1726	2.84e+06	20448
	1727	2.84e+06	20448
	1728	2.84e+06	20448
	1729	2.84e+06	20448
	1730	2.84e+06	20448
	1731	2.84e+06	20448
	1732	2.84e+06	20448
	1733	2.84e+06	20448
	1734	2.84e+06	20448
	1735	2.84e+06	20448
	1736	2.84e+06	20448
	1737	2.84e+06	20448
	1738	2.84e+06	20448
	1739	2.84e+06	20448
	1740	2.84e+06	20448
	1741	2.84e+06	20448
	1742	2.84e+06	20448
	1743	2.84e+06	20448
	1744	2.84e+06	20448
	1745	2.84e+06	20448
	1746	2.84e+06	20448
	1747	2.84e+06	20448
	1748	2.84e+06	20448
	1749	2.84e+06	20448
	1750	2.84e+06	20448
	1751	2.84e+06	20448
	1752	2.84e+06	20448
	1753	2.84e+06	20448
	1754	2.84e+06	20448
	1755	2.84e+06	20448
	1756	2.84e+06	20448
	1757	2.84e+06	20448
	1758	2.84e+06	20448
	1759	2.84e+06	20448
	1760	2.84e+06	20448
	1761	2.84e+06	20448
	1762	2.84e+06	20448
	1763	2.84e+06	20448
	1764	2.84e+06	20448
	1765	2.84e+06	20448
	1766	2.84e+06	20448
	1767	2.84e+06	20448
	1768	2.84e+06	20448
	1769	2.84e+06	20448
	1770	2.84e+06	20448
	1771	2.84e+06	20448
	1772	2.84e+06	20448
	1773	2.84e+06	20448
	1774	2.84e+06	20448
	1775	2.84e+06	20448
	1776	2.84e+06	20448
	1777	2.84e+06	20448
	1778	2.84e+06	20448
	1779	2.84e+06	20448
	1780	2.84e+06	20448
	1781	2.84e+06	20448
	1782	2.84e+06	20448
	1783	2.84e+06	20448
	1784	2.84e+06	20448
	1785	2.84e+06	20448
	1786	2.84e+06	20448
	1787	2.84e+06	20448
	1788	2.84e+06	20448
	1789	2.84e+06	20448
	1790	2.84e+06	20448
	1791	2.84e+06	20448
	1792	2.84e+06	20448
	1793	2.84e+06	20448
	1794	2.84e+06	20448
	1795	2.84e+06	20448
	1796	2.84e+06	20448
	1797	2.84e+06	20448
	1798	2.84e+06	20448
	1799	2.84e+06	20448
	1800	2.84e+06	20448
	1801	2.84e+06	20448
	1802	2.84e+06	20448
	1803	2.84e+06	20448
	1804	2.84e+06	20448
	1805	2.84e+06	20448
	1806	2.84e+06	20448
	1807	2.84e+06	20448
	1808	2.84e+06	20448
	1809	2.84e+06	20448
	1810	2.84e+06	20448
	1811	2.84e+06	20448
	1812	2.84e+06	20448
	1813	2.84e+06	20448
	1814	2.84e+06	20448
	1815	2.84e+06	20448
	1816	2.84e+06	20448
	1817	2.84e+06	20448
	1818	2.84e+06	20448
	1819	2.84e+06	20448
	1820	2.84e+06	20448
	1821	2.84e+06	20448
	1822	2.84e+06	20448
	1823	2.84e+06	20448
	1824	2.84e+06	20448
	1825	2.84e+06	20448
	1826	2.84e+06	20448
	1827	2.84e+06	20448
	1828	2.84e+06	20448
	1829	2.84e+06	20448
	1830	2.84e+06	20448
	1831	2.84e+06	20448
	1832	2.84e+06	20448
	1833	2.84e+06	20448
	1834	2.84e+06	20448
	1835	2.84e+06	20448
	1836	2.84e+06	20448
	1837	2.84e+06	20448
	1838	2.84e+06	20448
	1839	2.84e+06	20448
	1840	2.84e+06	20448
	1841	2.84e+06	20448
	1842	2.84e+06	20448
	1843	2.84e+06	20448
	1844	2.84e+06	20448
	1845	2.84e+06	20448
	1846	2.84e+06	20448
	1847	2.84e+06	20448
	1848	2.84e+06	20448
	1849	2.84e+06	20448
	1850	2.84e+06	20448
	1851	2.84e+06	20448
	1852	2.84e+06	20448
	1853	2.84e+06	20448
	1854	2.84e+06	20448
	1855	2.84e+06	20448
	1856	2.84e+06	20448
	1857	2.84e+06	20448
	1858	2.84e+06	20448
	1859	2.84e+06	20448
	1860	2.84e+06	20448
	1861	2.84e+06	20448
	1862	2.84e+06	20448
	1863	2.84e+06	20448
	1864	2.84e+06	20448
	1865	2.84e+06	20448
	1866	2.84e+06	20448
	1867	2.84e+06	20448
	1868	2.84e+06	20448
	1869	2.84e+06	20448
	1870	2.84e+06	20448
	1871	2.84e+06	20448
	1872	2.84e+06	20448
	1873	2.84e+06	20448
	1874	2.84e+06	20448
	1875	2.84e+06	20448
	1876	2.84e+06	20448
	1877	2.84e+06	20448
	1878	2.84e+06	20448
	1879	2.84e+06	20448
	1880	2.84e+06	20448
	1881	2.84e+06	20448
	1882	2.84e+06	20448
	1883	2.84e+06	20448
	1884	2.84e+06	20448
	1885	2.84e+06	20448
	1886	2.84e+06	20448
	1887	2.84e+06	20448
	1888	2.84e+06	20448
	1889	2.84e+06	20448
	1890	2.84e+06	20448
	1891	2.84e+06	20448
	1892	2.84e+06	20448
	1893	2.84e+06	20448
	1894	2.84e+06	20448
	1895	2.84e+06	20448
	1896	2.84e+06	20448
	1897	2.84e+06	20448
	1898	2.84e+06	20448
	1899	2.84e+06	20448
	1900	2.84e+06	20448
	1901	2.84e+06	20448
	1902	2.84e+06	20448
	1903	2.84e+06	20448
	1904	2.84e+06	20448
	1905	2.84e+06	20448
	1906	2.84e+06	20448
	1907	2.84e+06	20448
	1908	2.84e+06	20448
	1909	2.84e+06	20448
	1910	2.84e+06	20448
	1911	2.84e+06	20448
	1912	2.84e+06	20448
	1913	2.84e+06	20448
	1914	2.84e+06	20448
	1915	2.84e+06	20448
	1916	2.84e+06	20448
	1917	2.84e+06	20448
	1918	2.84e+06	20448
	1919	2.84e+06	20448
	1920	2.84e+06	20448
	1921	2.84e+06	20448
	1922	2.84e+06	20448
	1923	2.84e+06	20448
	1924	2.84e+06	20448
	1925	2.84e+06	20448
	1926	2.84e+06	20448
	1927	2.84e+06	20448
	1928	2.84e+06	20448
	1929	2.84e+06	20448
	1930	2.84e+06	20448
	1931	2.84e+06	20448
	1932	2.84e+06	20448
	1933	2.84e+06	20448
	1934	2.84e+06	20448
	1935	2.84e+06	20448
	1936	2.84e+06	20448
	1937	2.84e+06	20448
	1938	2.84e+06	20448
	1939	2.84e+06	20448
	1940	2.84e+06	20448
	1941	2.84e+06	20448
	1942	2.84e+06	20448
	1943	2.84e+06	20448
	1944	2.84e+06	20448
	1945	2.84e+06	20448
	1946	2.84e+06	20448
	1947	2.84e+06	20448
	1948	2.84e+06	20448
	1949	2.84e+06	20448
	1950	2.84e+06	20448
	1951	2.84e+06	20448
	1952	2.84e+06	20448
	1953	2.84e+06	20448
	1954	2.84e+06	20448
	1955	2.84e+06	20448
	1956	2.84e+06	20448
	1957	2.84e+06	20448
	1958	2.84e+06	20448
	1959	2.84e+06	20448
	1960	2.84e+06	20448
	1961	2.84e+06	20448
	1962	2.84e+06	20448
	1963	2.84e+06	20448
	1964	2.84e+06	20448
	1965	2.84e+06	20448
	1966	2.84e+06	20448
	1967	2.84e+06	20448
	1968	2.84e+06	20448
	1969	2.84e+06	20448
	1970	2.84e+06	20448
	1971	2.84e+06	20448
	1972	2.84e+06	20448
	1973	2.84e+06	20448
	1974	2.84e+06	20448
	1975	2.84e+06	20448
	1976	2.84e+06	20448
	1977	2.84e+06	20448
	1978	2.84e+06	20448
	1979	2.84e+06	20448
	1980	2.84e+06	20448
	1981	2.84e+06	20448
	1982	2.84e+06	20448
	1983	2.84e+06	20448
	1984	2.84e+06	20448
	1985	2.84e+06	20448
	1986	2.84e+06	20448
	1987	2.84e+06	20448
	1988	2.84e+06	20448
	1989	2.84e+06	20448
	1990	2.84e+06	20448
	1991	2.84e+06	20448
	1992	2.84e+06	20448
	1993	2.84e+06	20448
	1994	2.84e+06	20448
	1995	2.84e+06	20448
	1996	2.84e+06	20448
	1997	2.84e+06	20448
	1998	2.84e+06	20448
	1999	2.84e+06	20448
	2000	2.84e+06	20448
	2001	2.84e+06	20448
	2002	2.8562e+06	16400.1
	2003	2.87208e+06	16442.7
	2004	2.88763e+06	16486.1
	2005	2.90285e+06	16530.3
	2006	2.91773e+06	16575.3
	2007	2.93226e+06	16621
	2008	2.94644e+06	16667.4
	2009	2.96027e+06	16714.6
	2010	2.97374e+06	16762.3
	2011	2.98685e+06	16810.8
	2012	2.9996e+06	16859.8
	2013	3.01198e+06	16909.4
	2014	3.024e+06	16959.5
	2015	3.03565e+06	17010.1
	2016	3.04694e+06	17061.3
	2017	3.05785e+06	17112.8
	2018	3.0684e+06	17164.8
	2019	3.07859e+06	17217.2
	2020	3.0884e+06	17270
	2021	3.09786e+06	17323.1
	2022	3.10696e+06	17376.5
	2023	3.11569e+06	17430.2
	2024	3.12407e+06	17484.2
	2025	3.1321e+06	17538.4
	2026	3.13978e+06	17592.7
	2027	3.14711e+06	17647.2
	2028	3.1541e+06	17701.9
	2029	3.16076e+06	17756.7
	2030	3.16707e+06	17811.5
	2031	3.17306e+06	17866.4
	2032	3.17873e+06	17921.3
	2033	3.18408e+06	17976.3
	2034	3.18911e+06	18031.2
	2035	3.19383e+06	18086
	2036	3.19825e+06	18140.8
	2037	3.20237e+06	18195.5
	2038	3.2062e+06	18250
	2039	3.20974e+06	18304.4
	2040	3.213e+06	18358.6
	2041	3.21599e+06	18412.6
	2042	3.2187e+06	18466.4
	2043	3.22115e+06	18519.9
	2044	3.22334e+06	18573.2
	2045	3.22528e+06	18626.2
	2046	3.22697e+06	18678.9
	2047	3.22843e+06	18731.2
	2048	3.22964e+06	18783.2
	2049	3.23063e+06	18834.9
	2050	3.2314e+06	18886.1
	2051	3.23195e+06	18937
	2052	3.23228e+06	18987.4
	2053	3.23242e+06	19037.4
	2054	3.23235e+06	19087
	2055	3.23209e+06	19136.1
	2056	3.23164e+06	19184.7
	2057	3.231e+06	19232.8
	2058	3.23019e+06	19280.4
	2059	3.22921e+06	19327.4
	2060	3.22806e+06	19374
	2061	3.22675e+06	19420
	2062	3.22529e+06	19465.4
	2063	3.22367e+06	19510.2
	2064	3.22191e+06	19554.5
	2065	3.22e+06	19598.2
	2066	3.21797e+06	19641.3
	2067	3.2158e+06	19683.7
	2068	3.2135e+06	19725.6
	2069	3.21108e+06	19766.8
	2070	3.20855e+06	19807.4
	2071	3.20591e+06	19847.4
	2072	3.20315e+06	19886.7
	2073	3.2003e+06	19925.3
	2074	3.19734e+06	19963.3
	2075	3.19429e+06	20000.7
	2076	3.19115e+06	20037.4
	2077	3.18792e+06	20073.4
	2078	3.18461e+06	20108.7
	2079	3.18122e+06	20143.4
	2080	3.17776e+06	20177.4
	2081	3.17422e+06	20210.7
	2082	3.17062e+06	20243.4
	2083	3.16695e+06	20275.3
	2084	3.16322e+06	20306.6
	2085	3.15943e+06	20337.2
	2086	3.15559e+06	20367.1
	2087	3.1517e+06	20396.4
	2088	3.14776e+06	20425
	2089	3.14378e+06	20452.8
	2090	3.13976e+06	20480.1
	2091	3.13569e+06	20506.6
	2092	3.1316e+06	20532.5
	2093	3.12746e+06	20557.7
	2094	3.1233e+06	20582.2
	2095	3.11911e+06	20606.1
	2096	3.1149e+06	20629.3
	2097	3.11066e+06	20651.9
	2098	3.10641e+06	20673.8
	2099	3.10214e+06	20695.1
	2100	3.09785e+06	20715.7
	2101	3.09355e+06	20735.7
	2102	3.08923e+06	20755.1
	2103	3.08491e+06	20773.8
	2104	3.08059e+06	20792
	2105	3.07626e+06	20809.5
	2106	3.07192e+06	20826.4
	2107	3.06759e+06	20842.7
	2108	3.06326e+06	20858.4
	2109	3.05893e+06	20873.5
	2110	3.05461e+06	20888
	2111	3.05029e+06	20902
	2112	3.04598e+06	20915.4
	2113	3.04169e+06	20928.2
	2114	3.0374e+06	20940.5
	2115	3.03313e+06	20952.3
	2116	3.02887e+06	20963.4
	2117	3.02463e+06	20974.1
	2118	3.0204e+06	20984.2
	2119	3.0162e+06	20993.9
	2120	3.01202e+06	21003
	2121	3.00785e+06	21011.6
	2122	3.00371e+06	21019.7
	2123	2.9996e+06	21027.4
	2124	2.9955e+06	21034.5
	2125	2.99144e+06	21041.2
	2126	2.9874e+06	21047.4
	2127	2.98339e+06	21053.2
	2128	2.97941e+06	21058.5
	2129	2.97546e+06	21063.4
	2130	2.97154e+06	21067.9
	2131	2.96766e+06	21071.9
	2132	2.9638e+06	21075.6
	2133	2.95998e+06	21078.8
	2134	2.9562e+06	21081.6
	2135	2.95245e+06	21084.1
	2136	2.94873e+06	21086.2
	2137	2.94505e+06	21087.9
	2138	2.94141e+06	21089.2
	2139	2.93781e+06	21090.2
	2140	2.93425e+06	21090.8
	2141	2.93072e+06	21091.1
	2142	2.92724e+06	21091.1
	2143	2.92379e+06	21090.7
	2144	2.92039e+06	21090.1
	2145	2.91703e+06	21089.1
	2146	2.91371e+06	21087.8
	2147	2.91043e+06	21086.2
	2148	2.90719e+06	21084.4
	2149	2.904e+06	21082.3
	2150	2.90085e+06	21079.9
	2151	2.89774e+06	21077.2
	2152	2.89468e+06	21074.3
	2153	2.89166e+06	21071.2
	2154	2.88869e+06	21067.8
	2155	2.88576e+06	21064.2
	2156	2.88287e+06	21060.3
	2157	2.88003e+06	21056.3
	2158	2.87724e+06	21052
	2159	2.87449e+06	21047.6
	2160	2.87178e+06	21042.9
	2161	2.86912e+06	21038.1
	2162	2.86651e+06	21033
	2163	2.86394e+06	21027.8
	2164	2.86142e+06	21022.5
	2165	2.85895e+06	21016.9
	2166	2.85652e+06	21011.2
	2167	2.85414e+06	21005.4
	2168	2.8518e+06	20999.4
	2169	2.84951e+06	20993.3
	2170	2.84726e+06	20987.1
	2171	2.84506e+06	20980.7
	2172	2.84291e+06	20974.2
	2173	2.8408e+06	20967.6
	2174	2.83874e+06	20960.9
	2175	2.83672e+06	20954.1
	2176	2.83475e+06	20947.2
	2177	2.83282e+06	20940.2
	2178	2.83094e+06	20933.1
	2179	2.8291e+06	20926
	2180	2.82731e+06	20918.8
	2181	2.82556e+06	20911.5
	2182	2.82386e+06	20904.1
	2183	2.8222e+06	20896.7
	2184	2.82058e+06	20889.2
	2185	2.81901e+06	20881.7
	2186	2.81748e+06	20874.2
	2187	2.81599e+06	20866.6
	2188	2.81455e+06	20858.9
	2189	2.81315e+06	20851.3
	2190	2.81179e+06	20843.6
	2191	2.81048e+06	20835.9
	2192	2.8092e+06	20828.1
	2193	2.80797e+06	20820.4
	2194	2.80678e+06	20812.6
	2195	2.80562e+06	20804.9
	2196	2.80451e+06	20797.1
	2197	2.80344e+06	20789.4
	2198	2.80241e+06	20781.6
	2199	2.80142e+06	20773.9
	2200	2.80046e+06	20766.1
	2201	2.79955e+06	20758.4
	2202	2.79867e+06	20750.7
	2203	2.79783e+06	20743
	2204	2.79703e+06	20735.4
	2205	2.79626e+06	20727.7
	2206	2.79553e+06	20720.2
	2207	2.79484e+06	20712.6
	2208	2.79418e+06	20705.1
	2209	2.79355e+06	20697.6
	2210	2.79297e+06	20690.2
	2211	2.79241e+06	20682.8
	2212	2.79189e+06	20675.4
	2213	2.7914e+06	20668.1
	2214	2.79095e+06	20660.9
	2215	2.79052e+06	20653.7
	2216	2.79013e+06	20646.5
	2217	2.78977e+06	20639.5
	2218	2.78945e+06	20632.4
	2219	2.78915e+06	20625.5
	2220	2.78888e+06	20618.6
	2221	2.78864e+06	20611.8
	2222	2.78843e+06	20605
	2223	2.78825e+06	20598.3
	2224	2.78809e+06	20591.7
	2225	2.78797e+06	20585.2
	2226	2.78787e+06	20578.7
	2227	2.78779e+06	20572.3
	2228	2.78775e+06	20566
	2229	2.78772e+06	20559.8
	2230	2.78773e+06	20553.6
	2231	2.78775e+06	20547.6
	2232	2.78781e+06	20541.6
	2233	2.78788e+06	20535.6
	2234	2.78798e+06	20529.8
	2235	2.7881e+06	20524.1
	2236	2.78824e+06	20518.4
	2237	2.7884e+06	20512.9
	2238	2.78858e+06	20507.4
	2239	2.78879e+06	20502
	2240	2.78901e+06	20496.7
	2241	2.78925e+06	20491.5
	2242	2.78951e+06	20486.3
	2243	2.78979e+06	20481.3
	2244	2.79009e+06	20476.4
	2245	2.79041e+06	20471.5
	2246	2.79074e+06	20466.7
	2247	2.79108e+06	20462.1
	2248	2.79145e+06	20457.5
	2249	2.79183e+06	20453
	2250	2.79222e+06	20448.6
	2251	2.79263e+06	20444.3
	2252	2.79305e+06	20440.1
	2253	2.79348e+06	20436
	2254	2.79393e+06	20431.9
	2255	2.79439e+06	20428
	2256	2.79486e+06	20424.2
	2257	2.79534e+06	20420.4
	2258	2.79584e+06	20416.7
	2259	2.79634e+06	20413.2
	2260	2.79686e+06	20409.7
	2261	2.79738e+06	20406.3
	2262	2.79792e+06	20403
	2263	2.79846e+06	20399.8
	2264	2.79901e+06	20396.7
	2265	2.79957e+06	20393.7
	2266	2.80013e+06	20390.7
	2267	2.8007e+06	20387.9
	2268	2.80128e+06	20385.1
	2269	2.80187e+06	20382.5
	2270	2.80246e+06	20379.9
	2271	2.80306e+06	20377.4
	2272	2.80366e+06	20375
	2273	2.80427e+06	20372.6
	2274	2.80488e+06	20370.4
	2275	2.80549e+06	20368.2
	2276	2.80611e+06	20366.1
	2277	2.80673e+06	20364.1
	2278	2.80735e+06	20362.2
	2279	2.80798e+06	20360.4
	2280	2.80861e+06	20358.6
	2281	2.80924e+06	20357
	2282	2.80987e+06	20355.4
	2283	2.8105e+06	20353.8
	2284	2.81113e+06	20352.4
	2285	2.81177e+06	20351
	2286	2.8124e+06	20349.7
	2287	2.81303e+06	20348.5
	2288	2.81367e+06	20347.3
	2289	2.8143e+06	20346.3
	2290	2.81493e+06	20345.2
	2291	2.81556e+06	20344.3
	2292	2.81619e+06	20343.4
	2293	2.81681e+06	20342.6
	2294	2.81743e+06	20341.9
	2295	2.81806e+06	20341.2
	2296	2.81867e+06	20340.6
	2297	2.81929e+06	20340
	2298	2.8199e+06	20339.6
	2299	2.82051e+06	20339.1
	2300	2.82112e+06	20338.8
	2301	2.82172e+06	20338.5
	2302	2.82231e+06	20338.2
	2303	2.82291e+06	20338
	2304	2.8235e+06	20337.9
	2305	2.82408e+06	20337.8
	2306	2.82466e+06	20337.8
	2307	2.82523e+06	20337.8
	2308	2.8258e+06	20337.9
	2309	2.82637e+06	20338
	2310	2.82693e+06	20338.2
	2311	2.82748e+06	20338.4
	2312	2.82803e+06	20338.7
	2313	2.82857e+06	20339
	2314	2.8291e+06	20339.3
	2315	2.82963e+06	20339.7
	2316	2.83015e+06	20340.2
	2317	2.83067e+06	20340.7
	2318	2.83118e+06	20341.2
	2319	2.83168e+06	20341.7
	2320	2.83218e+06	20342.3
	2321	2.83267e+06	20343
	2322	2.83315e+06	20343.7
	2323	2.83363e+06	20344.4
	2324	2.83409e+06	20345.1
	2325	2.83455e+06	20345.9
	2326	2.83501e+06	20346.7
	2327	2.83546e+06	20347.5
	2328	2.83589e+06	20348.4
	2329	2.83633e+06	20349.3
	2330	2.83675e+06	20350.2
	2331	2.83717e+06	20351.1
	2332	2.83758e+06	20352.1
	2333	2.83798e+06	20353.1
	2334	2.83837e+06	20354.1
	2335	2.83876e+06	20355.2
	2336	2.83914e+06	20356.2
	2337	2.83951e+06	20357.3
	2338	2.83987e+06	20358.4
	2339	2.84023e+06	20359.6
	2340	2.84058e+06	20360.7
	2341	2.84092e+06	20361.9
	2342	2.84125e+06	20363
	2343	2.84157e+06	20364.2
	2344	2.84189e+06	20365.4
	2345	2.8422e+06	20366.6
	2346	2.8425e+06	20367.9
	2347	2.84279e+06	20369.1
	2348	2.84308e+06	20370.4
	2349	2.84336e+06	20371.6
	2350	2.84363e+06	20372.9
	2351	2.84389e+06	20374.2
	2352	2.84415e+06	20375.4
	2353	2.8444e+06	20376.7
	2354	2.84464e+06	20378
	2355	2.84487e+06	20379.3
	2356	2.8451e+06	20380.6
	2357	2.84532e+06	20382
	2358	2.84553e+06	20383.3
	2359	2.84574e+06	20384.6
	2360	2.84593e+06	20385.9
	2361	2.84613e+06	20387.2
	2362	2.84631e+06	20388.5
	2363	2.84649e+06	20389.9
	2364	2.84666e+06	20391.2
	2365	2.84682e+06	20392.5
	2366	2.84697e+06	20393.8
	2367	2.84712e+06	20395.1
	2368	2.84727e+06	20396.4
	2369	2.8474e+06	20397.7
	2370	2.84753e+06	20399
	2371	2.84766e+06	20400.3
	2372	2.84777e+06	20401.6
	2373	2.84789e+06	20402.9
	2374	2.84799e+06	20404.2
	2375	2.84809e+06	20405.5
	2376	2.84818e+06	20406.7
	2377	2.84827e+06	20408
	2378	2.84835e+06	20409.2
	2379	2.84843e+06	20410.5
	2380	2.8485e+06	20411.7
	2381	2.84856e+06	20412.9
	2382	2.84862e+06	20414.2
	2383	2.84867e+06	20415.4
	2384	2.84872e+06	20416.6
	2385	2.84876e+06	20417.7
	2386	2.8488e+06	20418.9
	2387	2.84884e+06	20420.1
	2388	2.84886e+06	20421.2
	2389	2.84889e+06	20422.4
	2390	2.84891e+06	20423.5
	2391	2.84892e+06	20424.6
	2392	2.84893e+06	20425.7
	2393	2.84893e+06	20426.8
	2394	2.84894e+06	20427.8
	2395	2.84893e+06	20428.9
	2396	2.84892e+06	20429.9
	2397	2.84891e+06	20431
	2398	2.8489e+06	20432
	2399	2.84888e+06	20433
	2400	2.84885e+06	20434
	2401	2.84883e+06	20435
	2402	2.8488e+06	20435.9
	2403	2.84876e+06	20436.9
	2404	2.84872e+06	20437.8
	2405	2.84868e+06	20438.7
	2406	2.84864e+06	20439.6
	2407	2.84859e+06	20440.5
	2408	2.84854e+06	20441.4
	2409	2.84849e+06	20442.2
	2410	2.84843e+06	20443
	2411	2.84837e+06	20443.9
	2412	2.84831e+06	20444.7
	2413	2.84825e+06	20445.5
	2414	2.84818e+06	20446.2
	2415	2.84811e+06	20447
	2416	2.84804e+06	20447.7
	2417	2.84797e+06	20448.5
	2418	2.84789e+06	20449.2
	2419	2.84781e+06	20449.9
	2420	2.84773e+06	20450.5
	2421	2.84765e+06	20451.2
	2422	2.84757e+06	20451.9
	2423	2.84748e+06	20452.5
	2424	2.84739e+06	20453.1
	2425	2.84731e+06	20453.7
	2426	2.84721e+06	20454.3
	2427	2.84712e+06	20454.9
	2428	2.84703e+06	20455.4
	2429	2.84693e+06	20455.9
	2430	2.84684e+06	20456.5
	2431	2.84674e+06	20457
	2432	2.84664e+06	20457.5
	2433	2.84654e+06	20457.9
	2434	2.84644e+06	20458.4
	2435	2.84634e+06	20458.8
	2436	2.84624e+06	20459.3
	2437	2.84614e+06	20459.7
	2438	2.84604e+06	20460.1
	2439	2.84593e+06	20460.5
	2440	2.84583e+06	20460.9
	2441	2.84572e+06	20461.2
	2442	2.84562e+06	20461.6
	2443	2.84551e+06	20461.9
	2444	2.84541e+06	20462.2
	2445	2.8453e+06	20462.5
	2446	2.84519e+06	20462.8
	2447	2.84509e+06	20463.1
	2448	2.84498e+06	20463.4
	2449	2.84487e+06	20463.6
	2450	2.84476e+06	20463.9
	2451	2.84466e+06	20464.1
	2452	2.84455e+06	20464.3
	2453	2.84444e+06	20464.5
	2454	2.84434e+06	20464.7
	2455	2.84423e+06	20464.9
	2456	2.84413e+06	20465
	2457	2.84402e+06	20465.2
	2458	2.84392e+06	20465.3
	2459	2.84381e+06	20465.5
	2460	2.84371e+06	20465.6
	2461	2.8436e+06	20465.7
	2462	2.8435e+06	20465.8
	2463	2.8434e+06	20465.9
	2464	2.84329e+06	20466
	2465	2.84319e+06	20466
	2466	2.84309e+06	20466.1
	2467	2.84299e+06	20466.1
	2468	2.84289e+06	20466.2
	2469	2.84279e+06	20466.2
	2470	2.8427e+06	20466.2
	2471	2.8426e+06	20466.2
	2472	2.8425e+06	20466.2
	2473	2.84241e+06	20466.2
	2474	2.84231e+06	20466.2
	2475	2.84222e+06	20466.2
	2476	2.84213e+06	20466.2
	2477	2.84204e+06	20466.1
	2478	2.84195e+06	20466.1
	2479	2.84186e+06	20466
	2480	2.84177e+06	20465.9
	2481	2.84168e+06	20465.9
	2482	2.84159e+06	20465.8
	2483	2.84151e+06	20465.7
	2484	2.84143e+06	20465.6
	2485	2.84134e+06	20465.5
	2486	2.84126e+06	20465.4
	2487	2.84118e+06	20465.3
	2488	2.8411e+06	20465.2
	2489	2.84102e+06	20465.1
	2490	2.84095e+06	20465
	2491	2.84087e+06	20464.8
	2492	2.8408e+06	20464.7
	2493	2.84072e+06	20464.6
	2494	2.84065e+06	20464.4
	2495	2.84058e+06	20464.3
	2496	2.84051e+06	20464.1
	2497	2.84044e+06	20463.9
	2498	2.84037e+06	20463.8
	2499	2.84031e+06	20463.6
	2500	2.84024e+06	20463.4
	2501	2.84018e+06	20463.3
	2502	2.84012e+06	20463.1
	2503	2.84006e+06	20462.9
	2504	2.84e+06	20462.7
	2505	2.83994e+06	20462.5
	2506	2.83988e+06	20462.3
	2507	2.83983e+06	20462.2
	2508	2.83977e+06	20462
	2509	2.83972e+06	20461.8
	2510	2.83967e+06	20461.6
	2511	2.83962e+06	20461.4
	2512	2.83957e+06	20461.2
	2513	2.83952e+06	20460.9
	2514	2.83947e+06	20460.7
	2515	2.83943e+06	20460.5
	2516	2.83938e+06	20460.3
	2517	2.83934e+06	20460.1
	2518	2.8393e+06	20459.9
	2519	2.83926e+06	20459.7
	2520	2.83922e+06	20459.5
	2521	2.83918e+06	20459.2
	2522	2.83914e+06	20459
	2523	2.83911e+06	20458.8
	2524	2.83907e+06	20458.6
	2525	2.83904e+06	20458.4
	2526	2.83901e+06	20458.2
	2527	2.83898e+06	20457.9
	2528	2.83895e+06	20457.7
	2529	2.83892e+06	20457.5
	2530	2.83889e+06	20457.3
	2531	2.83886e+06	20457.1
	2532	2.83884e+06	20456.8
	2533	2.83881e+06	20456.6
	2534	2.83879e+06	20456.4
	2535	2.83877e+06	20456.2
	2536	2.83875e+06	20456
	2537	2.83873e+06	20455.8
	2538	2.83871e+06	20455.6
	2539	2.83869e+06	20455.3
	2540	2.83867e+06	20455.1
	2541	2.83866e+06	20454.9
	2542	2.83864e+06	20454.7
	2543	2.83863e+06	20454.5
	2544	2.83862e+06	20454.3
	2545	2.8386e+06	20454.1
	2546	2.83859e+06	20453.9
	2547	2.83858e+06	20453.7
	2548	2.83857e+06	20453.5
	2549	2.83856e+06	20453.3
	2550	2.83856e+06	20453.1
	2551	2.83855e+06	20452.9
	2552	2.83854e+06	20452.7
	2553	2.83854e+06	20452.5
	2554	2.83853e+06	20452.3
	2555	2.83853e+06	20452.1
	2556	2.83853e+06	20452
	2557	2.83853e+06	20451.8
	2558	2.83852e+06	20451.6
	2559	2.83852e+06	20451.4
	2560	2.83852e+06	20451.2
	2561	2.83852e+06	20451.1
	2562	2.83853e+06	20450.9
	2563	2.83853e+06	20450.7
	2564	2.83853e+06	20450.6
	2565	2.83853e+06	20450.4
	2566	2.83854e+06	20450.2
	2567	2.83854e+06	20450.1
	2568	2.83855e+06	20449.9
	2569	2.83855e+06	20449.8
	2570	2.83856e+06	20449.6
	2571	2.83857e+06	20449.5
	2572	2.83857e+06	20449.3
	2573	2.83858e+06	20449.2
	2574	2.83859e+06	20449
	2575	2.8386e+06	20448.9
	2576	2.83861e+06	20448.7
	2577	2.83862e+06	20448.6
	2578	2.83863e+06	20448.5
	2579	2.83864e+06	20448.3
	2580	2.83865e+06	20448.2
	2581	2.83866e+06	20448.1
	2582	2.83867e+06	20448
	2583	2.83869e+06	20447.9
	2584	2.8387e+06	20447.7
	2585	2.83871e+06	20447.6
	2586	2.83873e+06	20447.5
	2587	2.83874e+06	20447.4
	2588	2.83875e+06	20447.3
	2589	2.83877e+06	20447.2
	2590	2.83878e+06	20447.1
	2591	2.8388e+06	20447
	2592	2.83881e+06	20446.9
	2593	2.83883e+06	20446.8
	2594	2.83884e+06	20446.7
	2595	2.83886e+06	20446.6
	2596	2.83887e+06	20446.6
	2597	2.83889e+06	20446.5
	2598	2.83891e+06	20446.4
	2599	2.83892e+06	20446.3
	2600	2.83894e+06	20446.2
	2601	2.83896e+06	20446.2
	2602	2.83897e+06	20446.1
	2603	2.83899e+06	20446
	2604	2.83901e+06	20446
	2605	2.83903e+06	20445.9
	2606	2.83904e+06	20445.8
	2607	2.83906e+06	20445.8
	2608	2.83908e+06	20445.7
	2609	2.8391e+06	20445.7
	2610	2.83911e+06	20445.6
	2611	2.83913e+06	20445.6
	2612	2.83915e+06	20445.5
	2613	2.83917e+06	20445.5
	2614	2.83918e+06	20445.4
	2615	2.8392e+06	20445.4
	2616	2.83922e+06	20445.4
	2617	2.83924e+06	20445.3
	2618	2.83925e+06	20445.3
	2619	2.83927e+06	20445.2
	2620	2.83929e+06	20445.2
	2621	2.83931e+06	20445.2
	2622	2.83932e+06	20445.2
	2623	2.83934e+06	20445.1
	2624	2.83936e+06	20445.1
	2625	2.83938e+06	20445.1
	2626	2.83939e+06	20445.1
	2627	2.83941e+06	20445.1
	2628	2.83943e+06	20445
	2629	2.83945e+06	20445
	2630	2.83946e+06	20445
	2631	2.83948e+06	20445
	2632	2.8395e+06	20445
	2633	2.83951e+06	20445
	2634	2.83953e+06	20445
	2635	2.83955e+06	20445
	2636	2.83956e+06	20445
	2637	2.83958e+06	20445
	2638	2.83959e+06	20445
	2639	2.83961e+06	20445
	2640	2.83962e+06	20445
	2641	2.83964e+06	20445
	2642	2.83966e+06	20445
	2643	2.83967e+06	20445
	2644	2.83969e+06	20445
	2645	2.8397e+06	20445
	2646	2.83971e+06	20445
	2647	2.83973e+06	20445
	2648	2.83974e+06	20445.1
	2649	2.83976e+06	20445.1
	2650	2.83977e+06	20445.1
	2651	2.83979e+06	20445.1
	2652	2.8398e+06	20445.1
	2653	2.83981e+06	20445.1
	2654	2.83982e+06	20445.2
	2655	2.83984e+06	20445.2
	2656	2.83985e+06	20445.2
	2657	2.83986e+06	20445.2
	2658	2.83988e+06	20445.2
	2659	2.83989e+06	20445.3
	2660	2.8399e+06	20445.3
	2661	2.83991e+06	20445.3
	2662	2.83992e+06	20445.3
	2663	2.83993e+06	20445.4
	2664	2.83994e+06	20445.4
	2665	2.83996e+06	20445.4
	2666	2.83997e+06	20445.5
	2667	2.83998e+06	20445.5
	2668	2.83999e+06	20445.5
	2669	2.84e+06	20445.5
	2670	2.84001e+06	20445.6
	2671	2.84002e+06	20445.6
	2672	2.84003e+06	20445.6
	2673	2.84003e+06	20445.7
	2674	2.84004e+06	20445.7
	2675	2.84005e+06	20445.7
	2676	2.84006e+06	20445.8
	2677	2.84007e+06	20445.8
	2678	2.84008e+06	20445.8
	2679	2.84009e+06	20445.9
	2680	2.84009e+06	20445.9
	2681	2.8401e+06	20445.9
	2682	2.84011e+06	20446
	2683	2.84011e+06	20446
	2684	2.84012e+06	20446
	2685	2.84013e+06	20446.1
	2686	2.84013e+06	20446.1
	2687	2.84014e+06	20446.2
	2688	2.84015e+06	20446.2
	2689	2.84015e+06	20446.2
	2690	2.84016e+06	20446.3
	2691	2.84016e+06	20446.3
	2692	2.84017e+06	20446.3
	2693	2.84017e+06	20446.4
	2694	2.84018e+06	20446.4
	2695	2.84018e+06	20446.4
	2696	2.84019e+06	20446.5
	2697	2.84019e+06	20446.5
	2698	2.8402e+06	20446.6
	2699	2.8402e+06	20446.6
	2700	2.8402e+06	20446.6
	2701	2.84021e+06	20446.7
	2702	2.84021e+06	20446.7
	2703	2.84021e+06	20446.7
	2704	2.84022e+06	20446.8
	2705	2.84022e+06	20446.8
	2706	2.84022e+06	20446.8
	2707	2.84023e+06	20446.9
	2708	2.84023e+06	20446.9
	2709	2.84023e+06	20446.9
	2710	2.84023e+06	20447
	2711	2.84023e+06	20447
	2712	2.84024e+06	20447
	2713	2.84024e+06	20447.1
	2714	2.84024e+06	20447.1
	2715	2.84024e+06	20447.1
	2716	2.84024e+06	20447.2
	2717	2.84024e+06	20447.2
	2718	2.84024e+06	20447.2
	2719	2.84024e+06	20447.3
	2720	2.84025e+06	20447.3
	2721	2.84025e+06	20447.3
	2722	2.84025e+06	20447.4
	2723	2.84025e+06	20447.4
	2724	2.84025e+06	20447.4
	2725	2.84025e+06	20447.5
	2726	2.84025e+06	20447.5
	2727	2.84025e+06	20447.5
	2728	2.84025e+06	20447.5
	2729	2.84025e+06	20447.6
	2730	2.84025e+06	20447.6
	2731	2.84024e+06	20447.6
	2732	2.84024e+06	20447.7
	2733	2.84024e+06	20447.7
	2734	2.84024e+06	20447.7
	2735	2.84024e+06	20447.7
	2736	2.84024e+06	20447.8
	2737	2.84024e+06	20447.8
	2738	2.84024e+06	20447.8
	2739	2.84024e+06	20447.8
	2740	2.84023e+06	20447.9
	2741	2.84023e+06	20447.9
	2742	2.84023e+06	20447.9
	2743	2.84023e+06	20447.9
	2744	2.84023e+06	20447.9
	2745	2.84023e+06	20448
	2746	2.84022e+06	20448
	2747	2.84022e+06	20448
	2748	2.84022e+06	20448
	2749	2.84022e+06	20448
	2750	2.84022e+06	20448.1
	2751	2.84021e+06	20448.1
	2752	2.84021e+06	20448.1
	2753	2.84021e+06	20448.1
	2754	2.84021e+06	20448.1
	2755	2.8402e+06	20448.2
	2756	2.8402e+06	20448.2
	2757	2.8402e+06	20448.2
	2758	2.8402e+06	20448.2
	2759	2.84019e+06	20448.2
	2760	2.84019e+06	20448.2
	2761	2.84019e+06	20448.2
	2762	2.84019e+06	20448.3
	2763	2.84018e+06	20448.3
	2764	2.84018e+06	20448.3
	2765	2.84018e+06	20448.3
	2766	2.84018e+06	20448.3
	2767	2.84017e+06	20448.3
	2768	2.84017e+06	20448.3
	2769	2.84017e+06	20448.3
	2770	2.84016e+06	20448.4
	2771	2.84016e+06	20448.4
	2772	2.84016e+06	20448.4
	2773	2.84016e+06	20448.4
	2774	2.84015e+06	20448.4
	2775	2.84015e+06	20448.4
	2776	2.84015e+06	20448.4
	2777	2.84014e+06	20448.4
	2778	2.84014e+06	20448.4
	2779	2.84014e+06	20448.4
	2780	2.84014e+06	20448.4
	2781	2.84013e+06	20448.4
	2782	2.84013e+06	20448.5
	2783	2.84013e+06	20448.5
	2784	2.84012e+06	20448.5
	2785	2.84012e+06	20448.5
	2786	2.84012e+06	20448.5
	2787	2.84011e+06	20448.5
	2788	2.84011e+06	20448.5
	2789	2.84011e+06	20448.5
	2790	2.84011e+06	20448.5
	2791	2.8401e+06	20448.5
	2792	2.8401e+06	20448.5
	2793	2.8401e+06	20448.5
	2794	2.84009e+06	20448.5
	2795	2.84009e+06	20448.5
	2796	2.84009e+06	20448.5
	2797	2.84009e+06	20448.5
	2798	2.84008e+06	20448.5
	2799	2.84008e+06	20448.5
	2800	2.84008e+06	20448.5
	2801	2.84008e+06	20448.5
	2802	2.84007e+06	20448.5
	2803	2.84007e+06	20448.5
	2804	2.84007e+06	20448.5
	2805	2.84006e+06	20448.5
	2806	2.84006e+06	20448.5
	2807	2.84006e+06	20448.5
	2808	2.84006e+06	20448.5
	2809	2.84005e+06	20448.5
	2810	2.84005e+06	20448.5
	2811	2.84005e+06	20448.5
	2812	2.84005e+06	20448.5
	2813	2.84005e+06	20448.5
	2814	2.84004e+06	20448.5
	2815	2.84004e+06	20448.5
	2816	2.84004e+06	20448.5
	2817	2.84004e+06	20448.5
	2818	2.84003e+06	20448.5
	2819	2.84003e+06	20448.5
	2820	2.84003e+06	20448.5
	2821	2.84003e+06	20448.5
	2822	2.84003e+06	20448.5
	2823	2.84002e+06	20448.5
	2824	2.84002e+06	20448.5
	2825	2.84002e+06	20448.5
	2826	2.84002e+06	20448.5
	2827	2.84002e+06	20448.5
	2828	2.84001e+06	20448.4
	2829	2.84001e+06	20448.4
	2830	2.84001e+06	20448.4
	2831	2.84001e+06	20448.4
	2832	2.84001e+06	20448.4
	2833	2.84e+06	20448.4
	2834	2.84e+06	20448.4
	2835	2.84e+06	20448.4
	2836	2.84e+06	20448.4
	2837	2.84e+06	20448.4
	2838	2.84e+06	20448.4
	2839	2.83999e+06	20448.4
	2840	2.83999e+06	20448.4
	2841	2.83999e+06	20448.4
	2842	2.83999e+06	20448.4
	2843	2.83999e+06	20448.4
	2844	2.83999e+06	20448.4
	2845	2.83999e+06	20448.4
	2846	2.83999e+06	20448.4
	2847	2.83998e+06	20448.3
	2848	2.83998e+06	20448.3
	2849	2.83998e+06	20448.3
	2850	2.83998e+06	20448.3
	2851	2.83998e+06	20448.3
	2852	2.83998e+06	20448.3
	2853	2.83998e+06	20448.3
	2854	2.83998e+06	20448.3
	2855	2.83998e+06	20448.3
	2856	2.83997e+06	20448.3
	2857	2.83997e+06	20448.3
	2858	2.83997e+06	20448.3
	2859	2.83997e+06	20448.3
	2860	2.83997e+06	20448.3
	2861	2.83997e+06	20448.3
	2862	2.83997e+06	20448.3
	2863	2.83997e+06	20448.3
	2864	2.83997e+06	20448.2
	2865	2.83997e+06	20448.2
	2866	2.83997e+06	20448.2
	2867	2.83997e+06	20448.2
	2868	2.83997e+06	20448.2
	2869	2.83997e+06	20448.2
	2870	2.83996e+06	20448.2
	2871	2.83996e+06	20448.2
	2872	2.83996e+06	20448.2
	2873	2.83996e+06	20448.2
	2874	2.83996e+06	20448.2
	2875	2.83996e+06	20448.2
	2876	2.83996e+06	20448.2
	2877	2.83996e+06	20448.2
	2878	2.83996e+06	20448.2
	2879	2.83996e+06	20448.2
	2880	2.83996e+06	20448.2
	2881	2.83996e+06	20448.1
	2882	2.83996e+06	20448.1
	2883	2.83996e+06	20448.1
	2884	2.83996e+06	20448.1
	2885	2.83996e+06	20448.1
	2886	2.83996e+06	20448.1
	2887	2.83996e+06	20448.1
	2888	2.83996e+06	20448.1
	2889	2.83996e+06	20448.1
	2890	2.83996e+06	20448.1
	2891	2.83996e+06	20448.1
	2892	2.83996e+06	20448.1
	2893	2.83996e+06	20448.1
	2894	2.83996e+06	20448.1
	2895	2.83996e+06	20448.1
	2896	2.83996e+06	20448.1
	2897	2.83996e+06	20448.1
	2898	2.83996e+06	20448.1
	2899	2.83996e+06	20448.1
	2900	2.83996e+06	20448.1
	2901	2.83996e+06	20448.1
	2902	2.83996e+06	20448
	2903	2.83996e+06	20448
	2904	2.83996e+06	20448
	2905	2.83996e+06	20448
	2906	2.83996e+06	20448
	2907	2.83996e+06	20448
	2908	2.83996e+06	20448
	2909	2.83996e+06	20448
	2910	2.83996e+06	20448
	2911	2.83996e+06	20448
	2912	2.83996e+06	20448
	2913	2.83996e+06	20448
	2914	2.83996e+06	20448
	2915	2.83997e+06	20448
	2916	2.83997e+06	20448
	2917	2.83997e+06	20448
	2918	2.83997e+06	20448
	2919	2.83997e+06	20448
	2920	2.83997e+06	20448
	2921	2.83997e+06	20448
	2922	2.83997e+06	20448
	2923	2.83997e+06	20448
	2924	2.83997e+06	20448
	2925	2.83997e+06	20448
	2926	2.83997e+06	20448
	2927	2.83997e+06	20448
	2928	2.83997e+06	20448
	2929	2.83997e+06	20448
	2930	2.83997e+06	20448
	2931	2.83997e+06	20448
	2932	2.83997e+06	20448
	2933	2.83997e+06	20448
	2934	2.83997e+06	20448
	2935	2.83997e+06	20448
	2936	2.83997e+06	20447.9
	2937	2.83997e+06	20447.9
	2938	2.83998e+06	20447.9
	2939	2.83998e+06	20447.9
	2940	2.83998e+06	20447.9
	2941	2.83998e+06	20447.9
	2942	2.83998e+06	20447.9
	2943	2.83998e+06	20447.9
	2944	2.83998e+06	20447.9
	2945	2.83998e+06	20447.9
	2946	2.83998e+06	20447.9
	2947	2.83998e+06	20447.9
	2948	2.83998e+06	20447.9
	2949	2.83998e+06	20447.9
	2950	2.83998e+06	20447.9
	2951	2.83998e+06	20447.9
	2952	2.83998e+06	20447.9
	2953	2.83998e+06	20447.9
	2954	2.83998e+06	20447.9
	2955	2.83998e+06	20447.9
	2956	2.83998e+06	20447.9
	2957	2.83998e+06	20447.9
	2958	2.83998e+06	20447.9
	2959	2.83999e+06	20447.9
	2960	2.83999e+06	20447.9
	2961	2.83999e+06	20447.9
	2962	2.83999e+06	20447.9
	2963	2.83999e+06	20447.9
	2964	2.83999e+06	20447.9
	2965	2.83999e+06	20447.9
	2966	2.83999e+06	20447.9
	2967	2.83999e+06	20447.9
	2968	2.83999e+06	20447.9
	2969	2.83999e+06	20447.9
	2970	2.83999e+06	20447.9
	2971	2.83999e+06	20447.9
	2972	2.83999e+06	20447.9
	2973	2.83999e+06	20447.9
	2974	2.83999e+06	20447.9
	2975	2.83999e+06	20447.9
	2976	2.83999e+06	20447.9
	2977	2.83999e+06	20447.9
	2978	2.83999e+06	20447.9
	2979	2.83999e+06	20447.9
	2980	2.83999e+06	20447.9
	2981	2.83999e+06	20447.9
	2982	2.84e+06	20447.9
	2983	2.84e+06	20447.9
	2984	2.84e+06	20447.9
	2985	2.84e+06	20447.9
	2986	2.84e+06	20447.9
	2987	2.84e+06	20447.9
	2988	2.84e+06	20447.9
	2989	2.84e+06	20447.9
	2990	2.84e+06	20447.9
	2991	2.84e+06	20447.9
	2992	2.84e+06	20447.9
	2993	2.84e+06	20447.9
	2994	2.84e+06	20447.9
	2995	2.84e+06	20447.9
	2996	2.84e+06	20447.9
	2997	2.84e+06	20447.9
	2998	2.84e+06	20447.9
	2999	2.84e+06	20447.9
	3000	2.84e+06	20447.9
	3001	2.84e+06	20447.9
	3002	2.84e+06	20447.9
	3003	2.84e+06	20447.9
	3004	2.84e+06	20447.9
	3005	2.84e+06	20447.9
	3006	2.84e+06	20447.9
	3007	2.84e+06	20447.9
	3008	2.84e+06	20447.9
	3009	2.84e+06	20447.9
	3010	2.84e+06	20447.9
	3011	2.84e+06	20447.9
	3012	2.84e+06	20448
	3013	2.84e+06	20448
	3014	2.84e+06	20448
	3015	2.84e+06	20448
	3016	2.84e+06	20448
	3017	2.84e+06	20448
	3018	2.84e+06	20448
	3019	2.84001e+06	20448
	3020	2.84001e+06	20448
	3021	2.84001e+06	20448
	3022	2.84001e+06	20448
	3023	2.84001e+06	20448
	3024	2.84001e+06	20448
	3025	2.84001e+06	20448
	3026	2.84001e+06	20448
	3027	2.84001e+06	20448
	3028	2.84001e+06	20448
	3029	2.84001e+06	20448
	3030	2.84001e+06	20448
	3031	2.84001e+06	20448
	3032	2.84001e+06	20448
	3033	2.84001e+06	20448
	3034	2.84001e+06	20448
	3035	2.84001e+06	20448
	3036	2.84001e+06	20448
	3037	2.84001e+06	20448
	3038	2.84001e+06	20448
	3039	2.84001e+06	20448
	3040	2.84001e+06	20448
	3041	2.84001e+06	20448
	3042	2.84001e+06	20448
	3043	2.84001e+06	20448
	3044	2.84001e+06	20448
	3045	2.84001e+06	20448
	3046	2.84001e+06	20448
	3047	2.84001e+06	20448
	3048	2.84001e+06	20448
	3049	2.84001e+06	20448
	3050	2.84001e+06	20448
	3051	2.84001e+06	20448
	3052	2.84001e+06	20448
	3053	2.84001e+06	20448
	3054	2.84001e+06	20448
	3055	2.84001e+06	20448
	3056	2.84001e+06	20448
	3057	2.84001e+06	20448
	3058	2.84001e+06	20448
	3059	2.84001e+06	20448
	3060	2.84001e+06	20448
	3061	2.84001e+06	20448
	3062	2.84001e+06	20448
	3063	2.84001e+06	20448
	3064	2.84001e+06	20448
	3065	2.84001e+06	20448
	3066	2.84001e+06	20448
	3067	2.84001e+06	20448
	3068	2.84001e+06	20448
	3069	2.84001e+06	20448
	3070	2.84001e+06	20448
	3071	2.84001e+06	20448
	3072	2.84001e+06	20448
	3073	2.84001e+06	20448
	3074	2.84001e+06	20448
	3075	2.84001e+06	20448
	3076	2.84001e+06	20448
	3077	2.84001e+06	20448
	3078	2.84001e+06	20448
	3079	2.84001e+06	20448
	3080	2.84001e+06	20448
	3081	2.84001e+06	20448
	3082	2.84001e+06	20448
	3083	2.84001e+06	20448
	3084	2.84001e+06	20448
	3085	2.84001e+06	20448
	3086	2.84001e+06	20448
	3087	2.84001e+06	20448
	3088	2.84001e+06	20448
	3089	2.84001e+06	20448
	3090	2.84001e+06	20448
	3091	2.84001e+06	20448
	3092	2.84001e+06	20448
	3093	2.84001e+06	20448
	3094	2.84001e+06	20448
	3095	2.84001e+06	20448
	3096	2.84001e+06	20448
	3097	2.84001e+06	20448
	3098	2.84001e+06	20448
	3099	2.84001e+06	20448
	3100	2.84001e+06	20448
	3101	2.84001e+06	20448
	3102	2.84001e+06	20448
	3103	2.84001e+06	20448
	3104	2.84001e+06	20448
	3105	2.84001e+06	20448
	3106	2.84001e+06	20448
	3107	2.84001e+06	20448
	3108	2.84001e+06	20448
	3109	2.84e+06	20448
	3110	2.84e+06	20448
	3111	2.84e+06	20448
	3112	2.84e+06	20448
	3113	2.84e+06	20448
	3114	2.84e+06	20448
	3115	2.84e+06	20448
	3116	2.84e+06	20448
	3117	2.84e+06	20448
	3118	2.84e+06	20448
	3119	2.84e+06	20448
	3120	2.84e+06	20448
	3121	2.84e+06	20448
	3122	2.84e+06	20448
	3123	2.84e+06	20448
	3124	2.84e+06	20448
	3125	2.84e+06	20448
	3126	2.84e+06	20448
	3127	2.84e+06	20448
	3128	2.84e+06	20448
	3129	2.84e+06	20448
	3130	2.84e+06	20448
	3131	2.84e+06	20448
	3132	2.84e+06	20448
	3133	2.84e+06	20448
	3134	2.84e+06	20448
	3135	2.84e+06	20448
	3136	2.84e+06	20448
	3137	2.84e+06	20448
	3138	2.84e+06	20448
	3139	2.84e+06	20448
	3140	2.84e+06	20448
	3141	2.84e+06	20448
	3142	2.84e+06	20448
	3143	2.84e+06	20448
	3144	2.84e+06	20448
	3145	2.84e+06	20448
	3146	2.84e+06	20448
	3147	2.84e+06	20448
	3148	2.84e+06	20448
	3149	2.84e+06	20448
	3150	2.84e+06	20448
	3151	2.84e+06	20448
	3152	2.84e+06	20448
	3153	2.84e+06	20448
	3154	2.84e+06	20448
	3155	2.84e+06	20448
	3156	2.84e+06	20448
	3157	2.84e+06	20448
	3158	2.84e+06	20448
	3159	2.84e+06	20448
	3160	2.84e+06	20448
	3161	2.84e+06	20448
	3162	2.84e+06	20448
	3163	2.84e+06	20448
	3164	2.84e+06	20448
	3165	2.84e+06	20448
	3166	2.84e+06	20448
	3167	2.84e+06	20448
	3168	2.84e+06	20448
	3169	2.84e+06	20448
	3170	2.84e+06	20448
	3171	2.84e+06	20448
	3172	2.84e+06	20448
	3173	2.84e+06	20448
	3174	2.84e+06	20448
	3175	2.84e+06	20448
	3176	2.84e+06	20448
	3177	2.84e+06	20448
	3178	2.84e+06	20448
	3179	2.84e+06	20448
	3180	2.84e+06	20448
	3181	2.84e+06	20448
	3182	2.84e+06	20448
	3183	2.84e+06	20448
	3184	2.84e+06	20448
	3185	2.84e+06	20448
	3186	2.84e+06	20448
	3187	2.84e+06	20448
	3188	2.84e+06	20448
	3189	2.84e+06	20448
	3190	2.84e+06	20448
	3191	2.84e+06	20448
	3192	2.84e+06	20448
	3193	2.84e+06	20448
	3194	2.84e+06	20448
	3195	2.84e+06	20448
	3196	2.84e+06	20448
	3197	2.84e+06	20448
	3198	2.84e+06	20448
	3199	2.84e+06	20448
	3200	2.84e+06	20448
	3201	2.84e+06	20448
	3202	2.84e+06	20448
	3203	2.84e+06	20448
	3204	2.84e+06	20448
	3205	2.84e+06	20448
	3206	2.84e+06	20448
	3207	2.84e+06	20448
	3208	2.84e+06	20448
	3209	2.84e+06	20448
	3210	2.84e+06	20448
	3211	2.84e+06	20448
	3212	2.84e+06	20448
	3213	2.84e+06	20448
	3214	2.84e+06	20448
	3215	2.84e+06	20448
	3216	2.84e+06	20448
	3217	2.84e+06	20448
	3218	2.84e+06	20448
	3219	2.84e+06	20448
	3220	2.84e+06	20448
	3221	2.84e+06	20448
	3222	2.84e+06	20448
	3223	2.84e+06	20448
	3224	2.84e+06	20448
	3225	2.84e+06	20448
	3226	2.84e+06	20448
	3227	2.84e+06	20448
	3228	2.84e+06	20448
	3229	2.84e+06	20448
	3230	2.84e+06	20448
	3231	2.84e+06	20448
	3232	2.84e+06	20448
	3233	2.84e+06	20448
	3234	2.84e+06	20448
	3235	2.84e+06	20448
	3236	2.84e+06	20448
	3237	2.84e+06	20448
	3238	2.84e+06	20448
	3239	2.84e+06	20448
	3240	2.84e+06	20448
	3241	2.84e+06	20448
	3242	2.84e+06	20448
	3243	2.84e+06	20448
	3244	2.84e+06	20448
	3245	2.84e+06	20448
	3246	2.84e+06	20448
	3247	2.84e+06	20448
	3248	2.84e+06	20448
	3249	2.84e+06	20448
	3250	2.84e+06	20448
	3251	2.84e+06	20448
	3252	2.84e+06	20448
	3253	2.84e+06	20448
	3254	2.84e+06	20448
	3255	2.84e+06	20448
	3256	2.84e+06	20448
	3257	2.84e+06	20448
	3258	2.84e+06	20448
	3259	2.84e+06	20448
	3260	2.84e+06	20448
	3261	2.84e+06	20448
	3262	2.84e+06	20448
	3263	2.84e+06	20448
	3264	2.84e+06	20448
	3265	2.84e+06	20448
	3266	2.84e+06	20448
	3267	2.84e+06	20448
	3268	2.84e+06	20448
	3269	2.84e+06	20448
	3270	2.84e+06	20448
	3271	2.84e+06	20448
	3272	2.84e+06	20448
	3273	2.84e+06	20448
	3274	2.84e+06	20448
	3275	2.84e+06	20448
	3276	2.84e+06	20448
	3277	2.84e+06	20448
	3278	2.84e+06	20448
	3279	2.84e+06	20448
	3280	2.84e+06	20448
	3281	2.84e+06	20448
	3282	2.84e+06	20448
	3283	2.84e+06	20448
	3284	2.84e+06	20448
	3285	2.84e+06	20448
	3286	2.84e+06	20448
	3287	2.84e+06	20448
	3288	2.84e+06	20448
	3289	2.84e+06	20448
	3290	2.84e+06	20448
	3291	2.84e+06	20448
	3292	2.84e+06	20448
	3293	2.84e+06	20448
	3294	2.84e+06	20448
	3295	2.84e+06	20448
	3296	2.84e+06	20448
	3297	2.84e+06	20448
	3298	2.84e+06	20448
	3299	2.84e+06	20448
	3300	2.84e+06	20448
	3301	2.84e+06	20448
	3302	2.84e+06	20448
	3303	2.84e+06	20448
	3304	2.84e+06	20448
	3305	2.84e+06	20448
	3306	2.84e+06	20448
	3307	2.84e+06	20448
	3308	2.84e+06	20448
	3309	2.84e+06	20448
	3310	2.84e+06	20448
	3311	2.84e+06	20448
	3312	2.84e+06	20448
	3313	2.84e+06	20448
	3314	2.84e+06	20448
	3315	2.84e+06	20448
	3316	2.84e+06	20448
	3317	2.84e+06	20448
	3318	2.84e+06	20448
	3319	2.84e+06	20448
	3320	2.84e+06	20448
	3321	2.84e+06	20448
	3322	2.84e+06	20448
	3323	2.84e+06	20448
	3324	2.84e+06	20448
	3325	2.84e+06	20448
	3326	2.84e+06	20448
	3327	2.84e+06	20448
	3328	2.84e+06	20448
	3329	2.84e+06	20448
	3330	2.84e+06	20448
	3331	2.84e+06	20448
	3332	2.84e+06	20448
	3333	2.84e+06	20448
	3334	2.84e+06	20448
	3335	2.84e+06	20448
	3336	2.84e+06	20448
	3337	2.84e+06	20448
	3338	2.84e+06	20448
	3339	2.84e+06	20448
	3340	2.84e+06	20448
	3341	2.84e+06	20448
	3342	2.84e+06	20448
	3343	2.84e+06	20448
	3344	2.84e+06	20448
	3345	2.84e+06	20448
	3346	2.84e+06	20448
	3347	2.84e+06	20448
	3348	2.84e+06	20448
	3349	2.84e+06	20448
	3350	2.84e+06	20448
	3351	2.84e+06	20448
	3352	2.84e+06	20448
	3353	2.84e+06	20448
	3354	2.84e+06	20448
	3355	2.84e+06	20448
	3356	2.84e+06	20448
	3357	2.84e+06	20448
	3358	2.84e+06	20448
	3359	2.84e+06	20448
	3360	2.84e+06	20448
	3361	2.84e+06	20448
	3362	2.84e+06	20448
	3363	2.84e+06	20448
	3364	2.84e+06	20448
	3365	2.84e+06	20448
	3366	2.84e+06	20448
	3367	2.84e+06	20448
	3368	2.84e+06	20448
	3369	2.84e+06	20448
	3370	2.84e+06	20448
	3371	2.84e+06	20448
	3372	2.84e+06	20448
	3373	2.84e+06	20448
	3374	2.84e+06	20448
	3375	2.84e+06	20448
	3376	2.84e+06	20448
	3377	2.84e+06	20448
	3378	2.84e+06	20448
	3379	2.84e+06	20448
	3380	2.84e+06	20448
	3381	2.84e+06	20448
	3382	2.84e+06	20448
	3383	2.84e+06	20448
	3384	2.84e+06	20448
	3385	2.84e+06	20448
	3386	2.84e+06	20448
	3387	2.84e+06	20448
	3388	2.84e+06	20448
	3389	2.84e+06	20448
	3390	2.84e+06	20448
	3391	2.84e+06	20448
	3392	2.84e+06	20448
	3393	2.84e+06	20448
	3394	2.84e+06	20448
	3395	2.84e+06	20448
	3396	2.84e+06	20448
	3397	2.84e+06	20448
	3398	2.84e+06	20448
	3399	2.84e+06	20448
	3400	2.84e+06	20448
	3401	2.84e+06	20448
	3402	2.84e+06	20448
	3403	2.84e+06	20448
	3404	2.84e+06	20448
	3405	2.84e+06	20448
	3406	2.84e+06	20448
	3407	2.84e+06	20448
	3408	2.84e+06	20448
	3409	2.84e+06	20448
	3410	2.84e+06	20448
	3411	2.84e+06	20448
	3412	2.84e+06	20448
	3413	2.84e+06	20448
	3414	2.84e+06	20448
	3415	2.84e+06	20448
	3416	2.84e+06	20448
	3417	2.84e+06	20448
	3418	2.84e+06	20448
	3419	2.84e+06	20448
	3420	2.84e+06	20448
	3421	2.84e+06	20448
	3422	2.84e+06	20448
	3423	2.84e+06	20448
	3424	2.84e+06	20448
	3425	2.84e+06	20448
	3426	2.84e+06	20448
	3427	2.84e+06	20448
	3428	2.84e+06	20448
	3429	2.84e+06	20448
	3430	2.84e+06	20448
	3431	2.84e+06	20448
	3432	2.84e+06	20448
	3433	2.84e+06	20448
	3434	2.84e+06	20448
	3435	2.84e+06	20448
	3436	2.84e+06	20448
	3437	2.84e+06	20448
	3438	2.84e+06	20448
	3439	2.84e+06	20448
	3440	2.84e+06	20448
	3441	2.84e+06	20448
	3442	2.84e+06	20448
	3443	2.84e+06	20448
	3444	2.84e+06	20448
	3445	2.84e+06	20448
	3446	2.84e+06	20448
	3447	2.84e+06	20448
	3448	2.84e+06	20448
	3449	2.84e+06	20448
	3450	2.84e+06	20448
	3451	2.84e+06	20448
	3452	2.84e+06	20448
	3453	2.84e+06	20448
	3454	2.84e+06	20448
	3455	2.84e+06	20448
	3456	2.84e+06	20448
	3457	2.84e+06	20448
	3458	2.84e+06	20448
	3459	2.84e+06	20448
	3460	2.84e+06	20448
	3461	2.84e+06	20448
	3462	2.84e+06	20448
	3463	2.84e+06	20448
	3464	2.84e+06	20448
	3465	2.84e+06	20448
	3466	2.84e+06	20448
	3467	2.84e+06	20448
	3468	2.84e+06	20448
	3469	2.84e+06	20448
	3470	2.84e+06	20448
	3471	2.84e+06	20448
	3472	2.84e+06	20448
	3473	2.84e+06	20448
	3474	2.84e+06	20448
	3475	2.84e+06	20448
	3476	2.84e+06	20448
	3477	2.84e+06	20448
	3478	2.84e+06	20448
	3479	2.84e+06	20448
	3480	2.84e+06	20448
	3481	2.84e+06	20448
	3482	2.84e+06	20448
	3483	2.84e+06	20448
	3484	2.84e+06	20448
	3485	2.84e+06	20448
	3486	2.84e+06	20448
	3487	2.84e+06	20448
	3488	2.84e+06	20448
	3489	2.84e+06	20448
	3490	2.84e+06	20448
	3491	2.84e+06	20448
	3492	2.84e+06	20448
	3493	2.84e+06	20448
	3494	2.84e+06	20448
	3495	2.84e+06	20448
	3496	2.84e+06	20448
	3497	2.84e+06	20448
	3498	2.84e+06	20448
	3499	2.84e+06	20448
	3500	2.84e+06	20448
	3501	2.84e+06	20448
	3502	2.84e+06	20448
	3503	2.84e+06	20448
	3504	2.84e+06	20448
	3505	2.84e+06	20448
	3506	2.84e+06	20448
	3507	2.84e+06	20448
	3508	2.84e+06	20448
	3509	2.84e+06	20448
	3510	2.84e+06	20448
	3511	2.84e+06	20448
	3512	2.84e+06	20448
	3513	2.84e+06	20448
	3514	2.84e+06	20448
	3515	2.84e+06	20448
	3516	2.84e+06	20448
	3517	2.84e+06	20448
	3518	2.84e+06	20448
	3519	2.84e+06	20448
	3520	2.84e+06	20448
	3521	2.84e+06	20448
	3522	2.84e+06	20448
	3523	2.84e+06	20448
	3524	2.84e+06	20448
	3525	2.84e+06	20448
	3526	2.84e+06	20448
	3527	2.84e+06	20448
	3528	2.84e+06	20448
	3529	2.84e+06	20448
	3530	2.84e+06	20448
	3531	2.84e+06	20448
	3532	2.84e+06	20448
	3533	2.84e+06	20448
	3534	2.84e+06	20448
	3535	2.84e+06	20448
	3536	2.84e+06	20448
	3537	2.84e+06	20448
	3538	2.84e+06	20448
	3539	2.84e+06	20448
	3540	2.84e+06	20448
	3541	2.84e+06	20448
	3542	2.84e+06	20448
	3543	2.84e+06	20448
	3544	2.84e+06	20448
	3545	2.84e+06	20448
	3546	2.84e+06	20448
	3547	2.84e+06	20448
	3548	2.84e+06	20448
	3549	2.84e+06	20448
	3550	2.84e+06	20448
	3551	2.84e+06	20448
	3552	2.84e+06	20448
	3553	2.84e+06	20448
	3554	2.84e+06	20448
	3555	2.84e+06	20448
	3556	2.84e+06	20448
	3557	2.84e+06	20448
	3558	2.84e+06	20448
	3559	2.84e+06	20448
	3560	2.84e+06	20448
	3561	2.84e+06	20448
	3562	2.84e+06	20448
	3563	2.84e+06	20448
	3564	2.84e+06	20448
	3565	2.84e+06	20448
	3566	2.84e+06	20448
	3567	2.84e+06	20448
	3568	2.84e+06	20448
	3569	2.84e+06	20448
	3570	2.84e+06	20448
	3571	2.84e+06	20448
	3572	2.84e+06	20448
	3573	2.84e+06	20448
	3574	2.84e+06	20448
	3575	2.84e+06	20448
	3576	2.84e+06	20448
	3577	2.84e+06	20448
	3578	2.84e+06	20448
	3579	2.84e+06	20448
	3580	2.84e+06	20448
	3581	2.84e+06	20448
	3582	2.84e+06	20448
	3583	2.84e+06	20448
	3584	2.84e+06	20448
	3585	2.84e+06	20448
	3586	2.84e+06	20448
	3587	2.84e+06	20448
	3588	2.84e+06	20448
	3589	2.84e+06	20448
	3590	2.84e+06	20448
	3591	2.84e+06	20448
	3592	2.84e+06	20448
	3593	2.84e+06	20448
	3594	2.84e+06	20448
	3595	2.84e+06	20448
	3596	2.84e+06	20448
	3597	2.84e+06	20448
	3598	2.84e+06	20448
	3599	2.84e+06	20448
	3600	2.84e+06	20448
	3601	2.84e+06	20448
	3602	2.84e+06	20448
	3603	2.84e+06	20448
	3604	2.84e+06	20448
	3605	2.84e+06	20448
	3606	2.84e+06	20448
	3607	2.84e+06	20448
	3608	2.84e+06	20448
	3609	2.84e+06	20448
	3610	2.84e+06	20448
	3611	2.84e+06	20448
	3612	2.84e+06	20448
	3613	2.84e+06	20448
	3614	2.84e+06	20448
	3615	2.84e+06	20448
	3616	2.84e+06	20448
	3617	2.84e+06	20448
	3618	2.84e+06	20448
	3619	2.84e+06	20448
	3620	2.84e+06	20448
	3621	2.84e+06	20448
	3622	2.84e+06	20448
	3623	2.84e+06	20448
	3624	2.84e+06	20448
	3625	2.84e+06	20448
	3626	2.84e+06	20448
	3627	2.84e+06	20448
	3628	2.84e+06	20448
	3629	2.84e+06	20448
	3630	2.84e+06	20448
	3631	2.84e+06	20448
	3632	2.84e+06	20448
	3633	2.84e+06	20448
	3634	2.84e+06	20448
	3635	2.84e+06	20448
	3636	2.84e+06	20448
	3637	2.84e+06	20448
	3638	2.84e+06	20448
	3639	2.84e+06	20448
	3640	2.84e+06	20448
	3641	2.84e+06	20448
	3642	2.84e+06	20448
	3643	2.84e+06	20448
	3644	2.84e+06	20448
	3645	2.84e+06	20448
	3646	2.84e+06	20448
	3647	2.84e+06	20448
	3648	2.84e+06	20448
	3649	2.84e+06	20448
	3650	2.84e+06	20448
