	0	5e+06	1125
	1	4.9956e+06	1149.46
	2	4.99318e+06	704.853
	3	4.99087e+06	720.35
	4	4.98863e+06	736.172
	5	4.98649e+06	752.327
	6	4.98441e+06	768.822
	7	4.9824e+06	785.663
	8	4.98046e+06	802.858
	9	4.97858e+06	820.413
	10	4.97674e+06	838.336
	11	4.97495e+06	856.634
	12	4.97321e+06	875.314
	13	4.9715e+06	894.385
	14	4.96983e+06	913.853
	15	4.96819e+06	933.727
	16	4.96657e+06	954.014
	17	4.96498e+06	974.723
	18	4.96341e+06	995.861
	19	4.96186e+06	1017.44
	20	4.96032e+06	1039.46
	21	4.95879e+06	1061.94
	22	4.95727e+06	1084.88
	23	4.95576e+06	1108.29
	24	4.95425e+06	1132.19
	25	4.95274e+06	1156.57
	26	4.95124e+06	1181.46
	27	4.94973e+06	1206.85
	28	4.94822e+06	1232.76
	29	4.9467e+06	1259.2
	30	4.94518e+06	1286.17
	31	4.94364e+06	1313.7
	32	4.94209e+06	1341.77
	33	4.94054e+06	1370.42
	34	4.93897e+06	1399.64
	35	4.93738e+06	1429.45
	36	4.93577e+06	1459.86
	37	4.93415e+06	1490.87
	38	4.93251e+06	1522.51
	39	4.93085e+06	1554.77
	40	4.92916e+06	1587.67
	41	4.92746e+06	1621.22
	42	4.92573e+06	1655.44
	43	4.92397e+06	1690.33
	44	4.92219e+06	1725.9
	45	4.92038e+06	1762.17
	46	4.91854e+06	1799.14
	47	4.91667e+06	1836.83
	48	4.91477e+06	1875.25
	49	4.91284e+06	1914.42
	50	4.91087e+06	1954.34
	51	4.90887e+06	1995.02
	52	4.90684e+06	2036.48
	53	4.90477e+06	2078.73
	54	4.90266e+06	2121.77
	55	4.90052e+06	2165.64
	56	4.89834e+06	2210.32
	57	4.89612e+06	2255.85
	58	4.89386e+06	2302.22
	59	4.89155e+06	2349.46
	60	4.88921e+06	2397.57
	61	4.88682e+06	2446.56
	62	4.88438e+06	2496.46
	63	4.8819e+06	2547.26
	64	4.87938e+06	2598.99
	65	4.87681e+06	2651.65
	66	4.87419e+06	2705.26
	67	4.87152e+06	2759.83
	68	4.8688e+06	2815.37
	69	4.86603e+06	2871.89
	70	4.86321e+06	2929.41
	71	4.86033e+06	2987.93
	72	4.85741e+06	3047.48
	73	4.85442e+06	3108.05
	74	4.85139e+06	3169.67
	75	4.84829e+06	3232.34
	76	4.84514e+06	3296.07
	77	4.84193e+06	3360.88
	78	4.83866e+06	3426.78
	79	4.83533e+06	3493.78
	80	4.83194e+06	3561.88
	81	4.82849e+06	3631.1
	82	4.82498e+06	3701.45
	83	4.8214e+06	3772.94
	84	4.81776e+06	3845.58
	85	4.81405e+06	3919.37
	86	4.81027e+06	3994.33
	87	4.80643e+06	4070.47
	88	4.80252e+06	4147.79
	89	4.79854e+06	4226.29
	90	4.79449e+06	4306
	91	4.79037e+06	4386.92
	92	4.78617e+06	4469.05
	93	4.7819e+06	4552.39
	94	4.77756e+06	4636.97
	95	4.77315e+06	4722.77
	96	4.76866e+06	4809.81
	97	4.76409e+06	4898.09
	98	4.75944e+06	4987.61
	99	4.75472e+06	5078.38
	100	4.74991e+06	5170.41
	101	4.74503e+06	5263.68
	102	4.74007e+06	5358.21
	103	4.73502e+06	5454
	104	4.72989e+06	5551.04
	105	4.72468e+06	5649.34
	106	4.71939e+06	5748.9
	107	4.71401e+06	5849.71
	108	4.70854e+06	5951.77
	109	4.70299e+06	6055.08
	110	4.69735e+06	6159.63
	111	4.69162e+06	6265.42
	112	4.68581e+06	6372.45
	113	4.6799e+06	6480.71
	114	4.67391e+06	6590.19
	115	4.66782e+06	6700.88
	116	4.66165e+06	6812.78
	117	4.65538e+06	6925.88
	118	4.64902e+06	7040.16
	119	4.64257e+06	7155.62
	120	4.63603e+06	7272.24
	121	4.62939e+06	7390
	122	4.62266e+06	7508.91
	123	4.61583e+06	7628.93
	124	4.60891e+06	7750.06
	125	4.6019e+06	7872.28
	126	4.59479e+06	7995.57
	127	4.58758e+06	8119.91
	128	4.58028e+06	8245.28
	129	4.57289e+06	8371.67
	130	4.56539e+06	8499.04
	131	4.55781e+06	8627.38
	132	4.55012e+06	8756.67
	133	4.54234e+06	8886.88
	134	4.53446e+06	9017.98
	135	4.52649e+06	9149.95
	136	4.51842e+06	9282.76
	137	4.51025e+06	9416.39
	138	4.50199e+06	9550.8
	139	4.49363e+06	9685.96
	140	4.48518e+06	9821.85
	141	4.47663e+06	9958.43
	142	4.46799e+06	10095.7
	143	4.45926e+06	10233.5
	144	4.45043e+06	10372
	145	4.4415e+06	10511
	146	4.43249e+06	10650.6
	147	4.42338e+06	10790.6
	148	4.41418e+06	10931.1
	149	4.40489e+06	11072
	150	4.39551e+06	11213.3
	151	4.38604e+06	11354.9
	152	4.37648e+06	11496.8
	153	4.36683e+06	11638.9
	154	4.3571e+06	11781.3
	155	4.34728e+06	11923.8
	156	4.33738e+06	12066.5
	157	4.32739e+06	12209.3
	158	4.31732e+06	12352.1
	159	4.30717e+06	12494.9
	160	4.29694e+06	12637.7
	161	4.28663e+06	12780.4
	162	4.27624e+06	12923
	163	4.26578e+06	13065.5
	164	4.25524e+06	13207.7
	165	4.24463e+06	13349.6
	166	4.23394e+06	13491.3
	167	4.22319e+06	13632.7
	168	4.21236e+06	13773.6
	169	4.20147e+06	13914.2
	170	4.19052e+06	14054.2
	171	4.1795e+06	14193.8
	172	4.16842e+06	14332.8
	173	4.15727e+06	14471.2
	174	4.14607e+06	14609
	175	4.13481e+06	14746.1
	176	4.1235e+06	14882.5
	177	4.11213e+06	15018.2
	178	4.10072e+06	15153
	179	4.08925e+06	15287
	180	4.07774e+06	15420.2
	181	4.06618e+06	15552.4
	182	4.05457e+06	15683.7
	183	4.04293e+06	15814
	184	4.03124e+06	15943.2
	185	4.01952e+06	16071.4
	186	4.00777e+06	16198.6
	187	3.99598e+06	16324.5
	188	3.98416e+06	16449.4
	189	3.97231e+06	16573
	190	3.96044e+06	16695.5
	191	3.94854e+06	16816.6
	192	3.93662e+06	16936.6
	193	3.92468e+06	17055.2
	194	3.91272e+06	17172.4
	195	3.90075e+06	17288.3
	196	3.88876e+06	17402.9
	197	3.87676e+06	17516
	198	3.86475e+06	17627.7
	199	3.85274e+06	17737.9
	200	3.84072e+06	17846.7
	201	3.8287e+06	17954
	202	3.81668e+06	18059.8
	203	3.80466e+06	18164
	204	3.79264e+06	18266.7
	205	3.78063e+06	18367.9
	206	3.76863e+06	18467.5
	207	3.75664e+06	18565.5
	208	3.74466e+06	18661.9
	209	3.7327e+06	18756.7
	210	3.72076e+06	18849.9
	211	3.70883e+06	18941.4
	212	3.69693e+06	19031.4
	213	3.68504e+06	19119.7
	214	3.67319e+06	19206.4
	215	3.66136e+06	19291.4
	216	3.64956e+06	19374.8
	217	3.63779e+06	19456.5
	218	3.62605e+06	19536.5
	219	3.61435e+06	19615
	220	3.60268e+06	19691.7
	221	3.59106e+06	19766.8
	222	3.57947e+06	19840.3
	223	3.56793e+06	19912.1
	224	3.55643e+06	19982.3
	225	3.54498e+06	20050.9
	226	3.53357e+06	20117.8
	227	3.52221e+06	20183.1
	228	3.51091e+06	20246.8
	229	3.49966e+06	20308.9
	230	3.48846e+06	20369.4
	231	3.47731e+06	20428.3
	232	3.46623e+06	20485.6
	233	3.4552e+06	20541.4
	234	3.44423e+06	20595.6
	235	3.43333e+06	20648.2
	236	3.42248e+06	20699.4
	237	3.41171e+06	20749
	238	3.40099e+06	20797.1
	239	3.39035e+06	20843.7
	240	3.37977e+06	20888.9
	241	3.36927e+06	20932.6
	242	3.35883e+06	20974.9
	243	3.34846e+06	21015.7
	244	3.33817e+06	21055.1
	245	3.32796e+06	21093.2
	246	3.31781e+06	21129.8
	247	3.30775e+06	21165.1
	248	3.29776e+06	21199.1
	249	3.28785e+06	21231.7
	250	3.27802e+06	21263.1
	251	3.26827e+06	21293.1
	252	3.25861e+06	21321.9
	253	3.24902e+06	21349.5
	254	3.23952e+06	21375.8
	255	3.2301e+06	21400.9
	256	3.22076e+06	21424.8
	257	3.21151e+06	21447.6
	258	3.20235e+06	21469.2
	259	3.19327e+06	21489.7
	260	3.18428e+06	21509
	261	3.17538e+06	21527.3
	262	3.16657e+06	21544.5
	263	3.15784e+06	21560.7
	264	3.14921e+06	21575.8
	265	3.14066e+06	21590
	266	3.13221e+06	21603.1
	267	3.12385e+06	21615.3
	268	3.11557e+06	21626.5
	269	3.1074e+06	21636.8
	270	3.09931e+06	21646.2
	271	3.09132e+06	21654.7
	272	3.08341e+06	21662.3
	273	3.07561e+06	21669.1
	274	3.06789e+06	21675
	275	3.06027e+06	21680.2
	276	3.05275e+06	21684.5
	277	3.04532e+06	21688.1
	278	3.03798e+06	21690.9
	279	3.03074e+06	21693
	280	3.02359e+06	21694.3
	281	3.01654e+06	21695
	282	3.00958e+06	21695
	283	3.00272e+06	21694.3
	284	2.99596e+06	21693
	285	2.98929e+06	21691
	286	2.98271e+06	21688.5
	287	2.97623e+06	21685.3
	288	2.96985e+06	21681.6
	289	2.96356e+06	21677.4
	290	2.95736e+06	21672.5
	291	2.95127e+06	21667.2
	292	2.94526e+06	21661.4
	293	2.93936e+06	21655
	294	2.93354e+06	21648.2
	295	2.92782e+06	21641
	296	2.9222e+06	21633.3
	297	2.91667e+06	21625.1
	298	2.91124e+06	21616.6
	299	2.9059e+06	21607.6
	300	2.90065e+06	21598.3
	301	2.8955e+06	21588.6
	302	2.89044e+06	21578.5
	303	2.88547e+06	21568.2
	304	2.88059e+06	21557.4
	305	2.87581e+06	21546.4
	306	2.87112e+06	21535.1
	307	2.86653e+06	21523.5
	308	2.86202e+06	21511.6
	309	2.85761e+06	21499.4
	310	2.85328e+06	21487.1
	311	2.84905e+06	21474.4
	312	2.8449e+06	21461.6
	313	2.84085e+06	21448.5
	314	2.83688e+06	21435.2
	315	2.83301e+06	21421.8
	316	2.82922e+06	21408.2
	317	2.82552e+06	21394.4
	318	2.8219e+06	21380.4
	319	2.81838e+06	21366.3
	320	2.81494e+06	21352.1
	321	2.81158e+06	21337.7
	322	2.80831e+06	21323.3
	323	2.80513e+06	21308.7
	324	2.80203e+06	21294
	325	2.79901e+06	21279.3
	326	2.79608e+06	21264.4
	327	2.79322e+06	21249.5
	328	2.79045e+06	21234.6
	329	2.78776e+06	21219.6
	330	2.78516e+06	21204.5
	331	2.78263e+06	21189.4
	332	2.78018e+06	21174.3
	333	2.77781e+06	21159.2
	334	2.77551e+06	21144
	335	2.7733e+06	21128.9
	336	2.77116e+06	21113.8
	337	2.76909e+06	21098.6
	338	2.7671e+06	21083.5
	339	2.76519e+06	21068.4
	340	2.76335e+06	21053.4
	341	2.76158e+06	21038.3
	342	2.75988e+06	21023.4
	343	2.75826e+06	21008.4
	344	2.7567e+06	20993.6
	345	2.75522e+06	20978.8
	346	2.7538e+06	20964
	347	2.75245e+06	20949.3
	348	2.75117e+06	20934.7
	349	2.74996e+06	20920.2
	350	2.74881e+06	20905.8
	351	2.74773e+06	20891.5
	352	2.74671e+06	20877.2
	353	2.74575e+06	20863.1
	354	2.74486e+06	20849.1
	355	2.74403e+06	20835.1
	356	2.74326e+06	20821.3
	357	2.74255e+06	20807.6
	358	2.74189e+06	20794.1
	359	2.7413e+06	20780.6
	360	2.74076e+06	20767.3
	361	2.74028e+06	20754.1
	362	2.73986e+06	20741.1
	363	2.73949e+06	20728.2
	364	2.73917e+06	20715.4
	365	2.7389e+06	20702.8
	366	2.73869e+06	20690.3
	367	2.73853e+06	20677.9
	368	2.73842e+06	20665.7
	369	2.73835e+06	20653.7
	370	2.73834e+06	20641.8
	371	2.73837e+06	20630.1
	372	2.73845e+06	20618.6
	373	2.73857e+06	20607.2
	374	2.73874e+06	20595.9
	375	2.73895e+06	20584.9
	376	2.73921e+06	20574
	377	2.7395e+06	20563.2
	378	2.73984e+06	20552.7
	379	2.74021e+06	20542.3
	380	2.74063e+06	20532.1
	381	2.74108e+06	20522
	382	2.74157e+06	20512.1
	383	2.74209e+06	20502.4
	384	2.74265e+06	20492.9
	385	2.74324e+06	20483.6
	386	2.74387e+06	20474.4
	387	2.74453e+06	20465.4
	388	2.74522e+06	20456.6
	389	2.74594e+06	20448
	390	2.74669e+06	20439.5
	391	2.74747e+06	20431.2
	392	2.74827e+06	20423.1
	393	2.7491e+06	20415.2
	394	2.74996e+06	20407.5
	395	2.75084e+06	20399.9
	396	2.75175e+06	20392.5
	397	2.75268e+06	20385.3
	398	2.75363e+06	20378.3
	399	2.75461e+06	20371.4
	400	2.7556e+06	20364.7
	401	2.75661e+06	20358.2
	402	2.75764e+06	20351.9
	403	2.75869e+06	20345.7
	404	2.75976e+06	20339.7
	405	2.76084e+06	20333.9
	406	2.76194e+06	20328.3
	407	2.76305e+06	20322.8
	408	2.76418e+06	20317.5
	409	2.76532e+06	20312.4
	410	2.76647e+06	20307.5
	411	2.76763e+06	20302.7
	412	2.7688e+06	20298
	413	2.76999e+06	20293.6
	414	2.77118e+06	20289.3
	415	2.77238e+06	20285.1
	416	2.77359e+06	20281.2
	417	2.7748e+06	20277.3
	418	2.77602e+06	20273.7
	419	2.77724e+06	20270.2
	420	2.77847e+06	20266.8
	421	2.77971e+06	20263.6
	422	2.78095e+06	20260.6
	423	2.78219e+06	20257.7
	424	2.78343e+06	20254.9
	425	2.78467e+06	20252.3
	426	2.78591e+06	20249.9
	427	2.78716e+06	20247.5
	428	2.7884e+06	20245.4
	429	2.78964e+06	20243.3
	430	2.79088e+06	20241.4
	431	2.79212e+06	20239.6
	432	2.79336e+06	20238
	433	2.79459e+06	20236.5
	434	2.79582e+06	20235.1
	435	2.79704e+06	20233.9
	436	2.79826e+06	20232.7
	437	2.79948e+06	20231.7
	438	2.80068e+06	20230.9
	439	2.80188e+06	20230.1
	440	2.80308e+06	20229.4
	441	2.80427e+06	20228.9
	442	2.80544e+06	20228.5
	443	2.80662e+06	20228.2
	444	2.80778e+06	20228
	445	2.80893e+06	20227.9
	446	2.81008e+06	20227.9
	447	2.81121e+06	20228
	448	2.81234e+06	20228.2
	449	2.81345e+06	20228.5
	450	2.81456e+06	20228.9
	451	2.81565e+06	20229.4
	452	2.81673e+06	20230
	453	2.8178e+06	20230.7
	454	2.81886e+06	20231.4
	455	2.8199e+06	20232.3
	456	2.82094e+06	20233.2
	457	2.82196e+06	20234.2
	458	2.82297e+06	20235.3
	459	2.82396e+06	20236.5
	460	2.82494e+06	20237.7
	461	2.82591e+06	20239
	462	2.82687e+06	20240.4
	463	2.82781e+06	20241.8
	464	2.82873e+06	20243.3
	465	2.82964e+06	20244.9
	466	2.83054e+06	20246.6
	467	2.83142e+06	20248.2
	468	2.83229e+06	20250
	469	2.83315e+06	20251.8
	470	2.83399e+06	20253.7
	471	2.83481e+06	20255.6
	472	2.83562e+06	20257.5
	473	2.83641e+06	20259.6
	474	2.83719e+06	20261.6
	475	2.83795e+06	20263.7
	476	2.8387e+06	20265.9
	477	2.83943e+06	20268
	478	2.84015e+06	20270.3
	479	2.84085e+06	20272.5
	480	2.84154e+06	20274.8
	481	2.84221e+06	20277.1
	482	2.84287e+06	20279.5
	483	2.84351e+06	20281.9
	484	2.84413e+06	20284.3
	485	2.84474e+06	20286.7
	486	2.84534e+06	20289.2
	487	2.84592e+06	20291.6
	488	2.84648e+06	20294.1
	489	2.84703e+06	20296.7
	490	2.84756e+06	20299.2
	491	2.84808e+06	20301.8
	492	2.84858e+06	20304.3
	493	2.84907e+06	20306.9
	494	2.84955e+06	20309.5
	495	2.85e+06	20312.1
	496	2.85045e+06	20314.7
	497	2.85088e+06	20317.3
	498	2.85129e+06	20320
	499	2.85169e+06	20322.6
	500	2.85208e+06	20325.2
	501	2.85245e+06	20327.8
	502	2.85281e+06	20330.5
	503	2.85316e+06	20333.1
	504	2.85349e+06	20335.7
	505	2.85381e+06	20338.4
	506	2.85411e+06	20341
	507	2.8544e+06	20343.6
	508	2.85468e+06	20346.2
	509	2.85494e+06	20348.8
	510	2.8552e+06	20351.4
	511	2.85543e+06	20354
	512	2.85566e+06	20356.6
	513	2.85588e+06	20359.1
	514	2.85608e+06	20361.7
	515	2.85627e+06	20364.2
	516	2.85645e+06	20366.7
	517	2.85661e+06	20369.2
	518	2.85677e+06	20371.7
	519	2.85691e+06	20374.2
	520	2.85704e+06	20376.6
	521	2.85717e+06	20379.1
	522	2.85728e+06	20381.5
	523	2.85738e+06	20383.9
	524	2.85747e+06	20386.2
	525	2.85755e+06	20388.6
	526	2.85762e+06	20390.9
	527	2.85768e+06	20393.2
	528	2.85773e+06	20395.5
	529	2.85777e+06	20397.8
	530	2.8578e+06	20400
	531	2.85782e+06	20402.2
	532	2.85783e+06	20404.4
	533	2.85784e+06	20406.5
	534	2.85783e+06	20408.6
	535	2.85782e+06	20410.7
	536	2.8578e+06	20412.8
	537	2.85777e+06	20414.9
	538	2.85773e+06	20416.9
	539	2.85769e+06	20418.9
	540	2.85764e+06	20420.8
	541	2.85758e+06	20422.8
	542	2.85751e+06	20424.7
	543	2.85744e+06	20426.5
	544	2.85736e+06	20428.4
	545	2.85727e+06	20430.2
	546	2.85718e+06	20431.9
	547	2.85708e+06	20433.7
	548	2.85698e+06	20435.4
	549	2.85687e+06	20437.1
	550	2.85675e+06	20438.8
	551	2.85663e+06	20440.4
	552	2.85651e+06	20442
	553	2.85637e+06	20443.5
	554	2.85624e+06	20445.1
	555	2.8561e+06	20446.5
	556	2.85595e+06	20448
	557	2.8558e+06	20449.4
	558	2.85565e+06	20450.9
	559	2.85549e+06	20452.2
	560	2.85532e+06	20453.6
	561	2.85516e+06	20454.9
	562	2.85499e+06	20456.1
	563	2.85482e+06	20457.4
	564	2.85464e+06	20458.6
	565	2.85446e+06	20459.8
	566	2.85428e+06	20460.9
	567	2.85409e+06	20462.1
	568	2.8539e+06	20463.1
	569	2.85371e+06	20464.2
	570	2.85352e+06	20465.2
	571	2.85333e+06	20466.2
	572	2.85313e+06	20467.2
	573	2.85293e+06	20468.1
	574	2.85273e+06	20469
	575	2.85253e+06	20469.9
	576	2.85232e+06	20470.8
	577	2.85212e+06	20471.6
	578	2.85191e+06	20472.4
	579	2.8517e+06	20473.1
	580	2.85149e+06	20473.9
	581	2.85128e+06	20474.6
	582	2.85107e+06	20475.2
	583	2.85086e+06	20475.9
	584	2.85065e+06	20476.5
	585	2.85044e+06	20477.1
	586	2.85023e+06	20477.7
	587	2.85001e+06	20478.2
	588	2.8498e+06	20478.7
	589	2.84959e+06	20479.2
	590	2.84937e+06	20479.7
	591	2.84916e+06	20480.1
	592	2.84895e+06	20480.6
	593	2.84874e+06	20480.9
	594	2.84852e+06	20481.3
	595	2.84831e+06	20481.7
	596	2.8481e+06	20482
	597	2.84789e+06	20482.3
	598	2.84768e+06	20482.5
	599	2.84748e+06	20482.8
	600	2.84727e+06	20483
	601	2.84706e+06	20483.2
	602	2.84686e+06	20483.4
	603	2.84665e+06	20483.6
	604	2.84645e+06	20483.7
	605	2.84625e+06	20483.9
	606	2.84605e+06	20484
	607	2.84585e+06	20484
	608	2.84565e+06	20484.1
	609	2.84546e+06	20484.2
	610	2.84527e+06	20484.2
	611	2.84507e+06	20484.2
	612	2.84488e+06	20484.2
	613	2.84469e+06	20484.2
	614	2.84451e+06	20484.1
	615	2.84432e+06	20484.1
	616	2.84414e+06	20484
	617	2.84396e+06	20483.9
	618	2.84378e+06	20483.8
	619	2.8436e+06	20483.7
	620	2.84343e+06	20483.6
	621	2.84326e+06	20483.4
	622	2.84309e+06	20483.3
	623	2.84292e+06	20483.1
	624	2.84275e+06	20482.9
	625	2.84259e+06	20482.7
	626	2.84243e+06	20482.5
	627	2.84227e+06	20482.3
	628	2.84211e+06	20482.1
	629	2.84196e+06	20481.8
	630	2.84181e+06	20481.6
	631	2.84166e+06	20481.3
	632	2.84151e+06	20481
	633	2.84137e+06	20480.7
	634	2.84122e+06	20480.4
	635	2.84108e+06	20480.1
	636	2.84095e+06	20479.8
	637	2.84081e+06	20479.5
	638	2.84068e+06	20479.2
	639	2.84055e+06	20478.8
	640	2.84042e+06	20478.5
	641	2.8403e+06	20478.2
	642	2.84018e+06	20477.8
	643	2.84006e+06	20477.4
	644	2.83994e+06	20477.1
	645	2.83983e+06	20476.7
	646	2.83971e+06	20476.3
	647	2.8396e+06	20475.9
	648	2.8395e+06	20475.5
	649	2.83939e+06	20475.1
	650	2.83929e+06	20474.7
	651	2.83919e+06	20474.3
	652	2.8391e+06	20473.9
	653	2.839e+06	20473.5
	654	2.83891e+06	20473.1
	655	2.83882e+06	20472.7
	656	2.83873e+06	20472.3
	657	2.83865e+06	20471.8
	658	2.83857e+06	20471.4
	659	2.83849e+06	20471
	660	2.83841e+06	20470.6
	661	2.83834e+06	20470.1
	662	2.83826e+06	20469.7
	663	2.8382e+06	20469.3
	664	2.83813e+06	20468.8
	665	2.83806e+06	20468.4
	666	2.838e+06	20468
	667	2.83794e+06	20467.5
	668	2.83788e+06	20467.1
	669	2.83782e+06	20466.7
	670	2.83777e+06	20466.2
	671	2.83772e+06	20465.8
	672	2.83767e+06	20465.4
	673	2.83762e+06	20464.9
	674	2.83758e+06	20464.5
	675	2.83753e+06	20464.1
	676	2.83749e+06	20463.6
	677	2.83745e+06	20463.2
	678	2.83742e+06	20462.8
	679	2.83738e+06	20462.4
	680	2.83735e+06	20462
	681	2.83732e+06	20461.5
	682	2.83729e+06	20461.1
	683	2.83726e+06	20460.7
	684	2.83724e+06	20460.3
	685	2.83721e+06	20459.9
	686	2.83719e+06	20459.5
	687	2.83717e+06	20459.1
	688	2.83716e+06	20458.7
	689	2.83714e+06	20458.3
	690	2.83712e+06	20457.9
	691	2.83711e+06	20457.5
	692	2.8371e+06	20457.2
	693	2.83709e+06	20456.8
	694	2.83708e+06	20456.4
	695	2.83708e+06	20456
	696	2.83707e+06	20455.7
	697	2.83707e+06	20455.3
	698	2.83707e+06	20455
	699	2.83707e+06	20454.6
	700	2.83707e+06	20454.3
	701	2.83707e+06	20453.9
	702	2.83707e+06	20453.6
	703	2.83708e+06	20453.2
	704	2.83708e+06	20452.9
	705	2.83709e+06	20452.6
	706	2.8371e+06	20452.3
	707	2.83711e+06	20451.9
	708	2.83712e+06	20451.6
	709	2.83713e+06	20451.3
	710	2.83714e+06	20451
	711	2.83716e+06	20450.7
	712	2.83717e+06	20450.4
	713	2.83719e+06	20450.2
	714	2.83721e+06	20449.9
	715	2.83723e+06	20449.6
	716	2.83725e+06	20449.3
	717	2.83727e+06	20449.1
	718	2.83729e+06	20448.8
	719	2.83731e+06	20448.6
	720	2.83733e+06	20448.3
	721	2.83735e+06	20448.1
	722	2.83738e+06	20447.8
	723	2.8374e+06	20447.6
	724	2.83743e+06	20447.4
	725	2.83745e+06	20447.1
	726	2.83748e+06	20446.9
	727	2.83751e+06	20446.7
	728	2.83754e+06	20446.5
	729	2.83756e+06	20446.3
	730	2.83759e+06	20446.1
	731	2.83762e+06	20445.9
	732	2.83765e+06	20445.7
	733	2.83768e+06	20445.5
	734	2.83772e+06	20445.4
	735	2.83775e+06	20445.2
	736	2.83778e+06	20445
	737	2.83781e+06	20444.9
	738	2.83784e+06	20444.7
	739	2.83788e+06	20444.6
	740	2.83791e+06	20444.4
	741	2.83794e+06	20444.3
	742	2.83798e+06	20444.1
	743	2.83801e+06	20444
	744	2.83804e+06	20443.9
	745	2.83808e+06	20443.7
	746	2.83811e+06	20443.6
	747	2.83815e+06	20443.5
	748	2.83818e+06	20443.4
	749	2.83822e+06	20443.3
	750	2.83825e+06	20443.2
	751	2.83829e+06	20443.1
	752	2.83832e+06	20443
	753	2.83836e+06	20442.9
	754	2.83839e+06	20442.8
	755	2.83843e+06	20442.8
	756	2.83846e+06	20442.7
	757	2.8385e+06	20442.6
	758	2.83853e+06	20442.6
	759	2.83857e+06	20442.5
	760	2.8386e+06	20442.4
	761	2.83864e+06	20442.4
	762	2.83867e+06	20442.3
	763	2.83871e+06	20442.3
	764	2.83874e+06	20442.2
	765	2.83878e+06	20442.2
	766	2.83881e+06	20442.2
	767	2.83885e+06	20442.1
	768	2.83888e+06	20442.1
	769	2.83891e+06	20442.1
	770	2.83895e+06	20442
	771	2.83898e+06	20442
	772	2.83901e+06	20442
	773	2.83905e+06	20442
	774	2.83908e+06	20442
	775	2.83911e+06	20442
	776	2.83914e+06	20442
	777	2.83917e+06	20442
	778	2.83921e+06	20442
	779	2.83924e+06	20442
	780	2.83927e+06	20442
	781	2.8393e+06	20442
	782	2.83933e+06	20442
	783	2.83936e+06	20442
	784	2.83939e+06	20442.1
	785	2.83942e+06	20442.1
	786	2.83945e+06	20442.1
	787	2.83947e+06	20442.1
	788	2.8395e+06	20442.2
	789	2.83953e+06	20442.2
	790	2.83956e+06	20442.2
	791	2.83958e+06	20442.2
	792	2.83961e+06	20442.3
	793	2.83964e+06	20442.3
	794	2.83966e+06	20442.4
	795	2.83969e+06	20442.4
	796	2.83971e+06	20442.4
	797	2.83974e+06	20442.5
	798	2.83976e+06	20442.5
	799	2.83979e+06	20442.6
	800	2.83981e+06	20442.6
	801	2.83983e+06	20442.7
	802	2.83986e+06	20442.7
	803	2.83988e+06	20442.8
	804	2.8399e+06	20442.8
	805	2.83992e+06	20442.9
	806	2.83994e+06	20443
	807	2.83996e+06	20443
	808	2.83998e+06	20443.1
	809	2.84e+06	20443.1
	810	2.84002e+06	20443.2
	811	2.84004e+06	20443.3
	812	2.84006e+06	20443.3
	813	2.84008e+06	20443.4
	814	2.84009e+06	20443.5
	815	2.84011e+06	20443.5
	816	2.84013e+06	20443.6
	817	2.84014e+06	20443.7
	818	2.84016e+06	20443.7
	819	2.84018e+06	20443.8
	820	2.84019e+06	20443.9
	821	2.84021e+06	20443.9
	822	2.84022e+06	20444
	823	2.84023e+06	20444.1
	824	2.84025e+06	20444.1
	825	2.84026e+06	20444.2
	826	2.84027e+06	20444.3
	827	2.84028e+06	20444.4
	828	2.8403e+06	20444.4
	829	2.84031e+06	20444.5
	830	2.84032e+06	20444.6
	831	2.84033e+06	20444.7
	832	2.84034e+06	20444.7
	833	2.84035e+06	20444.8
	834	2.84036e+06	20444.9
	835	2.84037e+06	20444.9
	836	2.84038e+06	20445
	837	2.84039e+06	20445.1
	838	2.84039e+06	20445.2
	839	2.8404e+06	20445.2
	840	2.84041e+06	20445.3
	841	2.84042e+06	20445.4
	842	2.84042e+06	20445.4
	843	2.84043e+06	20445.5
	844	2.84043e+06	20445.6
	845	2.84044e+06	20445.7
	846	2.84045e+06	20445.7
	847	2.84045e+06	20445.8
	848	2.84045e+06	20445.9
	849	2.84046e+06	20445.9
	850	2.84046e+06	20446
	851	2.84047e+06	20446.1
	852	2.84047e+06	20446.1
	853	2.84047e+06	20446.2
	854	2.84048e+06	20446.3
	855	2.84048e+06	20446.3
	856	2.84048e+06	20446.4
	857	2.84048e+06	20446.5
	858	2.84048e+06	20446.5
	859	2.84049e+06	20446.6
	860	2.84049e+06	20446.6
	861	2.84049e+06	20446.7
	862	2.84049e+06	20446.8
	863	2.84049e+06	20446.8
	864	2.84049e+06	20446.9
	865	2.84049e+06	20446.9
	866	2.84049e+06	20447
	867	2.84049e+06	20447.1
	868	2.84049e+06	20447.1
	869	2.84049e+06	20447.2
	870	2.84049e+06	20447.2
	871	2.84048e+06	20447.3
	872	2.84048e+06	20447.3
	873	2.84048e+06	20447.4
	874	2.84048e+06	20447.4
	875	2.84048e+06	20447.5
	876	2.84048e+06	20447.5
	877	2.84047e+06	20447.6
	878	2.84047e+06	20447.6
	879	2.84047e+06	20447.7
	880	2.84046e+06	20447.7
	881	2.84046e+06	20447.8
	882	2.84046e+06	20447.8
	883	2.84045e+06	20447.9
	884	2.84045e+06	20447.9
	885	2.84045e+06	20447.9
	886	2.84044e+06	20448
	887	2.84044e+06	20448
	888	2.84044e+06	20448.1
	889	2.84043e+06	20448.1
	890	2.84043e+06	20448.1
	891	2.84042e+06	20448.2
	892	2.84042e+06	20448.2
	893	2.84041e+06	20448.2
	894	2.84041e+06	20448.3
	895	2.8404e+06	20448.3
	896	2.8404e+06	20448.3
	897	2.84039e+06	20448.4
	898	2.84039e+06	20448.4
	899	2.84038e+06	20448.4
	900	2.84038e+06	20448.5
	901	2.84037e+06	20448.5
	902	2.84037e+06	20448.5
	903	2.84036e+06	20448.5
	904	2.84036e+06	20448.6
	905	2.84035e+06	20448.6
	906	2.84035e+06	20448.6
	907	2.84034e+06	20448.6
	908	2.84033e+06	20448.7
	909	2.84033e+06	20448.7
	910	2.84032e+06	20448.7
	911	2.84032e+06	20448.7
	912	2.84031e+06	20448.7
	913	2.84031e+06	20448.8
	914	2.8403e+06	20448.8
	915	2.84029e+06	20448.8
	916	2.84029e+06	20448.8
	917	2.84028e+06	20448.8
	918	2.84028e+06	20448.8
	919	2.84027e+06	20448.9
	920	2.84027e+06	20448.9
	921	2.84026e+06	20448.9
	922	2.84025e+06	20448.9
	923	2.84025e+06	20448.9
	924	2.84024e+06	20448.9
	925	2.84024e+06	20448.9
	926	2.84023e+06	20448.9
	927	2.84022e+06	20448.9
	928	2.84022e+06	20449
	929	2.84021e+06	20449
	930	2.84021e+06	20449
	931	2.8402e+06	20449
	932	2.8402e+06	20449
	933	2.84019e+06	20449
	934	2.84018e+06	20449
	935	2.84018e+06	20449
	936	2.84017e+06	20449
	937	2.84017e+06	20449
	938	2.84016e+06	20449
	939	2.84016e+06	20449
	940	2.84015e+06	20449
	941	2.84015e+06	20449
	942	2.84014e+06	20449
	943	2.84014e+06	20449
	944	2.84013e+06	20449
	945	2.84013e+06	20449
	946	2.84012e+06	20449
	947	2.84012e+06	20449
	948	2.84011e+06	20449
	949	2.84011e+06	20449
	950	2.8401e+06	20449
	951	2.8401e+06	20449
	952	2.84009e+06	20449
	953	2.84009e+06	20449
	954	2.84008e+06	20449
	955	2.84008e+06	20449
	956	2.84007e+06	20449
	957	2.84007e+06	20449
	958	2.84006e+06	20449
	959	2.84006e+06	20448.9
	960	2.84006e+06	20448.9
	961	2.84005e+06	20448.9
	962	2.84005e+06	20448.9
	963	2.84004e+06	20448.9
	964	2.84004e+06	20448.9
	965	2.84003e+06	20448.9
	966	2.84003e+06	20448.9
	967	2.84003e+06	20448.9
	968	2.84002e+06	20448.9
	969	2.84002e+06	20448.9
	970	2.84002e+06	20448.9
	971	2.84001e+06	20448.9
	972	2.84001e+06	20448.8
	973	2.84001e+06	20448.8
	974	2.84e+06	20448.8
	975	2.84e+06	20448.8
	976	2.84e+06	20448.8
	977	2.83999e+06	20448.8
	978	2.83999e+06	20448.8
	979	2.83999e+06	20448.8
	980	2.83998e+06	20448.8
	981	2.83998e+06	20448.7
	982	2.83998e+06	20448.7
	983	2.83998e+06	20448.7
	984	2.83997e+06	20448.7
	985	2.83997e+06	20448.7
	986	2.83997e+06	20448.7
	987	2.83997e+06	20448.7
	988	2.83996e+06	20448.7
	989	2.83996e+06	20448.7
	990	2.83996e+06	20448.6
	991	2.83996e+06	20448.6
	992	2.83995e+06	20448.6
	993	2.83995e+06	20448.6
	994	2.83995e+06	20448.6
	995	2.83995e+06	20448.6
	996	2.83995e+06	20448.6
	997	2.83995e+06	20448.6
	998	2.83994e+06	20448.5
	999	2.83994e+06	20448.5
	1000	2.83994e+06	20448.5
	1001	2.83994e+06	20448.5
	1002	2.83994e+06	20448.5
	1003	2.83994e+06	20448.5
	1004	2.83994e+06	20448.5
	1005	2.83993e+06	20448.5
	1006	2.83993e+06	20448.5
	1007	2.83993e+06	20448.4
	1008	2.83993e+06	20448.4
	1009	2.83993e+06	20448.4
	1010	2.83993e+06	20448.4
	1011	2.83993e+06	20448.4
	1012	2.83993e+06	20448.4
	1013	2.83993e+06	20448.4
	1014	2.83993e+06	20448.4
	1015	2.83992e+06	20448.3
	1016	2.83992e+06	20448.3
	1017	2.83992e+06	20448.3
	1018	2.83992e+06	20448.3
	1019	2.83992e+06	20448.3
	1020	2.83992e+06	20448.3
	1021	2.83992e+06	20448.3
	1022	2.83992e+06	20448.3
	1023	2.83992e+06	20448.3
	1024	2.83992e+06	20448.3
	1025	2.83992e+06	20448.2
	1026	2.83992e+06	20448.2
	1027	2.83992e+06	20448.2
	1028	2.83992e+06	20448.2
	1029	2.83992e+06	20448.2
	1030	2.83992e+06	20448.2
	1031	2.83992e+06	20448.2
	1032	2.83992e+06	20448.2
	1033	2.83992e+06	20448.2
	1034	2.83992e+06	20448.2
	1035	2.83992e+06	20448.1
	1036	2.83992e+06	20448.1
	1037	2.83992e+06	20448.1
	1038	2.83992e+06	20448.1
	1039	2.83992e+06	20448.1
	1040	2.83992e+06	20448.1
	1041	2.83992e+06	20448.1
	1042	2.83992e+06	20448.1
	1043	2.83992e+06	20448.1
	1044	2.83992e+06	20448.1
	1045	2.83992e+06	20448.1
	1046	2.83992e+06	20448.1
	1047	2.83992e+06	20448
	1048	2.83993e+06	20448
	1049	2.83993e+06	20448
	1050	2.83993e+06	20448
	1051	2.83993e+06	20448
	1052	2.83993e+06	20448
	1053	2.83993e+06	20448
	1054	2.83993e+06	20448
	1055	2.83993e+06	20448
	1056	2.83993e+06	20448
	1057	2.83993e+06	20448
	1058	2.83993e+06	20448
	1059	2.83993e+06	20448
	1060	2.83993e+06	20448
	1061	2.83993e+06	20448
	1062	2.83994e+06	20448
	1063	2.83994e+06	20447.9
	1064	2.83994e+06	20447.9
	1065	2.83994e+06	20447.9
	1066	2.83994e+06	20447.9
	1067	2.83994e+06	20447.9
	1068	2.83994e+06	20447.9
	1069	2.83994e+06	20447.9
	1070	2.83994e+06	20447.9
	1071	2.83994e+06	20447.9
	1072	2.83994e+06	20447.9
	1073	2.83995e+06	20447.9
	1074	2.83995e+06	20447.9
	1075	2.83995e+06	20447.9
	1076	2.83995e+06	20447.9
	1077	2.83995e+06	20447.9
	1078	2.83995e+06	20447.9
	1079	2.83995e+06	20447.9
	1080	2.83995e+06	20447.9
	1081	2.83995e+06	20447.9
	1082	2.83995e+06	20447.9
	1083	2.83995e+06	20447.9
	1084	2.83996e+06	20447.9
	1085	2.83996e+06	20447.9
	1086	2.83996e+06	20447.9
	1087	2.83996e+06	20447.9
	1088	2.83996e+06	20447.9
	1089	2.83996e+06	20447.9
	1090	2.83996e+06	20447.9
	1091	2.83996e+06	20447.9
	1092	2.83996e+06	20447.9
	1093	2.83996e+06	20447.9
	1094	2.83997e+06	20447.8
	1095	2.83997e+06	20447.8
	1096	2.83997e+06	20447.8
	1097	2.83997e+06	20447.8
	1098	2.83997e+06	20447.8
	1099	2.83997e+06	20447.8
	1100	2.83997e+06	20447.8
	1101	2.83997e+06	20447.8
	1102	2.83997e+06	20447.8
	1103	2.83997e+06	20447.8
	1104	2.83997e+06	20447.8
	1105	2.83998e+06	20447.8
	1106	2.83998e+06	20447.8
	1107	2.83998e+06	20447.8
	1108	2.83998e+06	20447.8
	1109	2.83998e+06	20447.8
	1110	2.83998e+06	20447.8
	1111	2.83998e+06	20447.8
	1112	2.83998e+06	20447.8
	1113	2.83998e+06	20447.8
	1114	2.83998e+06	20447.8
	1115	2.83998e+06	20447.8
	1116	2.83998e+06	20447.8
	1117	2.83999e+06	20447.8
	1118	2.83999e+06	20447.8
	1119	2.83999e+06	20447.8
	1120	2.83999e+06	20447.8
	1121	2.83999e+06	20447.8
	1122	2.83999e+06	20447.8
	1123	2.83999e+06	20447.8
	1124	2.83999e+06	20447.9
	1125	2.83999e+06	20447.9
	1126	2.83999e+06	20447.9
	1127	2.83999e+06	20447.9
	1128	2.83999e+06	20447.9
	1129	2.83999e+06	20447.9
	1130	2.84e+06	20447.9
	1131	2.84e+06	20447.9
	1132	2.84e+06	20447.9
	1133	2.84e+06	20447.9
	1134	2.84e+06	20447.9
	1135	2.84e+06	20447.9
	1136	2.84e+06	20447.9
	1137	2.84e+06	20447.9
	1138	2.84e+06	20447.9
	1139	2.84e+06	20447.9
	1140	2.84e+06	20447.9
	1141	2.84e+06	20447.9
	1142	2.84e+06	20447.9
	1143	2.84e+06	20447.9
	1144	2.84e+06	20447.9
	1145	2.84e+06	20447.9
	1146	2.84e+06	20447.9
	1147	2.84e+06	20447.9
	1148	2.84001e+06	20447.9
	1149	2.84001e+06	20447.9
	1150	2.84001e+06	20447.9
	1151	2.84001e+06	20447.9
	1152	2.84001e+06	20447.9
	1153	2.84001e+06	20447.9
	1154	2.84001e+06	20447.9
	1155	2.84001e+06	20447.9
	1156	2.84001e+06	20447.9
	1157	2.84001e+06	20447.9
	1158	2.84001e+06	20447.9
	1159	2.84001e+06	20447.9
	1160	2.84001e+06	20447.9
	1161	2.84001e+06	20447.9
	1162	2.84001e+06	20447.9
	1163	2.84001e+06	20447.9
	1164	2.84001e+06	20447.9
	1165	2.84001e+06	20447.9
	1166	2.84001e+06	20447.9
	1167	2.84001e+06	20447.9
	1168	2.84001e+06	20447.9
	1169	2.84001e+06	20447.9
	1170	2.84001e+06	20447.9
	1171	2.84001e+06	20447.9
	1172	2.84001e+06	20447.9
	1173	2.84001e+06	20447.9
	1174	2.84001e+06	20447.9
	1175	2.84001e+06	20447.9
	1176	2.84001e+06	20447.9
	1177	2.84001e+06	20447.9
	1178	2.84001e+06	20447.9
	1179	2.84001e+06	20447.9
	1180	2.84001e+06	20448
	1181	2.84001e+06	20448
	1182	2.84001e+06	20448
	1183	2.84001e+06	20448
	1184	2.84001e+06	20448
	1185	2.84001e+06	20448
	1186	2.84001e+06	20448
	1187	2.84001e+06	20448
	1188	2.84001e+06	20448
	1189	2.84001e+06	20448
	1190	2.84001e+06	20448
	1191	2.84001e+06	20448
	1192	2.84001e+06	20448
	1193	2.84001e+06	20448
	1194	2.84001e+06	20448
	1195	2.84001e+06	20448
	1196	2.84001e+06	20448
	1197	2.84001e+06	20448
	1198	2.84001e+06	20448
	1199	2.84001e+06	20448
	1200	2.84001e+06	20448
	1201	2.84001e+06	20448
	1202	2.84001e+06	20448
	1203	2.84001e+06	20448
	1204	2.84001e+06	20448
	1205	2.84001e+06	20448
	1206	2.84001e+06	20448
	1207	2.84001e+06	20448
	1208	2.84001e+06	20448
	1209	2.84001e+06	20448
	1210	2.84001e+06	20448
	1211	2.84001e+06	20448
	1212	2.84001e+06	20448
	1213	2.84001e+06	20448
	1214	2.84001e+06	20448
	1215	2.84001e+06	20448
	1216	2.84001e+06	20448
	1217	2.84001e+06	20448
	1218	2.84001e+06	20448
	1219	2.84001e+06	20448
	1220	2.84001e+06	20448
	1221	2.84001e+06	20448
	1222	2.84001e+06	20448
	1223	2.84001e+06	20448
	1224	2.84001e+06	20448
	1225	2.84001e+06	20448
	1226	2.84001e+06	20448
	1227	2.84001e+06	20448
	1228	2.84001e+06	20448
	1229	2.84001e+06	20448
	1230	2.84001e+06	20448
	1231	2.84001e+06	20448
	1232	2.84001e+06	20448
	1233	2.84001e+06	20448
	1234	2.84001e+06	20448
	1235	2.84001e+06	20448
	1236	2.84001e+06	20448
	1237	2.84001e+06	20448
	1238	2.84001e+06	20448
	1239	2.84001e+06	20448
	1240	2.84001e+06	20448
	1241	2.84001e+06	20448
	1242	2.84001e+06	20448
	1243	2.84001e+06	20448
	1244	2.84001e+06	20448
	1245	2.84001e+06	20448
	1246	2.84001e+06	20448
	1247	2.84001e+06	20448
	1248	2.84001e+06	20448
	1249	2.84001e+06	20448
	1250	2.84001e+06	20448
	1251	2.84001e+06	20448
	1252	2.84001e+06	20448
	1253	2.84001e+06	20448
	1254	2.84001e+06	20448
	1255	2.84001e+06	20448
	1256	2.84001e+06	20448
	1257	2.84001e+06	20448
	1258	2.84001e+06	20448
	1259	2.84001e+06	20448
	1260	2.84001e+06	20448
	1261	2.84001e+06	20448
	1262	2.84001e+06	20448
	1263	2.84001e+06	20448
	1264	2.84001e+06	20448
	1265	2.84001e+06	20448
	1266	2.84001e+06	20448
	1267	2.84001e+06	20448
	1268	2.84001e+06	20448
	1269	2.84001e+06	20448
	1270	2.84001e+06	20448
	1271	2.84001e+06	20448
	1272	2.84001e+06	20448
	1273	2.84e+06	20448
	1274	2.84e+06	20448
	1275	2.84e+06	20448
	1276	2.84e+06	20448
	1277	2.84e+06	20448
	1278	2.84e+06	20448
	1279	2.84e+06	20448
	1280	2.84e+06	20448
	1281	2.84e+06	20448
	1282	2.84e+06	20448
	1283	2.84e+06	20448
	1284	2.84e+06	20448
	1285	2.84e+06	20448
	1286	2.84e+06	20448
	1287	2.84e+06	20448
	1288	2.84e+06	20448
	1289	2.84e+06	20448
	1290	2.84e+06	20448
	1291	2.84e+06	20448
	1292	2.84e+06	20448
	1293	2.84e+06	20448
	1294	2.84e+06	20448
	1295	2.84e+06	20448
	1296	2.84e+06	20448
	1297	2.84e+06	20448
	1298	2.84e+06	20448
	1299	2.84e+06	20448
	1300	2.84e+06	20448
	1301	2.84e+06	20448
	1302	2.84e+06	20448
	1303	2.84e+06	20448
	1304	2.84e+06	20448
	1305	2.84e+06	20448
	1306	2.84e+06	20448
	1307	2.84e+06	20448
	1308	2.84e+06	20448
	1309	2.84e+06	20448
	1310	2.84e+06	20448
	1311	2.84e+06	20448
	1312	2.84e+06	20448
	1313	2.84e+06	20448
	1314	2.84e+06	20448
	1315	2.84e+06	20448
	1316	2.84e+06	20448
	1317	2.84e+06	20448
	1318	2.84e+06	20448
	1319	2.84e+06	20448
	1320	2.84e+06	20448
	1321	2.84e+06	20448
	1322	2.84e+06	20448
	1323	2.84e+06	20448
	1324	2.84e+06	20448
	1325	2.84e+06	20448
	1326	2.84e+06	20448
	1327	2.84e+06	20448
	1328	2.84e+06	20448
	1329	2.84e+06	20448
	1330	2.84e+06	20448
	1331	2.84e+06	20448
	1332	2.84e+06	20448
	1333	2.84e+06	20448
	1334	2.84e+06	20448
	1335	2.84e+06	20448
	1336	2.84e+06	20448
	1337	2.84e+06	20448
	1338	2.84e+06	20448
	1339	2.84e+06	20448
	1340	2.84e+06	20448
	1341	2.84e+06	20448
	1342	2.84e+06	20448
	1343	2.84e+06	20448
	1344	2.84e+06	20448
	1345	2.84e+06	20448
	1346	2.84e+06	20448
	1347	2.84e+06	20448
	1348	2.84e+06	20448
	1349	2.84e+06	20448
	1350	2.84e+06	20448
	1351	2.84e+06	20448
	1352	2.84e+06	20448
	1353	2.84e+06	20448
	1354	2.84e+06	20448
	1355	2.84e+06	20448
	1356	2.84e+06	20448
	1357	2.84e+06	20448
	1358	2.84e+06	20448
	1359	2.84e+06	20448
	1360	2.84e+06	20448
	1361	2.84e+06	20448
	1362	2.84e+06	20448
	1363	2.84e+06	20448
	1364	2.84e+06	20448
	1365	2.84e+06	20448
	1366	2.84e+06	20448
	1367	2.84e+06	20448
	1368	2.84e+06	20448
	1369	2.84e+06	20448
	1370	2.84e+06	20448
	1371	2.84e+06	20448
	1372	2.84e+06	20448
	1373	2.84e+06	20448
	1374	2.84e+06	20448
	1375	2.84e+06	20448
	1376	2.84e+06	20448
	1377	2.84e+06	20448
	1378	2.84e+06	20448
	1379	2.84e+06	20448
	1380	2.84e+06	20448
	1381	2.84e+06	20448
	1382	2.84e+06	20448
	1383	2.84e+06	20448
	1384	2.84e+06	20448
	1385	2.84e+06	20448
	1386	2.84e+06	20448
	1387	2.84e+06	20448
	1388	2.84e+06	20448
	1389	2.84e+06	20448
	1390	2.84e+06	20448
	1391	2.84e+06	20448
	1392	2.84e+06	20448
	1393	2.84e+06	20448
	1394	2.84e+06	20448
	1395	2.84e+06	20448
	1396	2.84e+06	20448
	1397	2.84e+06	20448
	1398	2.84e+06	20448
	1399	2.84e+06	20448
	1400	2.84e+06	20448
	1401	2.84e+06	20448
	1402	2.84e+06	20448
	1403	2.84e+06	20448
	1404	2.84e+06	20448
	1405	2.84e+06	20448
	1406	2.84e+06	20448
	1407	2.84e+06	20448
	1408	2.84e+06	20448
	1409	2.84e+06	20448
	1410	2.84e+06	20448
	1411	2.84e+06	20448
	1412	2.84e+06	20448
	1413	2.84e+06	20448
	1414	2.84e+06	20448
	1415	2.84e+06	20448
	1416	2.84e+06	20448
	1417	2.84e+06	20448
	1418	2.84e+06	20448
	1419	2.84e+06	20448
	1420	2.84e+06	20448
	1421	2.84e+06	20448
	1422	2.84e+06	20448
	1423	2.84e+06	20448
	1424	2.84e+06	20448
	1425	2.84e+06	20448
	1426	2.84e+06	20448
	1427	2.84e+06	20448
	1428	2.84e+06	20448
	1429	2.84e+06	20448
	1430	2.84e+06	20448
	1431	2.84e+06	20448
	1432	2.84e+06	20448
	1433	2.84e+06	20448
	1434	2.84e+06	20448
	1435	2.84e+06	20448
	1436	2.84e+06	20448
	1437	2.84e+06	20448
	1438	2.84e+06	20448
	1439	2.84e+06	20448
	1440	2.84e+06	20448
	1441	2.84e+06	20448
	1442	2.84e+06	20448
	1443	2.84e+06	20448
	1444	2.84e+06	20448
	1445	2.84e+06	20448
	1446	2.84e+06	20448
	1447	2.84e+06	20448
	1448	2.84e+06	20448
	1449	2.84e+06	20448
	1450	2.84e+06	20448
	1451	2.84e+06	20448
	1452	2.84e+06	20448
	1453	2.84e+06	20448
	1454	2.84e+06	20448
	1455	2.84e+06	20448
	1456	2.84e+06	20448
	1457	2.84e+06	20448
	1458	2.84e+06	20448
	1459	2.84e+06	20448
	1460	2.84e+06	20448
	1461	2.84e+06	20448
	1462	2.84e+06	20448
	1463	2.84e+06	20448
	1464	2.84e+06	20448
	1465	2.84e+06	20448
	1466	2.84e+06	20448
	1467	2.84e+06	20448
	1468	2.84e+06	20448
	1469	2.84e+06	20448
	1470	2.84e+06	20448
	1471	2.84e+06	20448
	1472	2.84e+06	20448
	1473	2.84e+06	20448
	1474	2.84e+06	20448
	1475	2.84e+06	20448
	1476	2.84e+06	20448
	1477	2.84e+06	20448
	1478	2.84e+06	20448
	1479	2.84e+06	20448
	1480	2.84e+06	20448
	1481	2.84e+06	20448
	1482	2.84e+06	20448
	1483	2.84e+06	20448
	1484	2.84e+06	20448
	1485	2.84e+06	20448
	1486	2.84e+06	20448
	1487	2.84e+06	20448
	1488	2.84e+06	20448
	1489	2.84e+06	20448
	1490	2.84e+06	20448
	1491	2.84e+06	20448
	1492	2.84e+06	20448
	1493	2.84e+06	20448
	1494	2.84e+06	20448
	1495	2.84e+06	20448
	1496	2.84e+06	20448
	1497	2.84e+06	20448
	1498	2.84e+06	20448
	1499	2.84e+06	20448
	1500	2.84e+06	20448
	1501	2.84e+06	20448
	1502	2.84e+06	20448
	1503	2.84e+06	20448
	1504	2.84e+06	20448
	1505	2.84e+06	20448
	1506	2.84e+06	20448
	1507	2.84e+06	20448
	1508	2.84e+06	20448
	1509	2.84e+06	20448
	1510	2.84e+06	20448
	1511	2.84e+06	20448
	1512	2.84e+06	20448
	1513	2.84e+06	20448
	1514	2.84e+06	20448
	1515	2.84e+06	20448
	1516	2.84e+06	20448
	1517	2.84e+06	20448
	1518	2.84e+06	20448
	1519	2.84e+06	20448
	1520	2.84e+06	20448
	1521	2.84e+06	20448
	1522	2.84e+06	20448
	1523	2.84e+06	20448
	1524	2.84e+06	20448
	1525	2.84e+06	20448
	1526	2.84e+06	20448
	1527	2.84e+06	20448
	1528	2.84e+06	20448
	1529	2.84e+06	20448
	1530	2.84e+06	20448
	1531	2.84e+06	20448
	1532	2.84e+06	20448
	1533	2.84e+06	20448
	1534	2.84e+06	20448
	1535	2.84e+06	20448
	1536	2.84e+06	20448
	1537	2.84e+06	20448
	1538	2.84e+06	20448
	1539	2.84e+06	20448
	1540	2.84e+06	20448
	1541	2.84e+06	20448
	1542	2.84e+06	20448
	1543	2.84e+06	20448
	1544	2.84e+06	20448
	1545	2.84e+06	20448
	1546	2.84e+06	20448
	1547	2.84e+06	20448
	1548	2.84e+06	20448
	1549	2.84e+06	20448
	1550	2.84e+06	20448
	1551	2.84e+06	20448
	1552	2.84e+06	20448
	1553	2.84e+06	20448
	1554	2.84e+06	20448
	1555	2.84e+06	20448
	1556	2.84e+06	20448
	1557	2.84e+06	20448
	1558	2.84e+06	20448
	1559	2.84e+06	20448
	1560	2.84e+06	20448
	1561	2.84e+06	20448
	1562	2.84e+06	20448
	1563	2.84e+06	20448
	1564	2.84e+06	20448
	1565	2.84e+06	20448
	1566	2.84e+06	20448
	1567	2.84e+06	20448
	1568	2.84e+06	20448
	1569	2.84e+06	20448
	1570	2.84e+06	20448
	1571	2.84e+06	20448
	1572	2.84e+06	20448
	1573	2.84e+06	20448
	1574	2.84e+06	20448
	1575	2.84e+06	20448
	1576	2.84e+06	20448
	1577	2.84e+06	20448
	1578	2.84e+06	20448
	1579	2.84e+06	20448
	1580	2.84e+06	20448
	1581	2.84e+06	20448
	1582	2.84e+06	20448
	1583	2.84e+06	20448
	1584	2.84e+06	20448
	1585	2.84e+06	20448
	1586	2.84e+06	20448
	1587	2.84e+06	20448
	1588	2.84e+06	20448
	1589	2.84e+06	20448
	1590	2.84e+06	20448
	1591	2.84e+06	20448
	1592	2.84e+06	20448
	1593	2.84e+06	20448
	1594	2.84e+06	20448
	1595	2.84e+06	20448
	1596	2.84e+06	20448
	1597	2.84e+06	20448
	1598	2.84e+06	20448
	1599	2.84e+06	20448
	1600	2.84e+06	20448
	1601	2.84e+06	20448
	1602	2.84e+06	20448
	1603	2.84e+06	20448
	1604	2.84e+06	20448
	1605	2.84e+06	20448
	1606	2.84e+06	20448
	1607	2.84e+06	20448
	1608	2.84e+06	20448
	1609	2.84e+06	20448
	1610	2.84e+06	20448
	1611	2.84e+06	20448
	1612	2.84e+06	20448
	1613	2.84e+06	20448
	1614	2.84e+06	20448
	1615	2.84e+06	20448
	1616	2.84e+06	20448
	1617	2.84e+06	20448
	1618	2.84e+06	20448
	1619	2.84e+06	20448
	1620	2.84e+06	20448
	1621	2.84e+06	20448
	1622	2.84e+06	20448
	1623	2.84e+06	20448
	1624	2.84e+06	20448
	1625	2.84e+06	20448
	1626	2.84e+06	20448
	1627	2.84e+06	20448
	1628	2.84e+06	20448
	1629	2.84e+06	20448
	1630	2.84e+06	20448
	1631	2.84e+06	20448
	1632	2.84e+06	20448
	1633	2.84e+06	20448
	1634	2.84e+06	20448
	1635	2.84e+06	20448
	1636	2.84e+06	20448
	1637	2.84e+06	20448
	1638	2.84e+06	20448
	1639	2.84e+06	20448
	1640	2.84e+06	20448
	1641	2.84e+06	20448
	1642	2.84e+06	20448
	1643	2.84e+06	20448
	1644	2.84e+06	20448
	1645	2.84e+06	20448
	1646	2.84e+06	20448
	1647	2.84e+06	20448
	1648	2.84e+06	20448
	1649	2.84e+06	20448
	1650	2.84e+06	20448
	1651	2.84e+06	20448
	1652	2.84e+06	20448
	1653	2.84e+06	20448
	1654	2.84e+06	20448
	1655	2.84e+06	20448
	1656	2.84e+06	20448
	1657	2.84e+06	20448
	1658	2.84e+06	20448
	1659	2.84e+06	20448
	1660	2.84e+06	20448
	1661	2.84e+06	20448
	1662	2.84e+06	20448
	1663	2.84e+06	20448
	1664	2.84e+06	20448
	1665	2.84e+06	20448
	1666	2.84e+06	20448
	1667	2.84e+06	20448
	1668	2.84e+06	20448
	1669	2.84e+06	20448
	1670	2.84e+06	20448
	1671	2.84e+06	20448
	1672	2.84e+06	20448
	1673	2.84e+06	20448
	1674	2.84e+06	20448
	1675	2.84e+06	20448
	1676	2.84e+06	20448
	1677	2.84e+06	20448
	1678	2.84e+06	20448
	1679	2.84e+06	20448
	1680	2.84e+06	20448
	1681	2.84e+06	20448
	1682	2.84e+06	20448
	1683	2.84e+06	20448
	1684	2.84e+06	20448
	1685	2.84e+06	20448
	1686	2.84e+06	20448
	1687	2.84e+06	20448
	1688	2.84e+06	20448
	1689	2.84e+06	20448
	1690	2.84e+06	20448
	1691	2.84e+06	20448
	1692	2.84e+06	20448
	1693	2.84e+06	20448
	1694	2.84e+06	20448
	1695	2.84e+06	20448
	1696	2.84e+06	20448
	1697	2.84e+06	20448
	1698	2.84e+06	20448
	1699	2.84e+06	20448
	1700	2.84e+06	20448
	1701	2.84e+06	20448
	1702	2.84e+06	20448
	1703	2.84e+06	20448
	1704	2.84e+06	20448
	1705	2.84e+06	20448
	1706	2.84e+06	20448
	1707	2.84e+06	20448
	1708	2.84e+06	20448
	1709	2.84e+06	20448
	1710	2.84e+06	20448
	1711	2.84e+06	20448
	1712	2.84e+06	20448
	1713	2.84e+06	20448
	1714	2.84e+06	20448
	1715	2.84e+06	20448
	1716	2.84e+06	20448
	1717	2.84e+06	20448
	1718	2.84e+06	20448
	1719	2.84e+06	20448
	1720	2.84e+06	20448
	1721	2.84e+06	20448
	1722	2.84e+06	20448
	1723	2.84e+06	20448
	1724	2.84e+06	20448
	1725	2.84e+06	20448
	1726	2.84e+06	20448
	1727	2.84e+06	20448
	1728	2.84e+06	20448
	1729	2.84e+06	20448
	1730	2.84e+06	20448
	1731	2.84e+06	20448
	1732	2.84e+06	20448
	1733	2.84e+06	20448
	1734	2.84e+06	20448
	1735	2.84e+06	20448
	1736	2.84e+06	20448
	1737	2.84e+06	20448
	1738	2.84e+06	20448
	1739	2.84e+06	20448
	1740	2.84e+06	20448
	1741	2.84e+06	20448
	1742	2.84e+06	20448
	1743	2.84e+06	20448
	1744	2.84e+06	20448
	1745	2.84e+06	20448
	1746	2.84e+06	20448
	1747	2.84e+06	20448
	1748	2.84e+06	20448
	1749	2.84e+06	20448
	1750	2.84e+06	20448
	1751	2.84e+06	20448
	1752	2.84e+06	20448
	1753	2.84e+06	20448
	1754	2.84e+06	20448
	1755	2.84e+06	20448
	1756	2.84e+06	20448
	1757	2.84e+06	20448
	1758	2.84e+06	20448
	1759	2.84e+06	20448
	1760	2.84e+06	20448
	1761	2.84e+06	20448
	1762	2.84e+06	20448
	1763	2.84e+06	20448
	1764	2.84e+06	20448
	1765	2.84e+06	20448
	1766	2.84e+06	20448
	1767	2.84e+06	20448
	1768	2.84e+06	20448
	1769	2.84e+06	20448
	1770	2.84e+06	20448
	1771	2.84e+06	20448
	1772	2.84e+06	20448
	1773	2.84e+06	20448
	1774	2.84e+06	20448
	1775	2.84e+06	20448
	1776	2.84e+06	20448
	1777	2.84e+06	20448
	1778	2.84e+06	20448
	1779	2.84e+06	20448
	1780	2.84e+06	20448
	1781	2.84e+06	20448
	1782	2.84e+06	20448
	1783	2.84e+06	20448
	1784	2.84e+06	20448
	1785	2.84e+06	20448
	1786	2.84e+06	20448
	1787	2.84e+06	20448
	1788	2.84e+06	20448
	1789	2.84e+06	20448
	1790	2.84e+06	20448
	1791	2.84e+06	20448
	1792	2.84e+06	20448
	1793	2.84e+06	20448
	1794	2.84e+06	20448
	1795	2.84e+06	20448
	1796	2.84e+06	20448
	1797	2.84e+06	20448
	1798	2.84e+06	20448
	1799	2.84e+06	20448
	1800	2.84e+06	20448
	1801	2.84e+06	20448
	1802	2.84e+06	20448
	1803	2.84e+06	20448
	1804	2.84e+06	20448
	1805	2.84e+06	20448
	1806	2.84e+06	20448
	1807	2.84e+06	20448
	1808	2.84e+06	20448
	1809	2.84e+06	20448
	1810	2.84e+06	20448
	1811	2.84e+06	20448
	1812	2.84e+06	20448
	1813	2.84e+06	20448
	1814	2.84e+06	20448
	1815	2.84e+06	20448
	1816	2.84e+06	20448
	1817	2.84e+06	20448
	1818	2.84e+06	20448
	1819	2.84e+06	20448
	1820	2.84e+06	20448
	1821	2.84e+06	20448
	1822	2.84e+06	20448
	1823	2.84e+06	20448
	1824	2.84e+06	20448
	1825	2.84e+06	20448
	1826	2.84e+06	20448
	1827	2.84e+06	20448
	1828	2.84e+06	20448
	1829	2.84e+06	20448
	1830	2.84e+06	20448
	1831	2.84e+06	20448
	1832	2.84e+06	20448
	1833	2.84e+06	20448
	1834	2.84e+06	20448
	1835	2.84e+06	20448
	1836	2.84e+06	20448
	1837	2.84e+06	20448
	1838	2.84e+06	20448
	1839	2.84e+06	20448
	1840	2.84e+06	20448
	1841	2.84e+06	20448
	1842	2.84e+06	20448
	1843	2.84e+06	20448
	1844	2.84e+06	20448
	1845	2.84e+06	20448
	1846	2.84e+06	20448
	1847	2.84e+06	20448
	1848	2.84e+06	20448
	1849	2.84e+06	20448
	1850	2.84e+06	20448
	1851	2.84e+06	20448
	1852	2.84e+06	20448
	1853	2.84e+06	20448
	1854	2.84e+06	20448
	1855	2.84e+06	20448
	1856	2.84e+06	20448
	1857	2.84e+06	20448
	1858	2.84e+06	20448
	1859	2.84e+06	20448
	1860	2.84e+06	20448
	1861	2.84e+06	20448
	1862	2.84e+06	20448
	1863	2.84e+06	20448
	1864	2.84e+06	20448
	1865	2.84e+06	20448
	1866	2.84e+06	20448
	1867	2.84e+06	20448
	1868	2.84e+06	20448
	1869	2.84e+06	20448
	1870	2.84e+06	20448
	1871	2.84e+06	20448
	1872	2.84e+06	20448
	1873	2.84e+06	20448
	1874	2.84e+06	20448
	1875	2.84e+06	20448
	1876	2.84e+06	20448
	1877	2.84e+06	20448
	1878	2.84e+06	20448
	1879	2.84e+06	20448
	1880	2.84e+06	20448
	1881	2.84e+06	20448
	1882	2.84e+06	20448
	1883	2.84e+06	20448
	1884	2.84e+06	20448
	1885	2.84e+06	20448
	1886	2.84e+06	20448
	1887	2.84e+06	20448
	1888	2.84e+06	20448
	1889	2.84e+06	20448
	1890	2.84e+06	20448
	1891	2.84e+06	20448
	1892	2.84e+06	20448
	1893	2.84e+06	20448
	1894	2.84e+06	20448
	1895	2.84e+06	20448
	1896	2.84e+06	20448
	1897	2.84e+06	20448
	1898	2.84e+06	20448
	1899	2.84e+06	20448
	1900	2.84e+06	20448
	1901	2.84e+06	20448
	1902	2.84e+06	20448
	1903	2.84e+06	20448
	1904	2.84e+06	20448
	1905	2.84e+06	20448
	1906	2.84e+06	20448
	1907	2.84e+06	20448
	1908	2.84e+06	20448
	1909	2.84e+06	20448
	1910	2.84e+06	20448
	1911	2.84e+06	20448
	1912	2.84e+06	20448
	1913	2.84e+06	20448
	1914	2.84e+06	20448
	1915	2.84e+06	20448
	1916	2.84e+06	20448
	1917	2.84e+06	20448
	1918	2.84e+06	20448
	1919	2.84e+06	20448
	1920	2.84e+06	20448
	1921	2.84e+06	20448
	1922	2.84e+06	20448
	1923	2.84e+06	20448
	1924	2.84e+06	20448
	1925	2.84e+06	20448
	1926	2.84e+06	20448
	1927	2.84e+06	20448
	1928	2.84e+06	20448
	1929	2.84e+06	20448
	1930	2.84e+06	20448
	1931	2.84e+06	20448
	1932	2.84e+06	20448
	1933	2.84e+06	20448
	1934	2.84e+06	20448
	1935	2.84e+06	20448
	1936	2.84e+06	20448
	1937	2.84e+06	20448
	1938	2.84e+06	20448
	1939	2.84e+06	20448
	1940	2.84e+06	20448
	1941	2.84e+06	20448
	1942	2.84e+06	20448
	1943	2.84e+06	20448
	1944	2.84e+06	20448
	1945	2.84e+06	20448
	1946	2.84e+06	20448
	1947	2.84e+06	20448
	1948	2.84e+06	20448
	1949	2.84e+06	20448
	1950	2.84e+06	20448
	1951	2.84e+06	20448
	1952	2.84e+06	20448
	1953	2.84e+06	20448
	1954	2.84e+06	20448
	1955	2.84e+06	20448
	1956	2.84e+06	20448
	1957	2.84e+06	20448
	1958	2.84e+06	20448
	1959	2.84e+06	20448
	1960	2.84e+06	20448
	1961	2.84e+06	20448
	1962	2.84e+06	20448
	1963	2.84e+06	20448
	1964	2.84e+06	20448
	1965	2.84e+06	20448
	1966	2.84e+06	20448
	1967	2.84e+06	20448
	1968	2.84e+06	20448
	1969	2.84e+06	20448
	1970	2.84e+06	20448
	1971	2.84e+06	20448
	1972	2.84e+06	20448
	1973	2.84e+06	20448
	1974	2.84e+06	20448
	1975	2.84e+06	20448
	1976	2.84e+06	20448
	1977	2.84e+06	20448
	1978	2.84e+06	20448
	1979	2.84e+06	20448
	1980	2.84e+06	20448
	1981	2.84e+06	20448
	1982	2.84e+06	20448
	1983	2.84e+06	20448
	1984	2.84e+06	20448
	1985	2.84e+06	20448
	1986	2.84e+06	20448
	1987	2.84e+06	20448
	1988	2.84e+06	20448
	1989	2.84e+06	20448
	1990	2.84e+06	20448
	1991	2.84e+06	20448
	1992	2.84e+06	20448
	1993	2.84e+06	20448
	1994	2.84e+06	20448
	1995	2.84e+06	20448
	1996	2.84e+06	20448
	1997	2.84e+06	20448
	1998	2.84e+06	20448
	1999	2.84e+06	20448
	2000	2.84e+06	20448
	2001	2.84e+06	20448
	2002	2.87244e+06	12331.6
	2003	2.90431e+06	12395.9
	2004	2.93557e+06	12461.9
	2005	2.96621e+06	12529.4
	2006	2.9962e+06	12598.4
	2007	3.02552e+06	12668.9
	2008	3.05415e+06	12740.9
	2009	3.08206e+06	12814.4
	2010	3.10926e+06	12889.3
	2011	3.13571e+06	12965.5
	2012	3.16142e+06	13043.1
	2013	3.18637e+06	13122
	2014	3.21054e+06	13202.2
	2015	3.23395e+06	13283.6
	2016	3.25658e+06	13366.2
	2017	3.27842e+06	13449.9
	2018	3.29949e+06	13534.8
	2019	3.31977e+06	13620.7
	2020	3.33927e+06	13707.7
	2021	3.35799e+06	13795.6
	2022	3.37594e+06	13884.5
	2023	3.39312e+06	13974.2
	2024	3.40954e+06	14064.8
	2025	3.42521e+06	14156.3
	2026	3.44014e+06	14248.4
	2027	3.45433e+06	14341.3
	2028	3.46779e+06	14434.8
	2029	3.48054e+06	14529
	2030	3.49259e+06	14623.7
	2031	3.50395e+06	14719
	2032	3.51463e+06	14814.7
	2033	3.52465e+06	14910.8
	2034	3.53402e+06	15007.3
	2035	3.54275e+06	15104.2
	2036	3.55086e+06	15201.3
	2037	3.55836e+06	15298.7
	2038	3.56527e+06	15396.3
	2039	3.5716e+06	15494
	2040	3.57737e+06	15591.8
	2041	3.58259e+06	15689.6
	2042	3.58727e+06	15787.5
	2043	3.59144e+06	15885.3
	2044	3.5951e+06	15983
	2045	3.59826e+06	16080.7
	2046	3.60096e+06	16178.1
	2047	3.60319e+06	16275.4
	2048	3.60497e+06	16372.4
	2049	3.60632e+06	16469.1
	2050	3.60725e+06	16565.4
	2051	3.60778e+06	16661.4
	2052	3.60791e+06	16757
	2053	3.60766e+06	16852.2
	2054	3.60704e+06	16946.8
	2055	3.60607e+06	17040.9
	2056	3.60476e+06	17134.5
	2057	3.60312e+06	17227.5
	2058	3.60116e+06	17319.9
	2059	3.5989e+06	17411.6
	2060	3.59634e+06	17502.6
	2061	3.5935e+06	17592.9
	2062	3.59038e+06	17682.4
	2063	3.587e+06	17771.2
	2064	3.58337e+06	17859.1
	2065	3.5795e+06	17946.2
	2066	3.5754e+06	18032.5
	2067	3.57107e+06	18117.9
	2068	3.56653e+06	18202.4
	2069	3.56179e+06	18285.9
	2070	3.55685e+06	18368.5
	2071	3.55173e+06	18450.1
	2072	3.54642e+06	18530.7
	2073	3.54095e+06	18610.3
	2074	3.53531e+06	18688.9
	2075	3.52952e+06	18766.4
	2076	3.52359e+06	18842.9
	2077	3.51751e+06	18918.2
	2078	3.5113e+06	18992.5
	2079	3.50497e+06	19065.7
	2080	3.49851e+06	19137.7
	2081	3.49195e+06	19208.7
	2082	3.48527e+06	19278.4
	2083	3.4785e+06	19347.1
	2084	3.47163e+06	19414.5
	2085	3.46468e+06	19480.8
	2086	3.45764e+06	19546
	2087	3.45052e+06	19609.9
	2088	3.44334e+06	19672.7
	2089	3.43608e+06	19734.2
	2090	3.42876e+06	19794.6
	2091	3.42139e+06	19853.8
	2092	3.41396e+06	19911.8
	2093	3.40649e+06	19968.6
	2094	3.39897e+06	20024.2
	2095	3.39141e+06	20078.5
	2096	3.38382e+06	20131.7
	2097	3.3762e+06	20183.7
	2098	3.36854e+06	20234.5
	2099	3.36087e+06	20284.1
	2100	3.35318e+06	20332.5
	2101	3.34547e+06	20379.8
	2102	3.33775e+06	20425.8
	2103	3.33001e+06	20470.7
	2104	3.32228e+06	20514.4
	2105	3.31454e+06	20557
	2106	3.3068e+06	20598.4
	2107	3.29906e+06	20638.6
	2108	3.29133e+06	20677.7
	2109	3.28361e+06	20715.7
	2110	3.2759e+06	20752.6
	2111	3.2682e+06	20788.3
	2112	3.26052e+06	20823
	2113	3.25286e+06	20856.5
	2114	3.24522e+06	20889
	2115	3.23761e+06	20920.4
	2116	3.23002e+06	20950.7
	2117	3.22246e+06	20980
	2118	3.21493e+06	21008.3
	2119	3.20743e+06	21035.5
	2120	3.19996e+06	21061.7
	2121	3.19254e+06	21086.9
	2122	3.18515e+06	21111.2
	2123	3.1778e+06	21134.4
	2124	3.17049e+06	21156.7
	2125	3.16322e+06	21178.1
	2126	3.156e+06	21198.5
	2127	3.14882e+06	21218
	2128	3.1417e+06	21236.6
	2129	3.13462e+06	21254.3
	2130	3.12759e+06	21271.1
	2131	3.12061e+06	21287
	2132	3.11369e+06	21302.1
	2133	3.10682e+06	21316.4
	2134	3.10001e+06	21329.8
	2135	3.09325e+06	21342.5
	2136	3.08655e+06	21354.3
	2137	3.07991e+06	21365.4
	2138	3.07332e+06	21375.7
	2139	3.0668e+06	21385.2
	2140	3.06034e+06	21394.1
	2141	3.05394e+06	21402.2
	2142	3.04761e+06	21409.6
	2143	3.04134e+06	21416.3
	2144	3.03513e+06	21422.3
	2145	3.02899e+06	21427.7
	2146	3.02292e+06	21432.4
	2147	3.01691e+06	21436.5
	2148	3.01097e+06	21439.9
	2149	3.00509e+06	21442.8
	2150	2.99929e+06	21445.1
	2151	2.99355e+06	21446.8
	2152	2.98788e+06	21447.9
	2153	2.98229e+06	21448.5
	2154	2.97676e+06	21448.5
	2155	2.9713e+06	21448.1
	2156	2.96592e+06	21447.1
	2157	2.96061e+06	21445.6
	2158	2.95536e+06	21443.7
	2159	2.95019e+06	21441.3
	2160	2.9451e+06	21438.4
	2161	2.94007e+06	21435.1
	2162	2.93512e+06	21431.3
	2163	2.93024e+06	21427.2
	2164	2.92543e+06	21422.6
	2165	2.9207e+06	21417.7
	2166	2.91604e+06	21412.4
	2167	2.91145e+06	21406.7
	2168	2.90694e+06	21400.6
	2169	2.9025e+06	21394.2
	2170	2.89813e+06	21387.5
	2171	2.89383e+06	21380.5
	2172	2.88961e+06	21373.1
	2173	2.88547e+06	21365.5
	2174	2.8814e+06	21357.6
	2175	2.8774e+06	21349.4
	2176	2.87347e+06	21340.9
	2177	2.86962e+06	21332.2
	2178	2.86583e+06	21323.3
	2179	2.86213e+06	21314.1
	2180	2.85849e+06	21304.7
	2181	2.85493e+06	21295
	2182	2.85144e+06	21285.2
	2183	2.84802e+06	21275.2
	2184	2.84467e+06	21265
	2185	2.8414e+06	21254.6
	2186	2.8382e+06	21244.1
	2187	2.83506e+06	21233.4
	2188	2.832e+06	21222.6
	2189	2.82901e+06	21211.6
	2190	2.82609e+06	21200.5
	2191	2.82324e+06	21189.3
	2192	2.82045e+06	21178
	2193	2.81774e+06	21166.5
	2194	2.8151e+06	21155
	2195	2.81252e+06	21143.4
	2196	2.81001e+06	21131.7
	2197	2.80757e+06	21119.9
	2198	2.8052e+06	21108.1
	2199	2.80289e+06	21096.2
	2200	2.80065e+06	21084.3
	2201	2.79847e+06	21072.3
	2202	2.79636e+06	21060.2
	2203	2.79431e+06	21048.2
	2204	2.79233e+06	21036.1
	2205	2.79041e+06	21024
	2206	2.78856e+06	21011.9
	2207	2.78676e+06	20999.8
	2208	2.78503e+06	20987.6
	2209	2.78336e+06	20975.5
	2210	2.78175e+06	20963.4
	2211	2.7802e+06	20951.3
	2212	2.77871e+06	20939.3
	2213	2.77728e+06	20927.2
	2214	2.77591e+06	20915.2
	2215	2.7746e+06	20903.3
	2216	2.77334e+06	20891.3
	2217	2.77214e+06	20879.4
	2218	2.771e+06	20867.6
	2219	2.76991e+06	20855.8
	2220	2.76888e+06	20844.1
	2221	2.7679e+06	20832.5
	2222	2.76697e+06	20820.9
	2223	2.76609e+06	20809.4
	2224	2.76527e+06	20797.9
	2225	2.7645e+06	20786.6
	2226	2.76378e+06	20775.3
	2227	2.76311e+06	20764.1
	2228	2.76249e+06	20753
	2229	2.76192e+06	20742
	2230	2.76139e+06	20731.1
	2231	2.76091e+06	20720.3
	2232	2.76048e+06	20709.5
	2233	2.76009e+06	20698.9
	2234	2.75975e+06	20688.4
	2235	2.75945e+06	20678
	2236	2.7592e+06	20667.8
	2237	2.75898e+06	20657.6
	2238	2.75881e+06	20647.5
	2239	2.75868e+06	20637.6
	2240	2.7586e+06	20627.8
	2241	2.75855e+06	20618.1
	2242	2.75853e+06	20608.5
	2243	2.75856e+06	20599.1
	2244	2.75863e+06	20589.8
	2245	2.75873e+06	20580.6
	2246	2.75886e+06	20571.5
	2247	2.75903e+06	20562.6
	2248	2.75924e+06	20553.8
	2249	2.75948e+06	20545.2
	2250	2.75975e+06	20536.7
	2251	2.76005e+06	20528.3
	2252	2.76039e+06	20520
	2253	2.76075e+06	20511.9
	2254	2.76114e+06	20504
	2255	2.76157e+06	20496.1
	2256	2.76202e+06	20488.5
	2257	2.76249e+06	20480.9
	2258	2.763e+06	20473.5
	2259	2.76353e+06	20466.3
	2260	2.76408e+06	20459.1
	2261	2.76466e+06	20452.2
	2262	2.76526e+06	20445.3
	2263	2.76589e+06	20438.7
	2264	2.76654e+06	20432.1
	2265	2.7672e+06	20425.7
	2266	2.76789e+06	20419.5
	2267	2.7686e+06	20413.3
	2268	2.76933e+06	20407.4
	2269	2.77007e+06	20401.6
	2270	2.77084e+06	20395.9
	2271	2.77162e+06	20390.3
	2272	2.77241e+06	20384.9
	2273	2.77323e+06	20379.7
	2274	2.77405e+06	20374.5
	2275	2.77489e+06	20369.6
	2276	2.77575e+06	20364.7
	2277	2.77661e+06	20360
	2278	2.77749e+06	20355.5
	2279	2.77838e+06	20351
	2280	2.77928e+06	20346.8
	2281	2.7802e+06	20342.6
	2282	2.78112e+06	20338.6
	2283	2.78205e+06	20334.7
	2284	2.78298e+06	20331
	2285	2.78393e+06	20327.3
	2286	2.78488e+06	20323.9
	2287	2.78584e+06	20320.5
	2288	2.78681e+06	20317.3
	2289	2.78778e+06	20314.2
	2290	2.78875e+06	20311.2
	2291	2.78973e+06	20308.3
	2292	2.79071e+06	20305.6
	2293	2.7917e+06	20303
	2294	2.79269e+06	20300.5
	2295	2.79368e+06	20298.2
	2296	2.79467e+06	20295.9
	2297	2.79566e+06	20293.8
	2298	2.79665e+06	20291.8
	2299	2.79764e+06	20289.9
	2300	2.79864e+06	20288.1
	2301	2.79963e+06	20286.4
	2302	2.80062e+06	20284.9
	2303	2.80161e+06	20283.4
	2304	2.80259e+06	20282.1
	2305	2.80357e+06	20280.8
	2306	2.80455e+06	20279.7
	2307	2.80553e+06	20278.7
	2308	2.8065e+06	20277.7
	2309	2.80747e+06	20276.9
	2310	2.80843e+06	20276.1
	2311	2.80939e+06	20275.5
	2312	2.81034e+06	20274.9
	2313	2.81129e+06	20274.5
	2314	2.81223e+06	20274.1
	2315	2.81316e+06	20273.8
	2316	2.81409e+06	20273.6
	2317	2.81501e+06	20273.5
	2318	2.81592e+06	20273.5
	2319	2.81683e+06	20273.6
	2320	2.81772e+06	20273.7
	2321	2.81861e+06	20273.9
	2322	2.81949e+06	20274.2
	2323	2.82036e+06	20274.6
	2324	2.82122e+06	20275
	2325	2.82208e+06	20275.5
	2326	2.82292e+06	20276.1
	2327	2.82376e+06	20276.7
	2328	2.82458e+06	20277.4
	2329	2.82539e+06	20278.2
	2330	2.8262e+06	20279.1
	2331	2.82699e+06	20280
	2332	2.82777e+06	20280.9
	2333	2.82854e+06	20281.9
	2334	2.82931e+06	20283
	2335	2.83005e+06	20284.1
	2336	2.83079e+06	20285.3
	2337	2.83152e+06	20286.6
	2338	2.83224e+06	20287.8
	2339	2.83294e+06	20289.2
	2340	2.83363e+06	20290.5
	2341	2.83432e+06	20292
	2342	2.83499e+06	20293.4
	2343	2.83564e+06	20294.9
	2344	2.83629e+06	20296.5
	2345	2.83692e+06	20298.1
	2346	2.83754e+06	20299.7
	2347	2.83815e+06	20301.3
	2348	2.83875e+06	20303
	2349	2.83934e+06	20304.7
	2350	2.83991e+06	20306.5
	2351	2.84047e+06	20308.3
	2352	2.84102e+06	20310.1
	2353	2.84155e+06	20311.9
	2354	2.84208e+06	20313.8
	2355	2.84259e+06	20315.6
	2356	2.84309e+06	20317.6
	2357	2.84358e+06	20319.5
	2358	2.84405e+06	20321.4
	2359	2.84452e+06	20323.4
	2360	2.84497e+06	20325.4
	2361	2.84541e+06	20327.4
	2362	2.84583e+06	20329.4
	2363	2.84625e+06	20331.4
	2364	2.84665e+06	20333.4
	2365	2.84704e+06	20335.5
	2366	2.84742e+06	20337.5
	2367	2.84779e+06	20339.6
	2368	2.84815e+06	20341.7
	2369	2.84849e+06	20343.7
	2370	2.84883e+06	20345.8
	2371	2.84915e+06	20347.9
	2372	2.84946e+06	20350
	2373	2.84976e+06	20352.1
	2374	2.85005e+06	20354.2
	2375	2.85033e+06	20356.2
	2376	2.85059e+06	20358.3
	2377	2.85085e+06	20360.4
	2378	2.85109e+06	20362.5
	2379	2.85133e+06	20364.6
	2380	2.85155e+06	20366.6
	2381	2.85177e+06	20368.7
	2382	2.85197e+06	20370.8
	2383	2.85216e+06	20372.8
	2384	2.85235e+06	20374.9
	2385	2.85252e+06	20376.9
	2386	2.85268e+06	20378.9
	2387	2.85284e+06	20380.9
	2388	2.85298e+06	20382.9
	2389	2.85312e+06	20384.9
	2390	2.85325e+06	20386.9
	2391	2.85336e+06	20388.9
	2392	2.85347e+06	20390.8
	2393	2.85357e+06	20392.7
	2394	2.85366e+06	20394.7
	2395	2.85375e+06	20396.6
	2396	2.85382e+06	20398.4
	2397	2.85389e+06	20400.3
	2398	2.85395e+06	20402.2
	2399	2.854e+06	20404
	2400	2.85404e+06	20405.8
	2401	2.85407e+06	20407.6
	2402	2.8541e+06	20409.4
	2403	2.85412e+06	20411.1
	2404	2.85414e+06	20412.9
	2405	2.85414e+06	20414.6
	2406	2.85414e+06	20416.3
	2407	2.85413e+06	20417.9
	2408	2.85412e+06	20419.6
	2409	2.8541e+06	20421.2
	2410	2.85407e+06	20422.8
	2411	2.85404e+06	20424.4
	2412	2.854e+06	20426
	2413	2.85396e+06	20427.5
	2414	2.85391e+06	20429
	2415	2.85385e+06	20430.5
	2416	2.85379e+06	20432
	2417	2.85373e+06	20433.4
	2418	2.85365e+06	20434.8
	2419	2.85358e+06	20436.2
	2420	2.8535e+06	20437.6
	2421	2.85341e+06	20439
	2422	2.85332e+06	20440.3
	2423	2.85323e+06	20441.6
	2424	2.85313e+06	20442.8
	2425	2.85303e+06	20444.1
	2426	2.85292e+06	20445.3
	2427	2.85281e+06	20446.5
	2428	2.85269e+06	20447.7
	2429	2.85258e+06	20448.8
	2430	2.85246e+06	20449.9
	2431	2.85233e+06	20451
	2432	2.8522e+06	20452.1
	2433	2.85207e+06	20453.1
	2434	2.85194e+06	20454.2
	2435	2.8518e+06	20455.2
	2436	2.85167e+06	20456.1
	2437	2.85152e+06	20457.1
	2438	2.85138e+06	20458
	2439	2.85123e+06	20458.9
	2440	2.85109e+06	20459.8
	2441	2.85094e+06	20460.6
	2442	2.85078e+06	20461.4
	2443	2.85063e+06	20462.2
	2444	2.85047e+06	20463
	2445	2.85032e+06	20463.8
	2446	2.85016e+06	20464.5
	2447	2.85e+06	20465.2
	2448	2.84984e+06	20465.9
	2449	2.84967e+06	20466.5
	2450	2.84951e+06	20467.2
	2451	2.84935e+06	20467.8
	2452	2.84918e+06	20468.4
	2453	2.84902e+06	20468.9
	2454	2.84885e+06	20469.5
	2455	2.84868e+06	20470
	2456	2.84851e+06	20470.5
	2457	2.84834e+06	20471
	2458	2.84818e+06	20471.4
	2459	2.84801e+06	20471.9
	2460	2.84784e+06	20472.3
	2461	2.84767e+06	20472.7
	2462	2.8475e+06	20473.1
	2463	2.84733e+06	20473.4
	2464	2.84716e+06	20473.8
	2465	2.84699e+06	20474.1
	2466	2.84683e+06	20474.4
	2467	2.84666e+06	20474.6
	2468	2.84649e+06	20474.9
	2469	2.84632e+06	20475.2
	2470	2.84616e+06	20475.4
	2471	2.84599e+06	20475.6
	2472	2.84583e+06	20475.8
	2473	2.84566e+06	20475.9
	2474	2.8455e+06	20476.1
	2475	2.84534e+06	20476.2
	2476	2.84518e+06	20476.4
	2477	2.84502e+06	20476.5
	2478	2.84486e+06	20476.5
	2479	2.8447e+06	20476.6
	2480	2.84454e+06	20476.7
	2481	2.84439e+06	20476.7
	2482	2.84423e+06	20476.7
	2483	2.84408e+06	20476.8
	2484	2.84393e+06	20476.8
	2485	2.84378e+06	20476.8
	2486	2.84363e+06	20476.7
	2487	2.84348e+06	20476.7
	2488	2.84334e+06	20476.6
	2489	2.84319e+06	20476.6
	2490	2.84305e+06	20476.5
	2491	2.84291e+06	20476.4
	2492	2.84277e+06	20476.3
	2493	2.84263e+06	20476.2
	2494	2.8425e+06	20476.1
	2495	2.84236e+06	20475.9
	2496	2.84223e+06	20475.8
	2497	2.8421e+06	20475.6
	2498	2.84197e+06	20475.5
	2499	2.84185e+06	20475.3
	2500	2.84172e+06	20475.1
	2501	2.8416e+06	20474.9
	2502	2.84148e+06	20474.7
	2503	2.84136e+06	20474.5
	2504	2.84124e+06	20474.3
	2505	2.84112e+06	20474.1
	2506	2.84101e+06	20473.9
	2507	2.8409e+06	20473.6
	2508	2.84079e+06	20473.4
	2509	2.84068e+06	20473.1
	2510	2.84058e+06	20472.9
	2511	2.84047e+06	20472.6
	2512	2.84037e+06	20472.3
	2513	2.84027e+06	20472.1
	2514	2.84017e+06	20471.8
	2515	2.84008e+06	20471.5
	2516	2.83998e+06	20471.2
	2517	2.83989e+06	20470.9
	2518	2.8398e+06	20470.6
	2519	2.83972e+06	20470.3
	2520	2.83963e+06	20470
	2521	2.83955e+06	20469.7
	2522	2.83946e+06	20469.3
	2523	2.83939e+06	20469
	2524	2.83931e+06	20468.7
	2525	2.83923e+06	20468.4
	2526	2.83916e+06	20468
	2527	2.83909e+06	20467.7
	2528	2.83902e+06	20467.4
	2529	2.83895e+06	20467
	2530	2.83888e+06	20466.7
	2531	2.83882e+06	20466.4
	2532	2.83876e+06	20466
	2533	2.8387e+06	20465.7
	2534	2.83864e+06	20465.3
	2535	2.83858e+06	20465
	2536	2.83853e+06	20464.7
	2537	2.83848e+06	20464.3
	2538	2.83843e+06	20464
	2539	2.83838e+06	20463.6
	2540	2.83833e+06	20463.3
	2541	2.83829e+06	20462.9
	2542	2.83824e+06	20462.6
	2543	2.8382e+06	20462.3
	2544	2.83816e+06	20461.9
	2545	2.83812e+06	20461.6
	2546	2.83809e+06	20461.2
	2547	2.83805e+06	20460.9
	2548	2.83802e+06	20460.5
	2549	2.83799e+06	20460.2
	2550	2.83796e+06	20459.9
	2551	2.83793e+06	20459.5
	2552	2.8379e+06	20459.2
	2553	2.83788e+06	20458.9
	2554	2.83786e+06	20458.5
	2555	2.83783e+06	20458.2
	2556	2.83781e+06	20457.9
	2557	2.83779e+06	20457.6
	2558	2.83778e+06	20457.2
	2559	2.83776e+06	20456.9
	2560	2.83775e+06	20456.6
	2561	2.83773e+06	20456.3
	2562	2.83772e+06	20456
	2563	2.83771e+06	20455.7
	2564	2.8377e+06	20455.4
	2565	2.83769e+06	20455.1
	2566	2.83768e+06	20454.8
	2567	2.83768e+06	20454.5
	2568	2.83768e+06	20454.2
	2569	2.83767e+06	20453.9
	2570	2.83767e+06	20453.6
	2571	2.83767e+06	20453.3
	2572	2.83767e+06	20453.1
	2573	2.83767e+06	20452.8
	2574	2.83767e+06	20452.5
	2575	2.83768e+06	20452.3
	2576	2.83768e+06	20452
	2577	2.83769e+06	20451.7
	2578	2.83769e+06	20451.5
	2579	2.8377e+06	20451.2
	2580	2.83771e+06	20451
	2581	2.83772e+06	20450.7
	2582	2.83773e+06	20450.5
	2583	2.83774e+06	20450.3
	2584	2.83775e+06	20450
	2585	2.83776e+06	20449.8
	2586	2.83778e+06	20449.6
	2587	2.83779e+06	20449.4
	2588	2.83781e+06	20449.1
	2589	2.83782e+06	20448.9
	2590	2.83784e+06	20448.7
	2591	2.83786e+06	20448.5
	2592	2.83787e+06	20448.3
	2593	2.83789e+06	20448.1
	2594	2.83791e+06	20447.9
	2595	2.83793e+06	20447.7
	2596	2.83795e+06	20447.6
	2597	2.83797e+06	20447.4
	2598	2.83799e+06	20447.2
	2599	2.83801e+06	20447
	2600	2.83804e+06	20446.9
	2601	2.83806e+06	20446.7
	2602	2.83808e+06	20446.6
	2603	2.8381e+06	20446.4
	2604	2.83813e+06	20446.2
	2605	2.83815e+06	20446.1
	2606	2.83818e+06	20446
	2607	2.8382e+06	20445.8
	2608	2.83823e+06	20445.7
	2609	2.83825e+06	20445.6
	2610	2.83828e+06	20445.4
	2611	2.8383e+06	20445.3
	2612	2.83833e+06	20445.2
	2613	2.83836e+06	20445.1
	2614	2.83838e+06	20445
	2615	2.83841e+06	20444.9
	2616	2.83844e+06	20444.8
	2617	2.83846e+06	20444.7
	2618	2.83849e+06	20444.6
	2619	2.83852e+06	20444.5
	2620	2.83855e+06	20444.4
	2621	2.83858e+06	20444.3
	2622	2.8386e+06	20444.2
	2623	2.83863e+06	20444.1
	2624	2.83866e+06	20444.1
	2625	2.83869e+06	20444
	2626	2.83871e+06	20443.9
	2627	2.83874e+06	20443.9
	2628	2.83877e+06	20443.8
	2629	2.8388e+06	20443.7
	2630	2.83883e+06	20443.7
	2631	2.83885e+06	20443.6
	2632	2.83888e+06	20443.6
	2633	2.83891e+06	20443.5
	2634	2.83894e+06	20443.5
	2635	2.83896e+06	20443.5
	2636	2.83899e+06	20443.4
	2637	2.83902e+06	20443.4
	2638	2.83905e+06	20443.4
	2639	2.83907e+06	20443.3
	2640	2.8391e+06	20443.3
	2641	2.83913e+06	20443.3
	2642	2.83915e+06	20443.3
	2643	2.83918e+06	20443.3
	2644	2.83921e+06	20443.3
	2645	2.83923e+06	20443.2
	2646	2.83926e+06	20443.2
	2647	2.83929e+06	20443.2
	2648	2.83931e+06	20443.2
	2649	2.83934e+06	20443.2
	2650	2.83936e+06	20443.2
	2651	2.83939e+06	20443.2
	2652	2.83941e+06	20443.2
	2653	2.83943e+06	20443.2
	2654	2.83946e+06	20443.2
	2655	2.83948e+06	20443.3
	2656	2.83951e+06	20443.3
	2657	2.83953e+06	20443.3
	2658	2.83955e+06	20443.3
	2659	2.83958e+06	20443.3
	2660	2.8396e+06	20443.3
	2661	2.83962e+06	20443.4
	2662	2.83964e+06	20443.4
	2663	2.83966e+06	20443.4
	2664	2.83968e+06	20443.5
	2665	2.83971e+06	20443.5
	2666	2.83973e+06	20443.5
	2667	2.83975e+06	20443.5
	2668	2.83977e+06	20443.6
	2669	2.83979e+06	20443.6
	2670	2.83981e+06	20443.6
	2671	2.83982e+06	20443.7
	2672	2.83984e+06	20443.7
	2673	2.83986e+06	20443.8
	2674	2.83988e+06	20443.8
	2675	2.8399e+06	20443.9
	2676	2.83991e+06	20443.9
	2677	2.83993e+06	20443.9
	2678	2.83995e+06	20444
	2679	2.83996e+06	20444
	2680	2.83998e+06	20444.1
	2681	2.84e+06	20444.1
	2682	2.84001e+06	20444.2
	2683	2.84003e+06	20444.2
	2684	2.84004e+06	20444.3
	2685	2.84006e+06	20444.3
	2686	2.84007e+06	20444.4
	2687	2.84008e+06	20444.4
	2688	2.8401e+06	20444.5
	2689	2.84011e+06	20444.5
	2690	2.84012e+06	20444.6
	2691	2.84014e+06	20444.6
	2692	2.84015e+06	20444.7
	2693	2.84016e+06	20444.8
	2694	2.84017e+06	20444.8
	2695	2.84018e+06	20444.9
	2696	2.84019e+06	20444.9
	2697	2.8402e+06	20445
	2698	2.84021e+06	20445
	2699	2.84022e+06	20445.1
	2700	2.84023e+06	20445.2
	2701	2.84024e+06	20445.2
	2702	2.84025e+06	20445.3
	2703	2.84026e+06	20445.3
	2704	2.84027e+06	20445.4
	2705	2.84028e+06	20445.4
	2706	2.84028e+06	20445.5
	2707	2.84029e+06	20445.6
	2708	2.8403e+06	20445.6
	2709	2.8403e+06	20445.7
	2710	2.84031e+06	20445.7
	2711	2.84032e+06	20445.8
	2712	2.84032e+06	20445.8
	2713	2.84033e+06	20445.9
	2714	2.84033e+06	20445.9
	2715	2.84034e+06	20446
	2716	2.84034e+06	20446.1
	2717	2.84035e+06	20446.1
	2718	2.84035e+06	20446.2
	2719	2.84036e+06	20446.2
	2720	2.84036e+06	20446.3
	2721	2.84036e+06	20446.3
	2722	2.84037e+06	20446.4
	2723	2.84037e+06	20446.4
	2724	2.84037e+06	20446.5
	2725	2.84038e+06	20446.5
	2726	2.84038e+06	20446.6
	2727	2.84038e+06	20446.7
	2728	2.84038e+06	20446.7
	2729	2.84038e+06	20446.8
	2730	2.84038e+06	20446.8
	2731	2.84039e+06	20446.9
	2732	2.84039e+06	20446.9
	2733	2.84039e+06	20447
	2734	2.84039e+06	20447
	2735	2.84039e+06	20447
	2736	2.84039e+06	20447.1
	2737	2.84039e+06	20447.1
	2738	2.84039e+06	20447.2
	2739	2.84039e+06	20447.2
	2740	2.84039e+06	20447.3
	2741	2.84039e+06	20447.3
	2742	2.84039e+06	20447.4
	2743	2.84039e+06	20447.4
	2744	2.84038e+06	20447.5
	2745	2.84038e+06	20447.5
	2746	2.84038e+06	20447.5
	2747	2.84038e+06	20447.6
	2748	2.84038e+06	20447.6
	2749	2.84038e+06	20447.7
	2750	2.84037e+06	20447.7
	2751	2.84037e+06	20447.7
	2752	2.84037e+06	20447.8
	2753	2.84037e+06	20447.8
	2754	2.84036e+06	20447.8
	2755	2.84036e+06	20447.9
	2756	2.84036e+06	20447.9
	2757	2.84036e+06	20447.9
	2758	2.84035e+06	20448
	2759	2.84035e+06	20448
	2760	2.84035e+06	20448
	2761	2.84034e+06	20448.1
	2762	2.84034e+06	20448.1
	2763	2.84034e+06	20448.1
	2764	2.84033e+06	20448.2
	2765	2.84033e+06	20448.2
	2766	2.84033e+06	20448.2
	2767	2.84032e+06	20448.2
	2768	2.84032e+06	20448.3
	2769	2.84031e+06	20448.3
	2770	2.84031e+06	20448.3
	2771	2.84031e+06	20448.3
	2772	2.8403e+06	20448.4
	2773	2.8403e+06	20448.4
	2774	2.84029e+06	20448.4
	2775	2.84029e+06	20448.4
	2776	2.84029e+06	20448.4
	2777	2.84028e+06	20448.5
	2778	2.84028e+06	20448.5
	2779	2.84027e+06	20448.5
	2780	2.84027e+06	20448.5
	2781	2.84026e+06	20448.5
	2782	2.84026e+06	20448.6
	2783	2.84025e+06	20448.6
	2784	2.84025e+06	20448.6
	2785	2.84025e+06	20448.6
	2786	2.84024e+06	20448.6
	2787	2.84024e+06	20448.6
	2788	2.84023e+06	20448.6
	2789	2.84023e+06	20448.7
	2790	2.84022e+06	20448.7
	2791	2.84022e+06	20448.7
	2792	2.84021e+06	20448.7
	2793	2.84021e+06	20448.7
	2794	2.8402e+06	20448.7
	2795	2.8402e+06	20448.7
	2796	2.84019e+06	20448.7
	2797	2.84019e+06	20448.7
	2798	2.84018e+06	20448.7
	2799	2.84018e+06	20448.8
	2800	2.84018e+06	20448.8
	2801	2.84017e+06	20448.8
	2802	2.84017e+06	20448.8
	2803	2.84016e+06	20448.8
	2804	2.84016e+06	20448.8
	2805	2.84015e+06	20448.8
	2806	2.84015e+06	20448.8
	2807	2.84014e+06	20448.8
	2808	2.84014e+06	20448.8
	2809	2.84014e+06	20448.8
	2810	2.84013e+06	20448.8
	2811	2.84013e+06	20448.8
	2812	2.84012e+06	20448.8
	2813	2.84012e+06	20448.8
	2814	2.84011e+06	20448.8
	2815	2.84011e+06	20448.8
	2816	2.84011e+06	20448.8
	2817	2.8401e+06	20448.8
	2818	2.8401e+06	20448.8
	2819	2.84009e+06	20448.8
	2820	2.84009e+06	20448.8
	2821	2.84009e+06	20448.8
	2822	2.84008e+06	20448.8
	2823	2.84008e+06	20448.8
	2824	2.84007e+06	20448.8
	2825	2.84007e+06	20448.8
	2826	2.84007e+06	20448.8
	2827	2.84006e+06	20448.8
	2828	2.84006e+06	20448.8
	2829	2.84006e+06	20448.8
	2830	2.84005e+06	20448.8
	2831	2.84005e+06	20448.8
	2832	2.84005e+06	20448.8
	2833	2.84004e+06	20448.7
	2834	2.84004e+06	20448.7
	2835	2.84004e+06	20448.7
	2836	2.84003e+06	20448.7
	2837	2.84003e+06	20448.7
	2838	2.84003e+06	20448.7
	2839	2.84002e+06	20448.7
	2840	2.84002e+06	20448.7
	2841	2.84002e+06	20448.7
	2842	2.84001e+06	20448.7
	2843	2.84001e+06	20448.7
	2844	2.84001e+06	20448.7
	2845	2.84001e+06	20448.7
	2846	2.84e+06	20448.7
	2847	2.84e+06	20448.6
	2848	2.84e+06	20448.6
	2849	2.84e+06	20448.6
	2850	2.83999e+06	20448.6
	2851	2.83999e+06	20448.6
	2852	2.83999e+06	20448.6
	2853	2.83999e+06	20448.6
	2854	2.83998e+06	20448.6
	2855	2.83998e+06	20448.6
	2856	2.83998e+06	20448.6
	2857	2.83998e+06	20448.6
	2858	2.83998e+06	20448.6
	2859	2.83997e+06	20448.5
	2860	2.83997e+06	20448.5
	2861	2.83997e+06	20448.5
	2862	2.83997e+06	20448.5
	2863	2.83997e+06	20448.5
	2864	2.83997e+06	20448.5
	2865	2.83996e+06	20448.5
	2866	2.83996e+06	20448.5
	2867	2.83996e+06	20448.5
	2868	2.83996e+06	20448.5
	2869	2.83996e+06	20448.4
	2870	2.83996e+06	20448.4
	2871	2.83995e+06	20448.4
	2872	2.83995e+06	20448.4
	2873	2.83995e+06	20448.4
	2874	2.83995e+06	20448.4
	2875	2.83995e+06	20448.4
	2876	2.83995e+06	20448.4
	2877	2.83995e+06	20448.4
	2878	2.83995e+06	20448.4
	2879	2.83995e+06	20448.4
	2880	2.83995e+06	20448.3
	2881	2.83994e+06	20448.3
	2882	2.83994e+06	20448.3
	2883	2.83994e+06	20448.3
	2884	2.83994e+06	20448.3
	2885	2.83994e+06	20448.3
	2886	2.83994e+06	20448.3
	2887	2.83994e+06	20448.3
	2888	2.83994e+06	20448.3
	2889	2.83994e+06	20448.3
	2890	2.83994e+06	20448.3
	2891	2.83994e+06	20448.2
	2892	2.83994e+06	20448.2
	2893	2.83994e+06	20448.2
	2894	2.83994e+06	20448.2
	2895	2.83994e+06	20448.2
	2896	2.83994e+06	20448.2
	2897	2.83994e+06	20448.2
	2898	2.83994e+06	20448.2
	2899	2.83994e+06	20448.2
	2900	2.83994e+06	20448.2
	2901	2.83994e+06	20448.2
	2902	2.83994e+06	20448.2
	2903	2.83994e+06	20448.1
	2904	2.83994e+06	20448.1
	2905	2.83994e+06	20448.1
	2906	2.83994e+06	20448.1
	2907	2.83994e+06	20448.1
	2908	2.83994e+06	20448.1
	2909	2.83994e+06	20448.1
	2910	2.83994e+06	20448.1
	2911	2.83994e+06	20448.1
	2912	2.83994e+06	20448.1
	2913	2.83994e+06	20448.1
	2914	2.83994e+06	20448.1
	2915	2.83994e+06	20448.1
	2916	2.83994e+06	20448.1
	2917	2.83994e+06	20448.1
	2918	2.83994e+06	20448
	2919	2.83994e+06	20448
	2920	2.83994e+06	20448
	2921	2.83994e+06	20448
	2922	2.83994e+06	20448
	2923	2.83994e+06	20448
	2924	2.83994e+06	20448
	2925	2.83994e+06	20448
	2926	2.83994e+06	20448
	2927	2.83994e+06	20448
	2928	2.83994e+06	20448
	2929	2.83995e+06	20448
	2930	2.83995e+06	20448
	2931	2.83995e+06	20448
	2932	2.83995e+06	20448
	2933	2.83995e+06	20448
	2934	2.83995e+06	20448
	2935	2.83995e+06	20448
	2936	2.83995e+06	20448
	2937	2.83995e+06	20448
	2938	2.83995e+06	20447.9
	2939	2.83995e+06	20447.9
	2940	2.83995e+06	20447.9
	2941	2.83995e+06	20447.9
	2942	2.83995e+06	20447.9
	2943	2.83995e+06	20447.9
	2944	2.83996e+06	20447.9
	2945	2.83996e+06	20447.9
	2946	2.83996e+06	20447.9
	2947	2.83996e+06	20447.9
	2948	2.83996e+06	20447.9
	2949	2.83996e+06	20447.9
	2950	2.83996e+06	20447.9
	2951	2.83996e+06	20447.9
	2952	2.83996e+06	20447.9
	2953	2.83996e+06	20447.9
	2954	2.83996e+06	20447.9
	2955	2.83996e+06	20447.9
	2956	2.83996e+06	20447.9
	2957	2.83997e+06	20447.9
	2958	2.83997e+06	20447.9
	2959	2.83997e+06	20447.9
	2960	2.83997e+06	20447.9
	2961	2.83997e+06	20447.9
	2962	2.83997e+06	20447.9
	2963	2.83997e+06	20447.9
	2964	2.83997e+06	20447.9
	2965	2.83997e+06	20447.9
	2966	2.83997e+06	20447.9
	2967	2.83997e+06	20447.9
	2968	2.83997e+06	20447.9
	2969	2.83997e+06	20447.9
	2970	2.83998e+06	20447.9
	2971	2.83998e+06	20447.9
	2972	2.83998e+06	20447.9
	2973	2.83998e+06	20447.9
	2974	2.83998e+06	20447.9
	2975	2.83998e+06	20447.9
	2976	2.83998e+06	20447.9
	2977	2.83998e+06	20447.9
	2978	2.83998e+06	20447.9
	2979	2.83998e+06	20447.9
	2980	2.83998e+06	20447.9
	2981	2.83998e+06	20447.9
	2982	2.83998e+06	20447.9
	2983	2.83998e+06	20447.9
	2984	2.83999e+06	20447.9
	2985	2.83999e+06	20447.9
	2986	2.83999e+06	20447.9
	2987	2.83999e+06	20447.9
	2988	2.83999e+06	20447.9
	2989	2.83999e+06	20447.9
	2990	2.83999e+06	20447.9
	2991	2.83999e+06	20447.9
	2992	2.83999e+06	20447.9
	2993	2.83999e+06	20447.9
	2994	2.83999e+06	20447.9
	2995	2.83999e+06	20447.9
	2996	2.83999e+06	20447.9
	2997	2.83999e+06	20447.9
	2998	2.83999e+06	20447.9
	2999	2.83999e+06	20447.9
	3000	2.84e+06	20447.9
	3001	2.84e+06	20447.9
	3002	2.84e+06	20447.9
	3003	2.84e+06	20447.9
	3004	2.84e+06	20447.9
	3005	2.84e+06	20447.9
	3006	2.84e+06	20447.9
	3007	2.84e+06	20447.9
	3008	2.84e+06	20447.9
	3009	2.84e+06	20447.9
	3010	2.84e+06	20447.9
	3011	2.84e+06	20447.9
	3012	2.84e+06	20447.9
	3013	2.84e+06	20447.9
	3014	2.84e+06	20447.9
	3015	2.84e+06	20447.9
	3016	2.84e+06	20447.9
	3017	2.84e+06	20447.9
	3018	2.84e+06	20447.9
	3019	2.84e+06	20447.9
	3020	2.84e+06	20447.9
	3021	2.84e+06	20447.9
	3022	2.84e+06	20447.9
	3023	2.84001e+06	20447.9
	3024	2.84001e+06	20447.9
	3025	2.84001e+06	20447.9
	3026	2.84001e+06	20447.9
	3027	2.84001e+06	20447.9
	3028	2.84001e+06	20447.9
	3029	2.84001e+06	20447.9
	3030	2.84001e+06	20447.9
	3031	2.84001e+06	20447.9
	3032	2.84001e+06	20447.9
	3033	2.84001e+06	20447.9
	3034	2.84001e+06	20447.9
	3035	2.84001e+06	20447.9
	3036	2.84001e+06	20447.9
	3037	2.84001e+06	20447.9
	3038	2.84001e+06	20447.9
	3039	2.84001e+06	20447.9
	3040	2.84001e+06	20447.9
	3041	2.84001e+06	20447.9
	3042	2.84001e+06	20447.9
	3043	2.84001e+06	20447.9
	3044	2.84001e+06	20447.9
	3045	2.84001e+06	20448
	3046	2.84001e+06	20448
	3047	2.84001e+06	20448
	3048	2.84001e+06	20448
	3049	2.84001e+06	20448
	3050	2.84001e+06	20448
	3051	2.84001e+06	20448
	3052	2.84001e+06	20448
	3053	2.84001e+06	20448
	3054	2.84001e+06	20448
	3055	2.84001e+06	20448
	3056	2.84001e+06	20448
	3057	2.84001e+06	20448
	3058	2.84001e+06	20448
	3059	2.84001e+06	20448
	3060	2.84001e+06	20448
	3061	2.84001e+06	20448
	3062	2.84001e+06	20448
	3063	2.84001e+06	20448
	3064	2.84001e+06	20448
	3065	2.84001e+06	20448
	3066	2.84001e+06	20448
	3067	2.84001e+06	20448
	3068	2.84001e+06	20448
	3069	2.84001e+06	20448
	3070	2.84001e+06	20448
	3071	2.84001e+06	20448
	3072	2.84001e+06	20448
	3073	2.84001e+06	20448
	3074	2.84001e+06	20448
	3075	2.84001e+06	20448
	3076	2.84001e+06	20448
	3077	2.84001e+06	20448
	3078	2.84001e+06	20448
	3079	2.84001e+06	20448
	3080	2.84001e+06	20448
	3081	2.84001e+06	20448
	3082	2.84001e+06	20448
	3083	2.84001e+06	20448
	3084	2.84001e+06	20448
	3085	2.84001e+06	20448
	3086	2.84001e+06	20448
	3087	2.84001e+06	20448
	3088	2.84001e+06	20448
	3089	2.84001e+06	20448
	3090	2.84001e+06	20448
	3091	2.84001e+06	20448
	3092	2.84001e+06	20448
	3093	2.84001e+06	20448
	3094	2.84001e+06	20448
	3095	2.84001e+06	20448
	3096	2.84001e+06	20448
	3097	2.84001e+06	20448
	3098	2.84001e+06	20448
	3099	2.84001e+06	20448
	3100	2.84001e+06	20448
	3101	2.84001e+06	20448
	3102	2.84001e+06	20448
	3103	2.84001e+06	20448
	3104	2.84001e+06	20448
	3105	2.84001e+06	20448
	3106	2.84001e+06	20448
	3107	2.84001e+06	20448
	3108	2.84001e+06	20448
	3109	2.84001e+06	20448
	3110	2.84001e+06	20448
	3111	2.84001e+06	20448
	3112	2.84001e+06	20448
	3113	2.84001e+06	20448
	3114	2.84001e+06	20448
	3115	2.84001e+06	20448
	3116	2.84001e+06	20448
	3117	2.84001e+06	20448
	3118	2.84001e+06	20448
	3119	2.84001e+06	20448
	3120	2.84001e+06	20448
	3121	2.84001e+06	20448
	3122	2.84001e+06	20448
	3123	2.84001e+06	20448
	3124	2.84001e+06	20448
	3125	2.84001e+06	20448
	3126	2.84001e+06	20448
	3127	2.84001e+06	20448
	3128	2.84001e+06	20448
	3129	2.84001e+06	20448
	3130	2.84001e+06	20448
	3131	2.84001e+06	20448
	3132	2.84001e+06	20448
	3133	2.84001e+06	20448
	3134	2.84001e+06	20448
	3135	2.84001e+06	20448
	3136	2.84001e+06	20448
	3137	2.84001e+06	20448
	3138	2.84001e+06	20448
	3139	2.84e+06	20448
	3140	2.84e+06	20448
	3141	2.84e+06	20448
	3142	2.84e+06	20448
	3143	2.84e+06	20448
	3144	2.84e+06	20448
	3145	2.84e+06	20448
	3146	2.84e+06	20448
	3147	2.84e+06	20448
	3148	2.84e+06	20448
	3149	2.84e+06	20448
	3150	2.84e+06	20448
	3151	2.84e+06	20448
	3152	2.84e+06	20448
	3153	2.84e+06	20448
	3154	2.84e+06	20448
	3155	2.84e+06	20448
	3156	2.84e+06	20448
	3157	2.84e+06	20448
	3158	2.84e+06	20448
	3159	2.84e+06	20448
	3160	2.84e+06	20448
	3161	2.84e+06	20448
	3162	2.84e+06	20448
	3163	2.84e+06	20448
	3164	2.84e+06	20448
	3165	2.84e+06	20448
	3166	2.84e+06	20448
	3167	2.84e+06	20448
	3168	2.84e+06	20448
	3169	2.84e+06	20448
	3170	2.84e+06	20448
	3171	2.84e+06	20448
	3172	2.84e+06	20448
	3173	2.84e+06	20448
	3174	2.84e+06	20448
	3175	2.84e+06	20448
	3176	2.84e+06	20448
	3177	2.84e+06	20448
	3178	2.84e+06	20448
	3179	2.84e+06	20448
	3180	2.84e+06	20448
	3181	2.84e+06	20448
	3182	2.84e+06	20448
	3183	2.84e+06	20448
	3184	2.84e+06	20448
	3185	2.84e+06	20448
	3186	2.84e+06	20448
	3187	2.84e+06	20448
	3188	2.84e+06	20448
	3189	2.84e+06	20448
	3190	2.84e+06	20448
	3191	2.84e+06	20448
	3192	2.84e+06	20448
	3193	2.84e+06	20448
	3194	2.84e+06	20448
	3195	2.84e+06	20448
	3196	2.84e+06	20448
	3197	2.84e+06	20448
	3198	2.84e+06	20448
	3199	2.84e+06	20448
	3200	2.84e+06	20448
	3201	2.84e+06	20448
	3202	2.84e+06	20448
	3203	2.84e+06	20448
	3204	2.84e+06	20448
	3205	2.84e+06	20448
	3206	2.84e+06	20448
	3207	2.84e+06	20448
	3208	2.84e+06	20448
	3209	2.84e+06	20448
	3210	2.84e+06	20448
	3211	2.84e+06	20448
	3212	2.84e+06	20448
	3213	2.84e+06	20448
	3214	2.84e+06	20448
	3215	2.84e+06	20448
	3216	2.84e+06	20448
	3217	2.84e+06	20448
	3218	2.84e+06	20448
	3219	2.84e+06	20448
	3220	2.84e+06	20448
	3221	2.84e+06	20448
	3222	2.84e+06	20448
	3223	2.84e+06	20448
	3224	2.84e+06	20448
	3225	2.84e+06	20448
	3226	2.84e+06	20448
	3227	2.84e+06	20448
	3228	2.84e+06	20448
	3229	2.84e+06	20448
	3230	2.84e+06	20448
	3231	2.84e+06	20448
	3232	2.84e+06	20448
	3233	2.84e+06	20448
	3234	2.84e+06	20448
	3235	2.84e+06	20448
	3236	2.84e+06	20448
	3237	2.84e+06	20448
	3238	2.84e+06	20448
	3239	2.84e+06	20448
	3240	2.84e+06	20448
	3241	2.84e+06	20448
	3242	2.84e+06	20448
	3243	2.84e+06	20448
	3244	2.84e+06	20448
	3245	2.84e+06	20448
	3246	2.84e+06	20448
	3247	2.84e+06	20448
	3248	2.84e+06	20448
	3249	2.84e+06	20448
	3250	2.84e+06	20448
	3251	2.84e+06	20448
	3252	2.84e+06	20448
	3253	2.84e+06	20448
	3254	2.84e+06	20448
	3255	2.84e+06	20448
	3256	2.84e+06	20448
	3257	2.84e+06	20448
	3258	2.84e+06	20448
	3259	2.84e+06	20448
	3260	2.84e+06	20448
	3261	2.84e+06	20448
	3262	2.84e+06	20448
	3263	2.84e+06	20448
	3264	2.84e+06	20448
	3265	2.84e+06	20448
	3266	2.84e+06	20448
	3267	2.84e+06	20448
	3268	2.84e+06	20448
	3269	2.84e+06	20448
	3270	2.84e+06	20448
	3271	2.84e+06	20448
	3272	2.84e+06	20448
	3273	2.84e+06	20448
	3274	2.84e+06	20448
	3275	2.84e+06	20448
	3276	2.84e+06	20448
	3277	2.84e+06	20448
	3278	2.84e+06	20448
	3279	2.84e+06	20448
	3280	2.84e+06	20448
	3281	2.84e+06	20448
	3282	2.84e+06	20448
	3283	2.84e+06	20448
	3284	2.84e+06	20448
	3285	2.84e+06	20448
	3286	2.84e+06	20448
	3287	2.84e+06	20448
	3288	2.84e+06	20448
	3289	2.84e+06	20448
	3290	2.84e+06	20448
	3291	2.84e+06	20448
	3292	2.84e+06	20448
	3293	2.84e+06	20448
	3294	2.84e+06	20448
	3295	2.84e+06	20448
	3296	2.84e+06	20448
	3297	2.84e+06	20448
	3298	2.84e+06	20448
	3299	2.84e+06	20448
	3300	2.84e+06	20448
	3301	2.84e+06	20448
	3302	2.84e+06	20448
	3303	2.84e+06	20448
	3304	2.84e+06	20448
	3305	2.84e+06	20448
	3306	2.84e+06	20448
	3307	2.84e+06	20448
	3308	2.84e+06	20448
	3309	2.84e+06	20448
	3310	2.84e+06	20448
	3311	2.84e+06	20448
	3312	2.84e+06	20448
	3313	2.84e+06	20448
	3314	2.84e+06	20448
	3315	2.84e+06	20448
	3316	2.84e+06	20448
	3317	2.84e+06	20448
	3318	2.84e+06	20448
	3319	2.84e+06	20448
	3320	2.84e+06	20448
	3321	2.84e+06	20448
	3322	2.84e+06	20448
	3323	2.84e+06	20448
	3324	2.84e+06	20448
	3325	2.84e+06	20448
	3326	2.84e+06	20448
	3327	2.84e+06	20448
	3328	2.84e+06	20448
	3329	2.84e+06	20448
	3330	2.84e+06	20448
	3331	2.84e+06	20448
	3332	2.84e+06	20448
	3333	2.84e+06	20448
	3334	2.84e+06	20448
	3335	2.84e+06	20448
	3336	2.84e+06	20448
	3337	2.84e+06	20448
	3338	2.84e+06	20448
	3339	2.84e+06	20448
	3340	2.84e+06	20448
	3341	2.84e+06	20448
	3342	2.84e+06	20448
	3343	2.84e+06	20448
	3344	2.84e+06	20448
	3345	2.84e+06	20448
	3346	2.84e+06	20448
	3347	2.84e+06	20448
	3348	2.84e+06	20448
	3349	2.84e+06	20448
	3350	2.84e+06	20448
	3351	2.84e+06	20448
	3352	2.84e+06	20448
	3353	2.84e+06	20448
	3354	2.84e+06	20448
	3355	2.84e+06	20448
	3356	2.84e+06	20448
	3357	2.84e+06	20448
	3358	2.84e+06	20448
	3359	2.84e+06	20448
	3360	2.84e+06	20448
	3361	2.84e+06	20448
	3362	2.84e+06	20448
	3363	2.84e+06	20448
	3364	2.84e+06	20448
	3365	2.84e+06	20448
	3366	2.84e+06	20448
	3367	2.84e+06	20448
	3368	2.84e+06	20448
	3369	2.84e+06	20448
	3370	2.84e+06	20448
	3371	2.84e+06	20448
	3372	2.84e+06	20448
	3373	2.84e+06	20448
	3374	2.84e+06	20448
	3375	2.84e+06	20448
	3376	2.84e+06	20448
	3377	2.84e+06	20448
	3378	2.84e+06	20448
	3379	2.84e+06	20448
	3380	2.84e+06	20448
	3381	2.84e+06	20448
	3382	2.84e+06	20448
	3383	2.84e+06	20448
	3384	2.84e+06	20448
	3385	2.84e+06	20448
	3386	2.84e+06	20448
	3387	2.84e+06	20448
	3388	2.84e+06	20448
	3389	2.84e+06	20448
	3390	2.84e+06	20448
	3391	2.84e+06	20448
	3392	2.84e+06	20448
	3393	2.84e+06	20448
	3394	2.84e+06	20448
	3395	2.84e+06	20448
	3396	2.84e+06	20448
	3397	2.84e+06	20448
	3398	2.84e+06	20448
	3399	2.84e+06	20448
	3400	2.84e+06	20448
	3401	2.84e+06	20448
	3402	2.84e+06	20448
	3403	2.84e+06	20448
	3404	2.84e+06	20448
	3405	2.84e+06	20448
	3406	2.84e+06	20448
	3407	2.84e+06	20448
	3408	2.84e+06	20448
	3409	2.84e+06	20448
	3410	2.84e+06	20448
	3411	2.84e+06	20448
	3412	2.84e+06	20448
	3413	2.84e+06	20448
	3414	2.84e+06	20448
	3415	2.84e+06	20448
	3416	2.84e+06	20448
	3417	2.84e+06	20448
	3418	2.84e+06	20448
	3419	2.84e+06	20448
	3420	2.84e+06	20448
	3421	2.84e+06	20448
	3422	2.84e+06	20448
	3423	2.84e+06	20448
	3424	2.84e+06	20448
	3425	2.84e+06	20448
	3426	2.84e+06	20448
	3427	2.84e+06	20448
	3428	2.84e+06	20448
	3429	2.84e+06	20448
	3430	2.84e+06	20448
	3431	2.84e+06	20448
	3432	2.84e+06	20448
	3433	2.84e+06	20448
	3434	2.84e+06	20448
	3435	2.84e+06	20448
	3436	2.84e+06	20448
	3437	2.84e+06	20448
	3438	2.84e+06	20448
	3439	2.84e+06	20448
	3440	2.84e+06	20448
	3441	2.84e+06	20448
	3442	2.84e+06	20448
	3443	2.84e+06	20448
	3444	2.84e+06	20448
	3445	2.84e+06	20448
	3446	2.84e+06	20448
	3447	2.84e+06	20448
	3448	2.84e+06	20448
	3449	2.84e+06	20448
	3450	2.84e+06	20448
	3451	2.84e+06	20448
	3452	2.84e+06	20448
	3453	2.84e+06	20448
	3454	2.84e+06	20448
	3455	2.84e+06	20448
	3456	2.84e+06	20448
	3457	2.84e+06	20448
	3458	2.84e+06	20448
	3459	2.84e+06	20448
	3460	2.84e+06	20448
	3461	2.84e+06	20448
	3462	2.84e+06	20448
	3463	2.84e+06	20448
	3464	2.84e+06	20448
	3465	2.84e+06	20448
	3466	2.84e+06	20448
	3467	2.84e+06	20448
	3468	2.84e+06	20448
	3469	2.84e+06	20448
	3470	2.84e+06	20448
	3471	2.84e+06	20448
	3472	2.84e+06	20448
	3473	2.84e+06	20448
	3474	2.84e+06	20448
	3475	2.84e+06	20448
	3476	2.84e+06	20448
	3477	2.84e+06	20448
	3478	2.84e+06	20448
	3479	2.84e+06	20448
	3480	2.84e+06	20448
	3481	2.84e+06	20448
	3482	2.84e+06	20448
	3483	2.84e+06	20448
	3484	2.84e+06	20448
	3485	2.84e+06	20448
	3486	2.84e+06	20448
	3487	2.84e+06	20448
	3488	2.84e+06	20448
	3489	2.84e+06	20448
	3490	2.84e+06	20448
	3491	2.84e+06	20448
	3492	2.84e+06	20448
	3493	2.84e+06	20448
	3494	2.84e+06	20448
	3495	2.84e+06	20448
	3496	2.84e+06	20448
	3497	2.84e+06	20448
	3498	2.84e+06	20448
	3499	2.84e+06	20448
	3500	2.84e+06	20448
	3501	2.84e+06	20448
	3502	2.84e+06	20448
	3503	2.84e+06	20448
	3504	2.84e+06	20448
	3505	2.84e+06	20448
	3506	2.84e+06	20448
	3507	2.84e+06	20448
	3508	2.84e+06	20448
	3509	2.84e+06	20448
	3510	2.84e+06	20448
	3511	2.84e+06	20448
	3512	2.84e+06	20448
	3513	2.84e+06	20448
	3514	2.84e+06	20448
	3515	2.84e+06	20448
	3516	2.84e+06	20448
	3517	2.84e+06	20448
	3518	2.84e+06	20448
	3519	2.84e+06	20448
	3520	2.84e+06	20448
	3521	2.84e+06	20448
	3522	2.84e+06	20448
	3523	2.84e+06	20448
	3524	2.84e+06	20448
	3525	2.84e+06	20448
	3526	2.84e+06	20448
	3527	2.84e+06	20448
	3528	2.84e+06	20448
	3529	2.84e+06	20448
	3530	2.84e+06	20448
	3531	2.84e+06	20448
	3532	2.84e+06	20448
	3533	2.84e+06	20448
	3534	2.84e+06	20448
	3535	2.84e+06	20448
	3536	2.84e+06	20448
	3537	2.84e+06	20448
	3538	2.84e+06	20448
	3539	2.84e+06	20448
	3540	2.84e+06	20448
	3541	2.84e+06	20448
	3542	2.84e+06	20448
	3543	2.84e+06	20448
	3544	2.84e+06	20448
	3545	2.84e+06	20448
	3546	2.84e+06	20448
	3547	2.84e+06	20448
	3548	2.84e+06	20448
	3549	2.84e+06	20448
	3550	2.84e+06	20448
	3551	2.84e+06	20448
	3552	2.84e+06	20448
	3553	2.84e+06	20448
	3554	2.84e+06	20448
	3555	2.84e+06	20448
	3556	2.84e+06	20448
	3557	2.84e+06	20448
	3558	2.84e+06	20448
	3559	2.84e+06	20448
	3560	2.84e+06	20448
	3561	2.84e+06	20448
	3562	2.84e+06	20448
	3563	2.84e+06	20448
	3564	2.84e+06	20448
	3565	2.84e+06	20448
	3566	2.84e+06	20448
	3567	2.84e+06	20448
	3568	2.84e+06	20448
	3569	2.84e+06	20448
	3570	2.84e+06	20448
	3571	2.84e+06	20448
	3572	2.84e+06	20448
	3573	2.84e+06	20448
	3574	2.84e+06	20448
	3575	2.84e+06	20448
	3576	2.84e+06	20448
	3577	2.84e+06	20448
	3578	2.84e+06	20448
	3579	2.84e+06	20448
	3580	2.84e+06	20448
	3581	2.84e+06	20448
	3582	2.84e+06	20448
	3583	2.84e+06	20448
	3584	2.84e+06	20448
	3585	2.84e+06	20448
	3586	2.84e+06	20448
	3587	2.84e+06	20448
	3588	2.84e+06	20448
	3589	2.84e+06	20448
	3590	2.84e+06	20448
	3591	2.84e+06	20448
	3592	2.84e+06	20448
	3593	2.84e+06	20448
	3594	2.84e+06	20448
	3595	2.84e+06	20448
	3596	2.84e+06	20448
	3597	2.84e+06	20448
	3598	2.84e+06	20448
	3599	2.84e+06	20448
	3600	2.84e+06	20448
	3601	2.84e+06	20448
	3602	2.84e+06	20448
	3603	2.84e+06	20448
	3604	2.84e+06	20448
	3605	2.84e+06	20448
	3606	2.84e+06	20448
	3607	2.84e+06	20448
	3608	2.84e+06	20448
	3609	2.84e+06	20448
	3610	2.84e+06	20448
	3611	2.84e+06	20448
	3612	2.84e+06	20448
	3613	2.84e+06	20448
	3614	2.84e+06	20448
	3615	2.84e+06	20448
	3616	2.84e+06	20448
	3617	2.84e+06	20448
	3618	2.84e+06	20448
	3619	2.84e+06	20448
	3620	2.84e+06	20448
	3621	2.84e+06	20448
	3622	2.84e+06	20448
	3623	2.84e+06	20448
	3624	2.84e+06	20448
	3625	2.84e+06	20448
	3626	2.84e+06	20448
	3627	2.84e+06	20448
	3628	2.84e+06	20448
	3629	2.84e+06	20448
	3630	2.84e+06	20448
	3631	2.84e+06	20448
	3632	2.84e+06	20448
	3633	2.84e+06	20448
	3634	2.84e+06	20448
	3635	2.84e+06	20448
	3636	2.84e+06	20448
	3637	2.84e+06	20448
	3638	2.84e+06	20448
	3639	2.84e+06	20448
	3640	2.84e+06	20448
	3641	2.84e+06	20448
	3642	2.84e+06	20448
	3643	2.84e+06	20448
	3644	2.84e+06	20448
	3645	2.84e+06	20448
	3646	2.84e+06	20448
	3647	2.84e+06	20448
	3648	2.84e+06	20448
	3649	2.84e+06	20448
	3650	2.84e+06	20448
