	0	5e+06	1125
	1	4.9945e+06	1149.46
	2	4.99373e+06	235.018
	3	4.99298e+06	240.256
	4	4.99226e+06	245.61
	5	4.99156e+06	251.082
	6	4.99087e+06	256.674
	7	4.9902e+06	262.388
	8	4.98955e+06	268.228
	9	4.98891e+06	274.197
	10	4.98828e+06	280.296
	11	4.98767e+06	286.529
	12	4.98706e+06	292.899
	13	4.98646e+06	299.408
	14	4.98586e+06	306.06
	15	4.98528e+06	312.858
	16	4.98469e+06	319.804
	17	4.98411e+06	326.903
	18	4.98354e+06	334.156
	19	4.98296e+06	341.568
	20	4.98238e+06	349.142
	21	4.98181e+06	356.882
	22	4.98123e+06	364.79
	23	4.98065e+06	372.871
	24	4.98007e+06	381.127
	25	4.97949e+06	389.564
	26	4.9789e+06	398.184
	27	4.97831e+06	406.992
	28	4.97771e+06	415.991
	29	4.97711e+06	425.186
	30	4.9765e+06	434.58
	31	4.97588e+06	444.178
	32	4.97525e+06	453.984
	33	4.97462e+06	464.002
	34	4.97398e+06	474.237
	35	4.97333e+06	484.693
	36	4.97267e+06	495.376
	37	4.972e+06	506.288
	38	4.97132e+06	517.436
	39	4.97063e+06	528.825
	40	4.96992e+06	540.458
	41	4.96921e+06	552.342
	42	4.96848e+06	564.481
	43	4.96774e+06	576.88
	44	4.96699e+06	589.545
	45	4.96622e+06	602.482
	46	4.96543e+06	615.695
	47	4.96464e+06	629.191
	48	4.96382e+06	642.974
	49	4.963e+06	657.052
	50	4.96215e+06	671.429
	51	4.96129e+06	686.113
	52	4.96041e+06	701.108
	53	4.95952e+06	716.422
	54	4.9586e+06	732.06
	55	4.95767e+06	748.029
	56	4.95672e+06	764.335
	57	4.95575e+06	780.986
	58	4.95476e+06	797.988
	59	4.95374e+06	815.347
	60	4.95271e+06	833.072
	61	4.95166e+06	851.168
	62	4.95058e+06	869.644
	63	4.94949e+06	888.506
	64	4.94837e+06	907.762
	65	4.94722e+06	927.419
	66	4.94605e+06	947.486
	67	4.94486e+06	967.97
	68	4.94364e+06	988.878
	69	4.9424e+06	1010.22
	70	4.94113e+06	1032
	71	4.93984e+06	1054.23
	72	4.93852e+06	1076.92
	73	4.93717e+06	1100.08
	74	4.93579e+06	1123.71
	75	4.93438e+06	1147.83
	76	4.93294e+06	1172.43
	77	4.93148e+06	1197.54
	78	4.92998e+06	1223.16
	79	4.92845e+06	1249.3
	80	4.92689e+06	1275.97
	81	4.9253e+06	1303.17
	82	4.92367e+06	1330.93
	83	4.92201e+06	1359.24
	84	4.92031e+06	1388.12
	85	4.91858e+06	1417.57
	86	4.91682e+06	1447.62
	87	4.91501e+06	1478.26
	88	4.91317e+06	1509.5
	89	4.91129e+06	1541.37
	90	4.90938e+06	1573.87
	91	4.90742e+06	1607
	92	4.90542e+06	1640.78
	93	4.90338e+06	1675.22
	94	4.9013e+06	1710.33
	95	4.89918e+06	1746.13
	96	4.89701e+06	1782.61
	97	4.8948e+06	1819.8
	98	4.89255e+06	1857.71
	99	4.89024e+06	1896.34
	100	4.88789e+06	1935.7
	101	4.8855e+06	1975.82
	102	4.88305e+06	2016.69
	103	4.88056e+06	2058.34
	104	4.87801e+06	2100.76
	105	4.87542e+06	2143.98
	106	4.87277e+06	2188
	107	4.87007e+06	2232.84
	108	4.86732e+06	2278.51
	109	4.86451e+06	2325.02
	110	4.86164e+06	2372.37
	111	4.85872e+06	2420.59
	112	4.85574e+06	2469.69
	113	4.8527e+06	2519.66
	114	4.84961e+06	2570.54
	115	4.84645e+06	2622.32
	116	4.84323e+06	2675.02
	117	4.83994e+06	2728.65
	118	4.8366e+06	2783.22
	119	4.83319e+06	2838.75
	120	4.82971e+06	2895.24
	121	4.82617e+06	2952.7
	122	4.82255e+06	3011.14
	123	4.81887e+06	3070.59
	124	4.81512e+06	3131.03
	125	4.8113e+06	3192.5
	126	4.80741e+06	3254.99
	127	4.80344e+06	3318.52
	128	4.7994e+06	3383.09
	129	4.79528e+06	3448.72
	130	4.79109e+06	3515.41
	131	4.78682e+06	3583.17
	132	4.78247e+06	3652.02
	133	4.77804e+06	3721.96
	134	4.77353e+06	3793
	135	4.76894e+06	3865.14
	136	4.76426e+06	3938.4
	137	4.7595e+06	4012.78
	138	4.75466e+06	4088.29
	139	4.74973e+06	4164.94
	140	4.74471e+06	4242.72
	141	4.7396e+06	4321.65
	142	4.7344e+06	4401.74
	143	4.72912e+06	4482.98
	144	4.72373e+06	4565.38
	145	4.71826e+06	4648.94
	146	4.71269e+06	4733.67
	147	4.70703e+06	4819.57
	148	4.70127e+06	4906.65
	149	4.69541e+06	4994.9
	150	4.68946e+06	5084.32
	151	4.6834e+06	5174.92
	152	4.67725e+06	5266.69
	153	4.67099e+06	5359.64
	154	4.66463e+06	5453.76
	155	4.65817e+06	5549.05
	156	4.6516e+06	5645.5
	157	4.64493e+06	5743.13
	158	4.63815e+06	5841.91
	159	4.63127e+06	5941.84
	160	4.62427e+06	6042.92
	161	4.61717e+06	6145.15
	162	4.60996e+06	6248.51
	163	4.60263e+06	6352.99
	164	4.5952e+06	6458.59
	165	4.58765e+06	6565.3
	166	4.57999e+06	6673.1
	167	4.57222e+06	6781.99
	168	4.56433e+06	6891.94
	169	4.55633e+06	7002.96
	170	4.54821e+06	7115.02
	171	4.53997e+06	7228.11
	172	4.53162e+06	7342.2
	173	4.52315e+06	7457.3
	174	4.51456e+06	7573.37
	175	4.50586e+06	7690.4
	176	4.49703e+06	7808.36
	177	4.48809e+06	7927.25
	178	4.47903e+06	8047.02
	179	4.46984e+06	8167.67
	180	4.46054e+06	8289.17
	181	4.45112e+06	8411.5
	182	4.44158e+06	8534.62
	183	4.43191e+06	8658.52
	184	4.42213e+06	8783.16
	185	4.41223e+06	8908.51
	186	4.4022e+06	9034.56
	187	4.39206e+06	9161.26
	188	4.38179e+06	9288.59
	189	4.37141e+06	9416.52
	190	4.3609e+06	9545.01
	191	4.35028e+06	9674.03
	192	4.33954e+06	9803.54
	193	4.32867e+06	9933.52
	194	4.31769e+06	10063.9
	195	4.30659e+06	10194.7
	196	4.29538e+06	10325.9
	197	4.28405e+06	10457.3
	198	4.2726e+06	10589.1
	199	4.26103e+06	10721
	200	4.24935e+06	10853.2
	201	4.23756e+06	10985.6
	202	4.22566e+06	11118
	203	4.21364e+06	11250.5
	204	4.20151e+06	11383.1
	205	4.18927e+06	11515.7
	206	4.17692e+06	11648.2
	207	4.16447e+06	11780.6
	208	4.1519e+06	11912.9
	209	4.13924e+06	12045.1
	210	4.12647e+06	12177
	211	4.11359e+06	12308.6
	212	4.10061e+06	12440
	213	4.08754e+06	12571
	214	4.07436e+06	12701.6
	215	4.06109e+06	12831.8
	216	4.04773e+06	12961.6
	217	4.03427e+06	13090.8
	218	4.02071e+06	13219.4
	219	4.00707e+06	13347.5
	220	3.99334e+06	13474.9
	221	3.97952e+06	13601.6
	222	3.96562e+06	13727.6
	223	3.95163e+06	13852.8
	224	3.93756e+06	13977.3
	225	3.92342e+06	14100.8
	226	3.90919e+06	14223.5
	227	3.89489e+06	14345.3
	228	3.88052e+06	14466.1
	229	3.86608e+06	14585.9
	230	3.85157e+06	14704.7
	231	3.83699e+06	14822.4
	232	3.82234e+06	14939
	233	3.80763e+06	15054.4
	234	3.79287e+06	15168.7
	235	3.77804e+06	15281.8
	236	3.76316e+06	15393.6
	237	3.74822e+06	15504.1
	238	3.73324e+06	15613.4
	239	3.7182e+06	15721.3
	240	3.70312e+06	15827.8
	241	3.68799e+06	15933
	242	3.67282e+06	16036.7
	243	3.65761e+06	16139
	244	3.64236e+06	16239.9
	245	3.62708e+06	16339.2
	246	3.61176e+06	16437
	247	3.59642e+06	16533.4
	248	3.58104e+06	16628.1
	249	3.56564e+06	16721.3
	250	3.55021e+06	16812.9
	251	3.53477e+06	16902.9
	252	3.5193e+06	16991.3
	253	3.50381e+06	17078
	254	3.48832e+06	17163.1
	255	3.4728e+06	17246.5
	256	3.45728e+06	17328.2
	257	3.44175e+06	17408.3
	258	3.42622e+06	17486.7
	259	3.41068e+06	17563.4
	260	3.39513e+06	17638.3
	261	3.37959e+06	17711.6
	262	3.36405e+06	17783.1
	263	3.34852e+06	17852.9
	264	3.33299e+06	17921
	265	3.31747e+06	17987.4
	266	3.30197e+06	18052
	267	3.28647e+06	18114.9
	268	3.27099e+06	18176.1
	269	3.25553e+06	18235.5
	270	3.24008e+06	18293.2
	271	3.22466e+06	18349.2
	272	3.20925e+06	18403.5
	273	3.19387e+06	18456.1
	274	3.17852e+06	18507
	275	3.16319e+06	18556.1
	276	3.1479e+06	18603.6
	277	3.13263e+06	18649.4
	278	3.1174e+06	18693.5
	279	3.1022e+06	18736
	280	3.08704e+06	18776.8
	281	3.07191e+06	18816
	282	3.05682e+06	18853.5
	283	3.04177e+06	18889.4
	284	3.02677e+06	18923.7
	285	3.0118e+06	18956.4
	286	2.99688e+06	18987.6
	287	2.98201e+06	19017.2
	288	2.96718e+06	19045.2
	289	2.95241e+06	19071.7
	290	2.93768e+06	19096.7
	291	2.923e+06	19120.1
	292	2.90837e+06	19142.1
	293	2.8938e+06	19162.6
	294	2.87928e+06	19181.7
	295	2.86481e+06	19199.3
	296	2.8504e+06	19215.5
	297	2.83605e+06	19230.3
	298	2.82175e+06	19243.8
	299	2.80752e+06	19255.8
	300	2.79334e+06	19266.6
	301	2.77922e+06	19276
	302	2.76517e+06	19284
	303	2.75118e+06	19290.8
	304	2.73725e+06	19296.4
	305	2.72338e+06	19300.7
	306	2.70957e+06	19303.7
	307	2.69584e+06	19305.6
	308	2.68216e+06	19306.2
	309	2.66856e+06	19305.7
	310	2.65502e+06	19304
	311	2.64154e+06	19301.2
	312	2.62814e+06	19297.3
	313	2.6148e+06	19292.3
	314	2.60153e+06	19286.2
	315	2.58833e+06	19279.1
	316	2.5752e+06	19270.9
	317	2.56213e+06	19261.7
	318	2.54914e+06	19251.6
	319	2.53622e+06	19240.4
	320	2.52337e+06	19228.3
	321	2.51059e+06	19215.3
	322	2.49788e+06	19201.3
	323	2.48524e+06	19186.4
	324	2.47268e+06	19170.7
	325	2.46019e+06	19154.1
	326	2.44776e+06	19136.6
	327	2.43541e+06	19118.3
	328	2.42314e+06	19099.2
	329	2.41093e+06	19079.4
	330	2.3988e+06	19058.7
	331	2.38674e+06	19037.3
	332	2.37475e+06	19015.2
	333	2.36283e+06	18992.3
	334	2.35099e+06	18968.8
	335	2.33922e+06	18944.5
	336	2.32752e+06	18919.6
	337	2.3159e+06	18894
	338	2.30435e+06	18867.8
	339	2.29287e+06	18841
	340	2.28146e+06	18813.6
	341	2.27012e+06	18785.6
	342	2.25886e+06	18757
	343	2.24767e+06	18727.8
	344	2.23655e+06	18698.2
	345	2.2255e+06	18667.9
	346	2.21453e+06	18637.2
	347	2.20362e+06	18606
	348	2.19279e+06	18574.3
	349	2.18203e+06	18542.1
	350	2.17134e+06	18509.5
	351	2.16072e+06	18476.4
	352	2.15017e+06	18442.9
	353	2.1397e+06	18409
	354	2.12929e+06	18374.6
	355	2.11895e+06	18339.9
	356	2.10869e+06	18304.8
	357	2.09849e+06	18269.4
	358	2.08836e+06	18233.6
	359	2.0783e+06	18197.4
	360	2.06831e+06	18160.9
	361	2.05839e+06	18124.1
	362	2.04853e+06	18087
	363	2.03875e+06	18049.6
	364	2.02903e+06	18011.9
	365	2.01938e+06	17973.9
	366	2.0098e+06	17935.7
	367	2.00028e+06	17897.2
	368	1.99084e+06	17858.5
	369	1.98145e+06	17819.5
	370	1.97214e+06	17780.3
	371	1.96289e+06	17740.9
	372	1.9537e+06	17701.3
	373	1.94458e+06	17661.5
	374	1.93553e+06	17621.5
	375	1.92654e+06	17581.3
	376	1.91761e+06	17540.9
	377	1.90875e+06	17500.4
	378	1.89995e+06	17459.8
	379	1.89122e+06	17418.9
	380	1.88255e+06	17378
	381	1.87394e+06	17336.9
	382	1.86539e+06	17295.7
	383	1.85691e+06	17254.4
	384	1.84849e+06	17213
	385	1.84012e+06	17171.4
	386	1.83183e+06	17129.8
	387	1.82359e+06	17088.1
	388	1.81541e+06	17046.3
	389	1.80729e+06	17004.4
	390	1.79924e+06	16962.5
	391	1.79124e+06	16920.5
	392	1.7833e+06	16878.5
	393	1.77542e+06	16836.4
	394	1.76761e+06	16794.2
	395	1.75985e+06	16752
	396	1.75214e+06	16709.8
	397	1.7445e+06	16667.6
	398	1.73691e+06	16625.3
	399	1.72938e+06	16583
	400	1.72191e+06	16540.7
	401	1.7145e+06	16498.4
	402	1.70714e+06	16456.1
	403	1.69984e+06	16413.8
	404	1.6926e+06	16371.5
	405	1.68541e+06	16329.2
	406	1.67828e+06	16287
	407	1.6712e+06	16244.7
	408	1.66418e+06	16202.5
	409	1.65721e+06	16160.3
	410	1.6503e+06	16118.1
	411	1.64345e+06	16076
	412	1.63664e+06	16033.9
	413	1.6299e+06	15991.9
	414	1.6232e+06	15949.9
	415	1.61656e+06	15907.9
	416	1.60998e+06	15866
	417	1.60345e+06	15824.2
	418	1.59697e+06	15782.4
	419	1.59054e+06	15740.7
	420	1.58417e+06	15699.1
	421	1.57785e+06	15657.5
	422	1.57159e+06	15616
	423	1.56537e+06	15574.6
	424	1.55921e+06	15533.3
	425	1.55311e+06	15492
	426	1.54705e+06	15450.9
	427	1.54105e+06	15409.8
	428	1.5351e+06	15368.8
	429	1.5292e+06	15327.9
	430	1.52335e+06	15287.1
	431	1.51756e+06	15246.4
	432	1.51182e+06	15205.8
	433	1.50613e+06	15165.3
	434	1.50049e+06	15124.9
	435	1.4949e+06	15084.6
	436	1.48937e+06	15044.4
	437	1.48389e+06	15004.3
	438	1.47846e+06	14964.4
	439	1.47309e+06	14924.5
	440	1.46776e+06	14884.8
	441	1.46249e+06	14845.2
	442	1.45727e+06	14805.7
	443	1.45211e+06	14766.4
	444	1.44699e+06	14727.1
	445	1.44193e+06	14688
	446	1.43693e+06	14649
	447	1.43197e+06	14610.2
	448	1.42707e+06	14571.5
	449	1.42223e+06	14532.9
	450	1.41744e+06	14494.5
	451	1.4127e+06	14456.1
	452	1.40802e+06	14418
	453	1.40339e+06	14380
	454	1.39882e+06	14342.1
	455	1.3943e+06	14304.3
	456	1.38984e+06	14266.8
	457	1.38543e+06	14229.3
	458	1.38108e+06	14192
	459	1.37679e+06	14154.9
	460	1.37256e+06	14117.9
	461	1.36838e+06	14081.1
	462	1.36427e+06	14044.4
	463	1.36021e+06	14007.9
	464	1.35621e+06	13971.5
	465	1.35227e+06	13935.3
	466	1.3484e+06	13899.3
	467	1.34458e+06	13863.4
	468	1.34083e+06	13827.7
	469	1.33714e+06	13792.1
	470	1.33352e+06	13756.8
	471	1.32996e+06	13721.6
	472	1.32646e+06	13686.5
	473	1.32303e+06	13651.7
	474	1.31967e+06	13617
	475	1.31638e+06	13582.5
	476	1.31316e+06	13548.2
	477	1.31e+06	13514
	478	1.30692e+06	13480.1
	479	1.30391e+06	13446.3
	480	1.30097e+06	13412.7
	481	1.29811e+06	13379.3
	482	1.29533e+06	13346.1
	483	1.29262e+06	13313.1
	484	1.28999e+06	13280.2
	485	1.28744e+06	13247.6
	486	1.28497e+06	13215.2
	487	1.28259e+06	13183
	488	1.28029e+06	13150.9
	489	1.27807e+06	13119.1
	490	1.27595e+06	13087.5
	491	1.27391e+06	13056.1
	492	1.27197e+06	13024.9
	493	1.27012e+06	12993.9
	494	1.26836e+06	12963.1
	495	1.2667e+06	12932.6
	496	1.26514e+06	12902.3
	497	1.26368e+06	12872.2
	498	1.26233e+06	12842.3
	499	1.26108e+06	12812.7
	500	1.25994e+06	12783.3
	501	1.25891e+06	12754.1
	502	1.25799e+06	12725.2
	503	1.25719e+06	12696.5
	504	1.2565e+06	12668
	505	1.25594e+06	12639.8
	506	1.2555e+06	12611.9
	507	1.25519e+06	12584.2
	508	1.255e+06	12556.8
	509	1.25495e+06	12529.6
	510	1.25504e+06	12502.7
	511	1.25526e+06	12476.1
	512	1.25563e+06	12449.8
	513	1.25614e+06	12423.7
	514	1.2568e+06	12398
	515	1.25761e+06	12372.5
	516	1.25858e+06	12347.3
	517	1.25971e+06	12322.4
	518	1.261e+06	12297.8
	519	1.26246e+06	12273.5
	520	1.2641e+06	12249.6
	521	1.2659e+06	12225.9
	522	1.26789e+06	12202.6
	523	1.27006e+06	12179.6
	524	1.27242e+06	12157
	525	1.27498e+06	12134.7
	526	1.27773e+06	12112.7
	527	1.28068e+06	12091.1
	528	1.28384e+06	12069.9
	529	1.28721e+06	12049
	530	1.29079e+06	12028.5
	531	1.2946e+06	12008.4
	532	1.29863e+06	11988.7
	533	1.3029e+06	11969.3
	534	1.30739e+06	11950.4
	535	1.31213e+06	11931.9
	536	1.31711e+06	11913.8
	537	1.32235e+06	11896.2
	538	1.32784e+06	11878.9
	539	1.33359e+06	11862.2
	540	1.33961e+06	11845.8
	541	1.34589e+06	11830
	542	1.35245e+06	11814.6
	543	1.3593e+06	11799.7
	544	1.36643e+06	11785.3
	545	1.37385e+06	11771.4
	546	1.38156e+06	11758
	547	1.38958e+06	11745.1
	548	1.3979e+06	11732.7
	549	1.40653e+06	11720.9
	550	1.41547e+06	11709.7
	551	1.42474e+06	11699
	552	1.43432e+06	11688.9
	553	1.44423e+06	11679.3
	554	1.45447e+06	11670.4
	555	1.46504e+06	11662.1
	556	1.47595e+06	11654.4
	557	1.4872e+06	11647.3
	558	1.4988e+06	11640.9
	559	1.51073e+06	11635.1
	560	1.52301e+06	11630
	561	1.53565e+06	11625.6
	562	1.54863e+06	11621.8
	563	1.56196e+06	11618.8
	564	1.57564e+06	11616.5
	565	1.58968e+06	11614.9
	566	1.60406e+06	11614.1
	567	1.6188e+06	11614
	568	1.63388e+06	11614.7
	569	1.64931e+06	11616.1
	570	1.66509e+06	11618.4
	571	1.6812e+06	11621.4
	572	1.69766e+06	11625.3
	573	1.71445e+06	11630
	574	1.73157e+06	11635.6
	575	1.74901e+06	11642
	576	1.76677e+06	11649.2
	577	1.78485e+06	11657.4
	578	1.80323e+06	11666.4
	579	1.8219e+06	11676.4
	580	1.84086e+06	11687.2
	581	1.86011e+06	11699
	582	1.87962e+06	11711.7
	583	1.89939e+06	11725.3
	584	1.91941e+06	11739.9
	585	1.93967e+06	11755.5
	586	1.96015e+06	11772
	587	1.98084e+06	11789.5
	588	2.00173e+06	11808
	589	2.0228e+06	11827.4
	590	2.04404e+06	11847.9
	591	2.06544e+06	11869.4
	592	2.08697e+06	11891.9
	593	2.10863e+06	11915.4
	594	2.13039e+06	11940
	595	2.15225e+06	11965.5
	596	2.17417e+06	11992.1
	597	2.19616e+06	12019.8
	598	2.21818e+06	12048.4
	599	2.24021e+06	12078.1
	600	2.26226e+06	12108.8
	601	2.28428e+06	12140.6
	602	2.30627e+06	12173.4
	603	2.32821e+06	12207.2
	604	2.35007e+06	12242
	605	2.37185e+06	12277.9
	606	2.39352e+06	12314.8
	607	2.41506e+06	12352.7
	608	2.43646e+06	12391.6
	609	2.4577e+06	12431.5
	610	2.47876e+06	12472.3
	611	2.49962e+06	12514.2
	612	2.52028e+06	12557.1
	613	2.5407e+06	12600.9
	614	2.56088e+06	12645.6
	615	2.58081e+06	12691.3
	616	2.60046e+06	12737.9
	617	2.61982e+06	12785.4
	618	2.63888e+06	12833.8
	619	2.65763e+06	12883.1
	620	2.67605e+06	12933.2
	621	2.69414e+06	12984.2
	622	2.71187e+06	13036
	623	2.72924e+06	13088.7
	624	2.74624e+06	13142.1
	625	2.76287e+06	13196.2
	626	2.7791e+06	13251.2
	627	2.79494e+06	13306.8
	628	2.81038e+06	13363.1
	629	2.82541e+06	13420.2
	630	2.84002e+06	13477.8
	631	2.85421e+06	13536.1
	632	2.86798e+06	13595
	633	2.88132e+06	13654.5
	634	2.89422e+06	13714.6
	635	2.90669e+06	13775.1
	636	2.91873e+06	13836.2
	637	2.93032e+06	13897.7
	638	2.94148e+06	13959.7
	639	2.95219e+06	14022.2
	640	2.96247e+06	14085
	641	2.97231e+06	14148.1
	642	2.98171e+06	14211.6
	643	2.99067e+06	14275.4
	644	2.9992e+06	14339.5
	645	3.0073e+06	14403.9
	646	3.01497e+06	14468.4
	647	3.02221e+06	14533.2
	648	3.02903e+06	14598.1
	649	3.03543e+06	14663.1
	650	3.04142e+06	14728.2
	651	3.047e+06	14793.5
	652	3.05218e+06	14858.7
	653	3.05695e+06	14924
	654	3.06133e+06	14989.3
	655	3.06533e+06	15054.5
	656	3.06894e+06	15119.7
	657	3.07217e+06	15184.7
	658	3.07503e+06	15249.7
	659	3.07752e+06	15314.4
	660	3.07966e+06	15379
	661	3.08144e+06	15443.4
	662	3.08288e+06	15507.6
	663	3.08397e+06	15571.5
	664	3.08474e+06	15635.1
	665	3.08517e+06	15698.4
	666	3.08529e+06	15761.4
	667	3.08509e+06	15823.9
	668	3.08459e+06	15886.2
	669	3.08379e+06	15947.9
	670	3.08269e+06	16009.3
	671	3.08131e+06	16070.2
	672	3.07965e+06	16130.6
	673	3.07771e+06	16190.5
	674	3.07551e+06	16249.9
	675	3.07305e+06	16308.8
	676	3.07034e+06	16367
	677	3.06737e+06	16424.7
	678	3.06417e+06	16481.8
	679	3.06074e+06	16538.3
	680	3.05707e+06	16594.1
	681	3.05319e+06	16649.2
	682	3.04909e+06	16703.7
	683	3.04478e+06	16757.5
	684	3.04027e+06	16810.6
	685	3.03556e+06	16862.9
	686	3.03066e+06	16914.5
	687	3.02557e+06	16965.4
	688	3.02031e+06	17015.4
	689	3.01487e+06	17064.7
	690	3.00926e+06	17113.2
	691	3.00349e+06	17160.9
	692	2.99756e+06	17207.8
	693	2.99148e+06	17253.9
	694	2.98525e+06	17299.1
	695	2.97888e+06	17343.4
	696	2.97237e+06	17387
	697	2.96573e+06	17429.6
	698	2.95896e+06	17471.4
	699	2.95206e+06	17512.3
	700	2.94505e+06	17552.3
	701	2.93793e+06	17591.4
	702	2.93069e+06	17629.6
	703	2.92335e+06	17667
	704	2.91591e+06	17703.4
	705	2.90837e+06	17738.9
	706	2.90074e+06	17773.5
	707	2.89302e+06	17807.2
	708	2.88522e+06	17839.9
	709	2.87734e+06	17871.8
	710	2.86937e+06	17902.7
	711	2.86134e+06	17932.7
	712	2.85323e+06	17961.8
	713	2.84506e+06	17990
	714	2.83683e+06	18017.2
	715	2.82853e+06	18043.5
	716	2.82018e+06	18068.9
	717	2.81178e+06	18093.4
	718	2.80332e+06	18117
	719	2.79482e+06	18139.6
	720	2.78628e+06	18161.4
	721	2.77769e+06	18182.2
	722	2.76906e+06	18202.2
	723	2.7604e+06	18221.2
	724	2.75171e+06	18239.4
	725	2.74299e+06	18256.7
	726	2.73424e+06	18273
	727	2.72546e+06	18288.5
	728	2.71666e+06	18303.2
	729	2.70785e+06	18316.9
	730	2.69901e+06	18329.9
	731	2.69016e+06	18341.9
	732	2.68129e+06	18353.1
	733	2.67242e+06	18363.5
	734	2.66353e+06	18373
	735	2.65464e+06	18381.7
	736	2.64575e+06	18389.6
	737	2.63685e+06	18396.7
	738	2.62795e+06	18403
	739	2.61905e+06	18408.5
	740	2.61015e+06	18413.2
	741	2.60126e+06	18417.1
	742	2.59237e+06	18420.3
	743	2.5835e+06	18422.7
	744	2.57463e+06	18424.4
	745	2.56577e+06	18425.3
	746	2.55693e+06	18425.5
	747	2.5481e+06	18424.9
	748	2.53928e+06	18423.7
	749	2.53049e+06	18421.7
	750	2.52171e+06	18419.1
	751	2.51295e+06	18415.8
	752	2.50421e+06	18411.7
	753	2.4955e+06	18407.1
	754	2.48681e+06	18401.8
	755	2.47815e+06	18395.8
	756	2.46951e+06	18389.2
	757	2.4609e+06	18382
	758	2.45231e+06	18374.2
	759	2.44376e+06	18365.7
	760	2.43524e+06	18356.7
	761	2.42675e+06	18347.1
	762	2.41829e+06	18336.9
	763	2.40987e+06	18326.1
	764	2.40148e+06	18314.8
	765	2.39313e+06	18303
	766	2.38481e+06	18290.6
	767	2.37654e+06	18277.7
	768	2.3683e+06	18264.3
	769	2.3601e+06	18250.3
	770	2.35194e+06	18235.9
	771	2.34382e+06	18221
	772	2.33575e+06	18205.7
	773	2.32771e+06	18189.8
	774	2.31972e+06	18173.6
	775	2.31178e+06	18156.8
	776	2.30388e+06	18139.7
	777	2.29602e+06	18122.1
	778	2.28821e+06	18104.1
	779	2.28045e+06	18085.7
	780	2.27274e+06	18066.9
	781	2.26507e+06	18047.7
	782	2.25746e+06	18028.1
	783	2.24989e+06	18008.2
	784	2.24237e+06	17987.9
	785	2.23491e+06	17967.3
	786	2.22749e+06	17946.3
	787	2.22013e+06	17925
	788	2.21282e+06	17903.4
	789	2.20557e+06	17881.4
	790	2.19836e+06	17859.2
	791	2.19121e+06	17836.7
	792	2.18412e+06	17813.8
	793	2.17708e+06	17790.7
	794	2.1701e+06	17767.4
	795	2.16317e+06	17743.7
	796	2.1563e+06	17719.9
	797	2.14949e+06	17695.7
	798	2.14274e+06	17671.4
	799	2.13604e+06	17646.8
	800	2.1294e+06	17622
	801	2.12283e+06	17597
	802	2.11631e+06	17571.7
	803	2.10985e+06	17546.3
	804	2.10345e+06	17520.7
	805	2.09712e+06	17494.9
	806	2.09084e+06	17469
	807	2.08463e+06	17442.9
	808	2.07848e+06	17416.6
	809	2.07239e+06	17390.2
	810	2.06637e+06	17363.6
	811	2.06041e+06	17336.9
	812	2.05451e+06	17310
	813	2.04868e+06	17283.1
	814	2.04292e+06	17256
	815	2.03722e+06	17228.8
	816	2.03158e+06	17201.5
	817	2.02602e+06	17174.1
	818	2.02052e+06	17146.7
	819	2.01509e+06	17119.1
	820	2.00972e+06	17091.5
	821	2.00443e+06	17063.8
	822	1.9992e+06	17036.1
	823	1.99405e+06	17008.3
	824	1.98896e+06	16980.4
	825	1.98395e+06	16952.5
	826	1.979e+06	16924.6
	827	1.97413e+06	16896.6
	828	1.96933e+06	16868.6
	829	1.9646e+06	16840.6
	830	1.95995e+06	16812.6
	831	1.95536e+06	16784.5
	832	1.95086e+06	16756.5
	833	1.94642e+06	16728.5
	834	1.94207e+06	16700.4
	835	1.93779e+06	16672.4
	836	1.93358e+06	16644.4
	837	1.92945e+06	16616.5
	838	1.9254e+06	16588.6
	839	1.92143e+06	16560.7
	840	1.91754e+06	16532.8
	841	1.91372e+06	16505
	842	1.90999e+06	16477.3
	843	1.90633e+06	16449.6
	844	1.90276e+06	16422
	845	1.89927e+06	16394.4
	846	1.89586e+06	16366.9
	847	1.89253e+06	16339.5
	848	1.88929e+06	16312.2
	849	1.88613e+06	16284.9
	850	1.88306e+06	16257.8
	851	1.88007e+06	16230.8
	852	1.87717e+06	16203.8
	853	1.87436e+06	16177
	854	1.87163e+06	16150.3
	855	1.86899e+06	16123.7
	856	1.86644e+06	16097.2
	857	1.86398e+06	16070.8
	858	1.86161e+06	16044.6
	859	1.85934e+06	16018.5
	860	1.85715e+06	15992.6
	861	1.85506e+06	15966.8
	862	1.85306e+06	15941.1
	863	1.85115e+06	15915.6
	864	1.84934e+06	15890.3
	865	1.84763e+06	15865.1
	866	1.84601e+06	15840.1
	867	1.84449e+06	15815.3
	868	1.84306e+06	15790.6
	869	1.84174e+06	15766.1
	870	1.84052e+06	15741.8
	871	1.83939e+06	15717.7
	872	1.83837e+06	15693.8
	873	1.83745e+06	15670.1
	874	1.83663e+06	15646.6
	875	1.83591e+06	15623.3
	876	1.8353e+06	15600.2
	877	1.83479e+06	15577.4
	878	1.83439e+06	15554.7
	879	1.8341e+06	15532.3
	880	1.83391e+06	15510.1
	881	1.83384e+06	15488.1
	882	1.83387e+06	15466.4
	883	1.83401e+06	15444.9
	884	1.83426e+06	15423.7
	885	1.83462e+06	15402.7
	886	1.83509e+06	15382
	887	1.83567e+06	15361.5
	888	1.83637e+06	15341.3
	889	1.83718e+06	15321.4
	890	1.83811e+06	15301.7
	891	1.83915e+06	15282.3
	892	1.84031e+06	15263.2
	893	1.84158e+06	15244.4
	894	1.84297e+06	15225.9
	895	1.84448e+06	15207.6
	896	1.8461e+06	15189.7
	897	1.84784e+06	15172
	898	1.84971e+06	15154.7
	899	1.85169e+06	15137.7
	900	1.85379e+06	15121
	901	1.85601e+06	15104.6
	902	1.85835e+06	15088.5
	903	1.86081e+06	15072.7
	904	1.86339e+06	15057.3
	905	1.8661e+06	15042.2
	906	1.86892e+06	15027.5
	907	1.87187e+06	15013.1
	908	1.87494e+06	14999
	909	1.87813e+06	14985.3
	910	1.88144e+06	14972
	911	1.88487e+06	14959
	912	1.88843e+06	14946.3
	913	1.8921e+06	14934.1
	914	1.8959e+06	14922.2
	915	1.89981e+06	14910.6
	916	1.90385e+06	14899.5
	917	1.90801e+06	14888.7
	918	1.91228e+06	14878.3
	919	1.91668e+06	14868.3
	920	1.92119e+06	14858.7
	921	1.92583e+06	14849.5
	922	1.93057e+06	14840.7
	923	1.93544e+06	14832.3
	924	1.94042e+06	14824.3
	925	1.94551e+06	14816.7
	926	1.95072e+06	14809.5
	927	1.95604e+06	14802.7
	928	1.96147e+06	14796.3
	929	1.96701e+06	14790.4
	930	1.97265e+06	14784.9
	931	1.97841e+06	14779.8
	932	1.98427e+06	14775.1
	933	1.99023e+06	14770.9
	934	1.9963e+06	14767.1
	935	2.00246e+06	14763.7
	936	2.00872e+06	14760.8
	937	2.01508e+06	14758.3
	938	2.02154e+06	14756.2
	939	2.02808e+06	14754.6
	940	2.03472e+06	14753.4
	941	2.04144e+06	14752.7
	942	2.04825e+06	14752.4
	943	2.05514e+06	14752.6
	944	2.06211e+06	14753.3
	945	2.06916e+06	14754.3
	946	2.07628e+06	14755.9
	947	2.08348e+06	14757.9
	948	2.09075e+06	14760.3
	949	2.09808e+06	14763.2
	950	2.10547e+06	14766.6
	951	2.11293e+06	14770.4
	952	2.12044e+06	14774.6
	953	2.128e+06	14779.3
	954	2.13562e+06	14784.5
	955	2.14328e+06	14790.1
	956	2.15099e+06	14796.2
	957	2.15874e+06	14802.8
	958	2.16652e+06	14809.8
	959	2.17434e+06	14817.2
	960	2.18219e+06	14825.1
	961	2.19006e+06	14833.4
	962	2.19796e+06	14842.2
	963	2.20587e+06	14851.4
	964	2.2138e+06	14861.1
	965	2.22174e+06	14871.2
	966	2.22969e+06	14881.8
	967	2.23764e+06	14892.8
	968	2.24559e+06	14904.2
	969	2.25354e+06	14916
	970	2.26148e+06	14928.3
	971	2.26941e+06	14941
	972	2.27732e+06	14954.1
	973	2.28521e+06	14967.6
	974	2.29308e+06	14981.5
	975	2.30092e+06	14995.9
	976	2.30873e+06	15010.6
	977	2.3165e+06	15025.7
	978	2.32424e+06	15041.3
	979	2.33193e+06	15057.2
	980	2.33958e+06	15073.5
	981	2.34717e+06	15090.2
	982	2.35472e+06	15107.2
	983	2.3622e+06	15124.6
	984	2.36963e+06	15142.4
	985	2.37699e+06	15160.5
	986	2.38429e+06	15178.9
	987	2.39151e+06	15197.7
	988	2.39866e+06	15216.8
	989	2.40574e+06	15236.3
	990	2.41273e+06	15256.1
	991	2.41964e+06	15276.1
	992	2.42646e+06	15296.5
	993	2.43319e+06	15317.2
	994	2.43984e+06	15338.1
	995	2.44638e+06	15359.4
	996	2.45283e+06	15380.9
	997	2.45918e+06	15402.7
	998	2.46543e+06	15424.7
	999	2.47157e+06	15447
	1000	2.4776e+06	15469.5
	1001	2.48352e+06	15492.2
	1002	2.48934e+06	15515.2
	1003	2.49504e+06	15538.3
	1004	2.50062e+06	15561.7
	1005	2.50609e+06	15585.3
	1006	2.51143e+06	15609
	1007	2.51666e+06	15632.9
	1008	2.52176e+06	15657
	1009	2.52674e+06	15681.2
	1010	2.5316e+06	15705.6
	1011	2.53633e+06	15730.1
	1012	2.54093e+06	15754.8
	1013	2.5454e+06	15779.5
	1014	2.54974e+06	15804.4
	1015	2.55396e+06	15829.4
	1016	2.55804e+06	15854.4
	1017	2.56199e+06	15879.5
	1018	2.56581e+06	15904.7
	1019	2.56949e+06	15930
	1020	2.57304e+06	15955.3
	1021	2.57646e+06	15980.6
	1022	2.57975e+06	16006
	1023	2.5829e+06	16031.3
	1024	2.58592e+06	16056.7
	1025	2.5888e+06	16082.1
	1026	2.59155e+06	16107.5
	1027	2.59417e+06	16132.9
	1028	2.59666e+06	16158.2
	1029	2.59901e+06	16183.5
	1030	2.60123e+06	16208.7
	1031	2.60331e+06	16233.9
	1032	2.60527e+06	16259
	1033	2.6071e+06	16284.1
	1034	2.60879e+06	16309
	1035	2.61036e+06	16333.9
	1036	2.61179e+06	16358.6
	1037	2.6131e+06	16383.3
	1038	2.61429e+06	16407.8
	1039	2.61534e+06	16432.2
	1040	2.61628e+06	16456.5
	1041	2.61709e+06	16480.6
	1042	2.61777e+06	16504.5
	1043	2.61834e+06	16528.3
	1044	2.61878e+06	16551.9
	1045	2.61911e+06	16575.4
	1046	2.61932e+06	16598.6
	1047	2.61941e+06	16621.7
	1048	2.61939e+06	16644.6
	1049	2.61925e+06	16667.2
	1050	2.619e+06	16689.7
	1051	2.61865e+06	16711.9
	1052	2.61818e+06	16733.9
	1053	2.6176e+06	16755.6
	1054	2.61692e+06	16777.1
	1055	2.61613e+06	16798.4
	1056	2.61524e+06	16819.4
	1057	2.61425e+06	16840.1
	1058	2.61316e+06	16860.6
	1059	2.61197e+06	16880.8
	1060	2.61069e+06	16900.7
	1061	2.60931e+06	16920.3
	1062	2.60783e+06	16939.7
	1063	2.60627e+06	16958.8
	1064	2.60461e+06	16977.5
	1065	2.60287e+06	16996
	1066	2.60104e+06	17014.1
	1067	2.59912e+06	17032
	1068	2.59712e+06	17049.5
	1069	2.59504e+06	17066.7
	1070	2.59288e+06	17083.6
	1071	2.59064e+06	17100.1
	1072	2.58833e+06	17116.3
	1073	2.58594e+06	17132.2
	1074	2.58348e+06	17147.8
	1075	2.58094e+06	17163
	1076	2.57834e+06	17177.9
	1077	2.57567e+06	17192.4
	1078	2.57293e+06	17206.6
	1079	2.57013e+06	17220.4
	1080	2.56726e+06	17233.9
	1081	2.56434e+06	17247
	1082	2.56135e+06	17259.8
	1083	2.55831e+06	17272.2
	1084	2.5552e+06	17284.2
	1085	2.55205e+06	17295.9
	1086	2.54884e+06	17307.3
	1087	2.54558e+06	17318.3
	1088	2.54227e+06	17328.9
	1089	2.53891e+06	17339.1
	1090	2.53551e+06	17349
	1091	2.53205e+06	17358.5
	1092	2.52856e+06	17367.7
	1093	2.52502e+06	17376.5
	1094	2.52144e+06	17384.9
	1095	2.51783e+06	17393
	1096	2.51417e+06	17400.7
	1097	2.51048e+06	17408.1
	1098	2.50676e+06	17415.1
	1099	2.503e+06	17421.7
	1100	2.49921e+06	17428
	1101	2.49539e+06	17433.9
	1102	2.49153e+06	17439.5
	1103	2.48766e+06	17444.7
	1104	2.48375e+06	17449.5
	1105	2.47982e+06	17454
	1106	2.47587e+06	17458.1
	1107	2.47189e+06	17461.9
	1108	2.46789e+06	17465.4
	1109	2.46388e+06	17468.5
	1110	2.45984e+06	17471.2
	1111	2.45579e+06	17473.6
	1112	2.45172e+06	17475.7
	1113	2.44764e+06	17477.5
	1114	2.44354e+06	17478.9
	1115	2.43943e+06	17479.9
	1116	2.43531e+06	17480.7
	1117	2.43118e+06	17481.1
	1118	2.42704e+06	17481.2
	1119	2.42289e+06	17480.9
	1120	2.41874e+06	17480.4
	1121	2.41458e+06	17479.5
	1122	2.41042e+06	17478.4
	1123	2.40625e+06	17476.9
	1124	2.40208e+06	17475.1
	1125	2.39791e+06	17473
	1126	2.39374e+06	17470.6
	1127	2.38957e+06	17467.9
	1128	2.3854e+06	17464.9
	1129	2.38124e+06	17461.7
	1130	2.37708e+06	17458.1
	1131	2.37292e+06	17454.3
	1132	2.36877e+06	17450.1
	1133	2.36463e+06	17445.8
	1134	2.36049e+06	17441.1
	1135	2.35636e+06	17436.2
	1136	2.35225e+06	17431
	1137	2.34814e+06	17425.5
	1138	2.34404e+06	17419.8
	1139	2.33996e+06	17413.8
	1140	2.33589e+06	17407.6
	1141	2.33183e+06	17401.2
	1142	2.32779e+06	17394.5
	1143	2.32376e+06	17387.6
	1144	2.31975e+06	17380.4
	1145	2.31576e+06	17373
	1146	2.31179e+06	17365.4
	1147	2.30783e+06	17357.6
	1148	2.30389e+06	17349.5
	1149	2.29998e+06	17341.3
	1150	2.29608e+06	17332.8
	1151	2.29221e+06	17324.1
	1152	2.28835e+06	17315.2
	1153	2.28453e+06	17306.2
	1154	2.28072e+06	17296.9
	1155	2.27694e+06	17287.5
	1156	2.27319e+06	17277.9
	1157	2.26946e+06	17268.1
	1158	2.26576e+06	17258.1
	1159	2.26208e+06	17247.9
	1160	2.25843e+06	17237.6
	1161	2.25482e+06	17227.1
	1162	2.25123e+06	17216.5
	1163	2.24767e+06	17205.7
	1164	2.24414e+06	17194.8
	1165	2.24064e+06	17183.7
	1166	2.23717e+06	17172.5
	1167	2.23374e+06	17161.1
	1168	2.23034e+06	17149.6
	1169	2.22697e+06	17138
	1170	2.22364e+06	17126.3
	1171	2.22034e+06	17114.4
	1172	2.21708e+06	17102.5
	1173	2.21385e+06	17090.4
	1174	2.21065e+06	17078.2
	1175	2.2075e+06	17065.9
	1176	2.20438e+06	17053.5
	1177	2.2013e+06	17041
	1178	2.19826e+06	17028.4
	1179	2.19526e+06	17015.8
	1180	2.19229e+06	17003
	1181	2.18937e+06	16990.2
	1182	2.18648e+06	16977.3
	1183	2.18364e+06	16964.3
	1184	2.18084e+06	16951.3
	1185	2.17808e+06	16938.2
	1186	2.17536e+06	16925
	1187	2.17268e+06	16911.8
	1188	2.17005e+06	16898.5
	1189	2.16746e+06	16885.2
	1190	2.16492e+06	16871.9
	1191	2.16242e+06	16858.5
	1192	2.15996e+06	16845
	1193	2.15755e+06	16831.6
	1194	2.15519e+06	16818.1
	1195	2.15287e+06	16804.6
	1196	2.15059e+06	16791
	1197	2.14837e+06	16777.5
	1198	2.14619e+06	16763.9
	1199	2.14406e+06	16750.3
	1200	2.14197e+06	16736.8
	1201	2.13994e+06	16723.2
	1202	2.13795e+06	16709.6
	1203	2.13601e+06	16696
	1204	2.13413e+06	16682.5
	1205	2.13229e+06	16668.9
	1206	2.1305e+06	16655.4
	1207	2.12876e+06	16641.8
	1208	2.12707e+06	16628.3
	1209	2.12543e+06	16614.9
	1210	2.12385e+06	16601.4
	1211	2.12231e+06	16588
	1212	2.12083e+06	16574.7
	1213	2.1194e+06	16561.3
	1214	2.11802e+06	16548.1
	1215	2.11669e+06	16534.8
	1216	2.11542e+06	16521.6
	1217	2.1142e+06	16508.5
	1218	2.11303e+06	16495.4
	1219	2.11192e+06	16482.4
	1220	2.11086e+06	16469.4
	1221	2.10985e+06	16456.6
	1222	2.1089e+06	16443.7
	1223	2.10801e+06	16431
	1224	2.10716e+06	16418.3
	1225	2.10637e+06	16405.7
	1226	2.10564e+06	16393.2
	1227	2.10496e+06	16380.8
	1228	2.10434e+06	16368.4
	1229	2.10377e+06	16356.2
	1230	2.10326e+06	16344
	1231	2.1028e+06	16331.9
	1232	2.1024e+06	16320
	1233	2.10205e+06	16308.1
	1234	2.10176e+06	16296.4
	1235	2.10152e+06	16284.7
	1236	2.10134e+06	16273.2
	1237	2.10122e+06	16261.7
	1238	2.10115e+06	16250.4
	1239	2.10114e+06	16239.2
	1240	2.10119e+06	16228.1
	1241	2.10129e+06	16217.2
	1242	2.10144e+06	16206.4
	1243	2.10165e+06	16195.7
	1244	2.10192e+06	16185.1
	1245	2.10224e+06	16174.7
	1246	2.10262e+06	16164.4
	1247	2.10305e+06	16154.2
	1248	2.10354e+06	16144.2
	1249	2.10409e+06	16134.3
	1250	2.10469e+06	16124.6
	1251	2.10534e+06	16115
	1252	2.10605e+06	16105.5
	1253	2.10681e+06	16096.2
	1254	2.10763e+06	16087.1
	1255	2.1085e+06	16078.1
	1256	2.10943e+06	16069.3
	1257	2.11041e+06	16060.6
	1258	2.11144e+06	16052.1
	1259	2.11253e+06	16043.8
	1260	2.11367e+06	16035.6
	1261	2.11486e+06	16027.6
	1262	2.1161e+06	16019.8
	1263	2.1174e+06	16012.1
	1264	2.11875e+06	16004.6
	1265	2.12014e+06	15997.3
	1266	2.12159e+06	15990.2
	1267	2.12309e+06	15983.2
	1268	2.12464e+06	15976.4
	1269	2.12623e+06	15969.8
	1270	2.12788e+06	15963.4
	1271	2.12957e+06	15957.1
	1272	2.13132e+06	15951.1
	1273	2.13311e+06	15945.2
	1274	2.13494e+06	15939.5
	1275	2.13682e+06	15934
	1276	2.13875e+06	15928.7
	1277	2.14072e+06	15923.6
	1278	2.14274e+06	15918.7
	1279	2.1448e+06	15914
	1280	2.1469e+06	15909.4
	1281	2.14905e+06	15905.1
	1282	2.15123e+06	15901
	1283	2.15346e+06	15897
	1284	2.15573e+06	15893.3
	1285	2.15803e+06	15889.7
	1286	2.16038e+06	15886.4
	1287	2.16276e+06	15883.2
	1288	2.16518e+06	15880.3
	1289	2.16763e+06	15877.5
	1290	2.17012e+06	15875
	1291	2.17265e+06	15872.6
	1292	2.17521e+06	15870.5
	1293	2.1778e+06	15868.5
	1294	2.18042e+06	15866.8
	1295	2.18307e+06	15865.2
	1296	2.18576e+06	15863.9
	1297	2.18847e+06	15862.7
	1298	2.19121e+06	15861.8
	1299	2.19397e+06	15861.1
	1300	2.19676e+06	15860.5
	1301	2.19958e+06	15860.2
	1302	2.20242e+06	15860.1
	1303	2.20529e+06	15860.2
	1304	2.20817e+06	15860.4
	1305	2.21108e+06	15860.9
	1306	2.214e+06	15861.6
	1307	2.21695e+06	15862.5
	1308	2.21991e+06	15863.5
	1309	2.22288e+06	15864.8
	1310	2.22588e+06	15866.3
	1311	2.22888e+06	15868
	1312	2.2319e+06	15869.8
	1313	2.23494e+06	15871.9
	1314	2.23798e+06	15874.1
	1315	2.24103e+06	15876.6
	1316	2.24409e+06	15879.2
	1317	2.24716e+06	15882
	1318	2.25023e+06	15885
	1319	2.25331e+06	15888.2
	1320	2.25639e+06	15891.6
	1321	2.25948e+06	15895.2
	1322	2.26256e+06	15898.9
	1323	2.26565e+06	15902.9
	1324	2.26874e+06	15907
	1325	2.27182e+06	15911.3
	1326	2.2749e+06	15915.7
	1327	2.27798e+06	15920.4
	1328	2.28105e+06	15925.2
	1329	2.28412e+06	15930.2
	1330	2.28717e+06	15935.3
	1331	2.29022e+06	15940.6
	1332	2.29326e+06	15946.1
	1333	2.29629e+06	15951.8
	1334	2.2993e+06	15957.6
	1335	2.3023e+06	15963.5
	1336	2.30529e+06	15969.7
	1337	2.30826e+06	15975.9
	1338	2.31122e+06	15982.3
	1339	2.31415e+06	15988.9
	1340	2.31707e+06	15995.6
	1341	2.31997e+06	16002.5
	1342	2.32285e+06	16009.5
	1343	2.32571e+06	16016.6
	1344	2.32854e+06	16023.9
	1345	2.33135e+06	16031.3
	1346	2.33414e+06	16038.8
	1347	2.3369e+06	16046.5
	1348	2.33963e+06	16054.3
	1349	2.34233e+06	16062.2
	1350	2.34501e+06	16070.2
	1351	2.34766e+06	16078.3
	1352	2.35027e+06	16086.5
	1353	2.35286e+06	16094.9
	1354	2.35542e+06	16103.3
	1355	2.35794e+06	16111.9
	1356	2.36042e+06	16120.6
	1357	2.36288e+06	16129.3
	1358	2.3653e+06	16138.1
	1359	2.36768e+06	16147.1
	1360	2.37003e+06	16156.1
	1361	2.37233e+06	16165.2
	1362	2.37461e+06	16174.4
	1363	2.37684e+06	16183.6
	1364	2.37903e+06	16192.9
	1365	2.38118e+06	16202.3
	1366	2.3833e+06	16211.8
	1367	2.38537e+06	16221.3
	1368	2.3874e+06	16230.9
	1369	2.38939e+06	16240.5
	1370	2.39134e+06	16250.2
	1371	2.39324e+06	16259.9
	1372	2.3951e+06	16269.7
	1373	2.39692e+06	16279.5
	1374	2.39869e+06	16289.3
	1375	2.40042e+06	16299.2
	1376	2.4021e+06	16309.1
	1377	2.40374e+06	16319.1
	1378	2.40533e+06	16329
	1379	2.40687e+06	16339
	1380	2.40837e+06	16349
	1381	2.40983e+06	16359
	1382	2.41123e+06	16369
	1383	2.41259e+06	16379.1
	1384	2.4139e+06	16389.1
	1385	2.41517e+06	16399.1
	1386	2.41639e+06	16409.1
	1387	2.41756e+06	16419.1
	1388	2.41868e+06	16429.1
	1389	2.41976e+06	16439.1
	1390	2.42079e+06	16449.1
	1391	2.42177e+06	16459
	1392	2.4227e+06	16469
	1393	2.42358e+06	16478.9
	1394	2.42442e+06	16488.7
	1395	2.42521e+06	16498.5
	1396	2.42595e+06	16508.3
	1397	2.42665e+06	16518.1
	1398	2.4273e+06	16527.8
	1399	2.4279e+06	16537.4
	1400	2.42845e+06	16547
	1401	2.42896e+06	16556.6
	1402	2.42942e+06	16566.1
	1403	2.42983e+06	16575.5
	1404	2.4302e+06	16584.9
	1405	2.43052e+06	16594.2
	1406	2.43079e+06	16603.4
	1407	2.43102e+06	16612.6
	1408	2.43121e+06	16621.7
	1409	2.43135e+06	16630.7
	1410	2.43144e+06	16639.7
	1411	2.43149e+06	16648.5
	1412	2.4315e+06	16657.3
	1413	2.43146e+06	16666
	1414	2.43138e+06	16674.6
	1415	2.43125e+06	16683.1
	1416	2.43109e+06	16691.5
	1417	2.43088e+06	16699.9
	1418	2.43063e+06	16708.1
	1419	2.43034e+06	16716.2
	1420	2.43e+06	16724.2
	1421	2.42963e+06	16732.1
	1422	2.42922e+06	16739.9
	1423	2.42876e+06	16747.6
	1424	2.42827e+06	16755.2
	1425	2.42774e+06	16762.7
	1426	2.42717e+06	16770.1
	1427	2.42657e+06	16777.3
	1428	2.42592e+06	16784.4
	1429	2.42524e+06	16791.5
	1430	2.42453e+06	16798.3
	1431	2.42377e+06	16805.1
	1432	2.42299e+06	16811.7
	1433	2.42217e+06	16818.3
	1434	2.42131e+06	16824.6
	1435	2.42042e+06	16830.9
	1436	2.4195e+06	16837
	1437	2.41855e+06	16843
	1438	2.41756e+06	16848.9
	1439	2.41654e+06	16854.6
	1440	2.41549e+06	16860.2
	1441	2.41442e+06	16865.7
	1442	2.41331e+06	16871
	1443	2.41217e+06	16876.2
	1444	2.41101e+06	16881.2
	1445	2.40982e+06	16886.2
	1446	2.4086e+06	16890.9
	1447	2.40735e+06	16895.6
	1448	2.40608e+06	16900.1
	1449	2.40478e+06	16904.4
	1450	2.40346e+06	16908.6
	1451	2.40211e+06	16912.7
	1452	2.40074e+06	16916.6
	1453	2.39935e+06	16920.4
	1454	2.39794e+06	16924
	1455	2.3965e+06	16927.5
	1456	2.39504e+06	16930.9
	1457	2.39357e+06	16934.1
	1458	2.39207e+06	16937.1
	1459	2.39055e+06	16940
	1460	2.38902e+06	16942.8
	1461	2.38746e+06	16945.4
	1462	2.38589e+06	16947.9
	1463	2.3843e+06	16950.3
	1464	2.3827e+06	16952.5
	1465	2.38108e+06	16954.5
	1466	2.37944e+06	16956.4
	1467	2.37779e+06	16958.2
	1468	2.37613e+06	16959.8
	1469	2.37445e+06	16961.3
	1470	2.37276e+06	16962.6
	1471	2.37106e+06	16963.8
	1472	2.36935e+06	16964.9
	1473	2.36762e+06	16965.8
	1474	2.36589e+06	16966.6
	1475	2.36415e+06	16967.2
	1476	2.36239e+06	16967.7
	1477	2.36063e+06	16968.1
	1478	2.35886e+06	16968.3
	1479	2.35708e+06	16968.4
	1480	2.3553e+06	16968.4
	1481	2.35351e+06	16968.2
	1482	2.35171e+06	16967.9
	1483	2.34991e+06	16967.5
	1484	2.3481e+06	16966.9
	1485	2.34629e+06	16966.2
	1486	2.34448e+06	16965.4
	1487	2.34266e+06	16964.4
	1488	2.34084e+06	16963.3
	1489	2.33902e+06	16962.1
	1490	2.3372e+06	16960.8
	1491	2.33537e+06	16959.3
	1492	2.33355e+06	16957.8
	1493	2.33172e+06	16956.1
	1494	2.3299e+06	16954.3
	1495	2.32807e+06	16952.3
	1496	2.32625e+06	16950.3
	1497	2.32443e+06	16948.1
	1498	2.32262e+06	16945.8
	1499	2.3208e+06	16943.4
	1500	2.31899e+06	16940.9
	1501	2.31719e+06	16938.3
	1502	2.31539e+06	16935.6
	1503	2.31359e+06	16932.8
	1504	2.3118e+06	16929.9
	1505	2.31001e+06	16926.8
	1506	2.30823e+06	16923.7
	1507	2.30646e+06	16920.5
	1508	2.3047e+06	16917.2
	1509	2.30294e+06	16913.7
	1510	2.30119e+06	16910.2
	1511	2.29945e+06	16906.6
	1512	2.29772e+06	16902.9
	1513	2.296e+06	16899.1
	1514	2.29428e+06	16895.2
	1515	2.29258e+06	16891.3
	1516	2.29089e+06	16887.2
	1517	2.28921e+06	16883.1
	1518	2.28754e+06	16878.8
	1519	2.28589e+06	16874.6
	1520	2.28424e+06	16870.2
	1521	2.28261e+06	16865.7
	1522	2.28099e+06	16861.2
	1523	2.27939e+06	16856.6
	1524	2.27779e+06	16851.9
	1525	2.27622e+06	16847.2
	1526	2.27465e+06	16842.4
	1527	2.27311e+06	16837.5
	1528	2.27157e+06	16832.6
	1529	2.27005e+06	16827.6
	1530	2.26855e+06	16822.6
	1531	2.26707e+06	16817.5
	1532	2.2656e+06	16812.3
	1533	2.26415e+06	16807.1
	1534	2.26271e+06	16801.8
	1535	2.26129e+06	16796.5
	1536	2.25989e+06	16791.1
	1537	2.25851e+06	16785.7
	1538	2.25715e+06	16780.3
	1539	2.2558e+06	16774.8
	1540	2.25448e+06	16769.2
	1541	2.25317e+06	16763.7
	1542	2.25188e+06	16758
	1543	2.25061e+06	16752.4
	1544	2.24937e+06	16746.7
	1545	2.24814e+06	16741
	1546	2.24693e+06	16735.3
	1547	2.24574e+06	16729.5
	1548	2.24458e+06	16723.7
	1549	2.24344e+06	16717.9
	1550	2.24231e+06	16712
	1551	2.24121e+06	16706.2
	1552	2.24013e+06	16700.3
	1553	2.23907e+06	16694.4
	1554	2.23804e+06	16688.5
	1555	2.23703e+06	16682.5
	1556	2.23604e+06	16676.6
	1557	2.23507e+06	16670.7
	1558	2.23412e+06	16664.7
	1559	2.2332e+06	16658.8
	1560	2.23231e+06	16652.8
	1561	2.23143e+06	16646.8
	1562	2.23058e+06	16640.9
	1563	2.22975e+06	16634.9
	1564	2.22895e+06	16628.9
	1565	2.22817e+06	16623
	1566	2.22742e+06	16617
	1567	2.22669e+06	16611.1
	1568	2.22598e+06	16605.2
	1569	2.2253e+06	16599.2
	1570	2.22464e+06	16593.3
	1571	2.22401e+06	16587.4
	1572	2.2234e+06	16581.6
	1573	2.22282e+06	16575.7
	1574	2.22227e+06	16569.9
	1575	2.22173e+06	16564.1
	1576	2.22123e+06	16558.3
	1577	2.22075e+06	16552.5
	1578	2.22029e+06	16546.8
	1579	2.21986e+06	16541
	1580	2.21945e+06	16535.4
	1581	2.21907e+06	16529.7
	1582	2.21872e+06	16524.1
	1583	2.21839e+06	16518.5
	1584	2.21808e+06	16513
	1585	2.21781e+06	16507.4
	1586	2.21755e+06	16502
	1587	2.21733e+06	16496.5
	1588	2.21712e+06	16491.1
	1589	2.21695e+06	16485.8
	1590	2.2168e+06	16480.5
	1591	2.21667e+06	16475.2
	1592	2.21657e+06	16470
	1593	2.2165e+06	16464.8
	1594	2.21645e+06	16459.7
	1595	2.21642e+06	16454.6
	1596	2.21642e+06	16449.6
	1597	2.21645e+06	16444.7
	1598	2.2165e+06	16439.8
	1599	2.21657e+06	16434.9
	1600	2.21667e+06	16430.1
	1601	2.2168e+06	16425.4
	1602	2.21695e+06	16420.7
	1603	2.21712e+06	16416.1
	1604	2.21732e+06	16411.5
	1605	2.21754e+06	16407
	1606	2.21779e+06	16402.6
	1607	2.21806e+06	16398.2
	1608	2.21835e+06	16393.9
	1609	2.21867e+06	16389.7
	1610	2.21901e+06	16385.5
	1611	2.21938e+06	16381.4
	1612	2.21976e+06	16377.4
	1613	2.22018e+06	16373.4
	1614	2.22061e+06	16369.5
	1615	2.22107e+06	16365.7
	1616	2.22154e+06	16362
	1617	2.22204e+06	16358.3
	1618	2.22257e+06	16354.7
	1619	2.22311e+06	16351.2
	1620	2.22368e+06	16347.8
	1621	2.22426e+06	16344.4
	1622	2.22487e+06	16341.1
	1623	2.2255e+06	16337.9
	1624	2.22615e+06	16334.8
	1625	2.22682e+06	16331.7
	1626	2.22751e+06	16328.8
	1627	2.22822e+06	16325.9
	1628	2.22895e+06	16323.1
	1629	2.2297e+06	16320.3
	1630	2.23046e+06	16317.7
	1631	2.23125e+06	16315.1
	1632	2.23205e+06	16312.6
	1633	2.23287e+06	16310.3
	1634	2.23371e+06	16307.9
	1635	2.23457e+06	16305.7
	1636	2.23544e+06	16303.6
	1637	2.23634e+06	16301.5
	1638	2.23724e+06	16299.6
	1639	2.23817e+06	16297.7
	1640	2.2391e+06	16295.9
	1641	2.24006e+06	16294.2
	1642	2.24103e+06	16292.5
	1643	2.24201e+06	16291
	1644	2.24301e+06	16289.6
	1645	2.24402e+06	16288.2
	1646	2.24505e+06	16286.9
	1647	2.24608e+06	16285.7
	1648	2.24714e+06	16284.6
	1649	2.2482e+06	16283.6
	1650	2.24928e+06	16282.7
	1651	2.25036e+06	16281.8
	1652	2.25146e+06	16281.1
	1653	2.25257e+06	16280.4
	1654	2.25369e+06	16279.8
	1655	2.25482e+06	16279.4
	1656	2.25596e+06	16279
	1657	2.25711e+06	16278.6
	1658	2.25827e+06	16278.4
	1659	2.25944e+06	16278.3
	1660	2.26061e+06	16278.2
	1661	2.26179e+06	16278.2
	1662	2.26298e+06	16278.3
	1663	2.26418e+06	16278.5
	1664	2.26538e+06	16278.8
	1665	2.26659e+06	16279.2
	1666	2.2678e+06	16279.6
	1667	2.26902e+06	16280.1
	1668	2.27024e+06	16280.7
	1669	2.27147e+06	16281.4
	1670	2.2727e+06	16282.2
	1671	2.27394e+06	16283.1
	1672	2.27518e+06	16284
	1673	2.27642e+06	16285
	1674	2.27766e+06	16286.1
	1675	2.2789e+06	16287.3
	1676	2.28015e+06	16288.6
	1677	2.2814e+06	16289.9
	1678	2.28264e+06	16291.3
	1679	2.28389e+06	16292.8
	1680	2.28514e+06	16294.3
	1681	2.28638e+06	16296
	1682	2.28763e+06	16297.7
	1683	2.28887e+06	16299.5
	1684	2.29011e+06	16301.3
	1685	2.29135e+06	16303.2
	1686	2.29258e+06	16305.2
	1687	2.29382e+06	16307.3
	1688	2.29504e+06	16309.4
	1689	2.29627e+06	16311.6
	1690	2.29749e+06	16313.9
	1691	2.2987e+06	16316.2
	1692	2.29991e+06	16318.6
	1693	2.30112e+06	16321.1
	1694	2.30231e+06	16323.6
	1695	2.3035e+06	16326.2
	1696	2.30469e+06	16328.8
	1697	2.30587e+06	16331.5
	1698	2.30703e+06	16334.3
	1699	2.3082e+06	16337.1
	1700	2.30935e+06	16339.9
	1701	2.31049e+06	16342.9
	1702	2.31163e+06	16345.8
	1703	2.31276e+06	16348.9
	1704	2.31387e+06	16352
	1705	2.31498e+06	16355.1
	1706	2.31608e+06	16358.3
	1707	2.31716e+06	16361.5
	1708	2.31824e+06	16364.8
	1709	2.3193e+06	16368.1
	1710	2.32035e+06	16371.5
	1711	2.32139e+06	16374.9
	1712	2.32242e+06	16378.3
	1713	2.32343e+06	16381.8
	1714	2.32444e+06	16385.3
	1715	2.32542e+06	16388.9
	1716	2.3264e+06	16392.5
	1717	2.32736e+06	16396.1
	1718	2.32831e+06	16399.8
	1719	2.32925e+06	16403.5
	1720	2.33017e+06	16407.2
	1721	2.33107e+06	16411
	1722	2.33196e+06	16414.8
	1723	2.33284e+06	16418.6
	1724	2.3337e+06	16422.4
	1725	2.33454e+06	16426.3
	1726	2.33537e+06	16430.2
	1727	2.33618e+06	16434.1
	1728	2.33698e+06	16438
	1729	2.33776e+06	16442
	1730	2.33852e+06	16446
	1731	2.33927e+06	16449.9
	1732	2.34e+06	16453.9
	1733	2.34072e+06	16457.9
	1734	2.34141e+06	16462
	1735	2.34209e+06	16466
	1736	2.34276e+06	16470
	1737	2.3434e+06	16474.1
	1738	2.34403e+06	16478.1
	1739	2.34464e+06	16482.2
	1740	2.34523e+06	16486.3
	1741	2.3458e+06	16490.3
	1742	2.34636e+06	16494.4
	1743	2.3469e+06	16498.5
	1744	2.34742e+06	16502.5
	1745	2.34792e+06	16506.6
	1746	2.3484e+06	16510.6
	1747	2.34886e+06	16514.7
	1748	2.34931e+06	16518.7
	1749	2.34974e+06	16522.8
	1750	2.35015e+06	16526.8
	1751	2.35054e+06	16530.8
	1752	2.35091e+06	16534.8
	1753	2.35126e+06	16538.8
	1754	2.3516e+06	16542.8
	1755	2.35192e+06	16546.7
	1756	2.35221e+06	16550.7
	1757	2.35249e+06	16554.6
	1758	2.35275e+06	16558.5
	1759	2.353e+06	16562.4
	1760	2.35322e+06	16566.3
	1761	2.35343e+06	16570.1
	1762	2.35361e+06	16573.9
	1763	2.35378e+06	16577.7
	1764	2.35393e+06	16581.5
	1765	2.35406e+06	16585.2
	1766	2.35418e+06	16589
	1767	2.35427e+06	16592.6
	1768	2.35435e+06	16596.3
	1769	2.35441e+06	16599.9
	1770	2.35445e+06	16603.5
	1771	2.35448e+06	16607.1
	1772	2.35449e+06	16610.6
	1773	2.35448e+06	16614.1
	1774	2.35445e+06	16617.5
	1775	2.3544e+06	16620.9
	1776	2.35434e+06	16624.3
	1777	2.35426e+06	16627.6
	1778	2.35416e+06	16630.9
	1779	2.35405e+06	16634.2
	1780	2.35392e+06	16637.4
	1781	2.35377e+06	16640.6
	1782	2.35361e+06	16643.7
	1783	2.35343e+06	16646.8
	1784	2.35324e+06	16649.8
	1785	2.35303e+06	16652.8
	1786	2.3528e+06	16655.8
	1787	2.35256e+06	16658.7
	1788	2.3523e+06	16661.5
	1789	2.35203e+06	16664.3
	1790	2.35174e+06	16667.1
	1791	2.35144e+06	16669.8
	1792	2.35112e+06	16672.4
	1793	2.35079e+06	16675
	1794	2.35044e+06	16677.6
	1795	2.35008e+06	16680.1
	1796	2.34971e+06	16682.6
	1797	2.34932e+06	16684.9
	1798	2.34892e+06	16687.3
	1799	2.34851e+06	16689.6
	1800	2.34808e+06	16691.8
	1801	2.34764e+06	16694
	1802	2.34719e+06	16696.1
	1803	2.34672e+06	16698.2
	1804	2.34625e+06	16700.2
	1805	2.34576e+06	16702.2
	1806	2.34526e+06	16704.1
	1807	2.34475e+06	16705.9
	1808	2.34422e+06	16707.7
	1809	2.34369e+06	16709.4
	1810	2.34314e+06	16711.1
	1811	2.34259e+06	16712.7
	1812	2.34202e+06	16714.3
	1813	2.34145e+06	16715.8
	1814	2.34086e+06	16717.2
	1815	2.34027e+06	16718.6
	1816	2.33966e+06	16719.9
	1817	2.33905e+06	16721.2
	1818	2.33843e+06	16722.4
	1819	2.33779e+06	16723.6
	1820	2.33715e+06	16724.7
	1821	2.33651e+06	16725.7
	1822	2.33585e+06	16726.7
	1823	2.33519e+06	16727.6
	1824	2.33452e+06	16728.4
	1825	2.33384e+06	16729.2
	1826	2.33316e+06	16730
	1827	2.33247e+06	16730.7
	1828	2.33177e+06	16731.3
	1829	2.33106e+06	16731.8
	1830	2.33036e+06	16732.3
	1831	2.32964e+06	16732.8
	1832	2.32892e+06	16733.2
	1833	2.3282e+06	16733.5
	1834	2.32747e+06	16733.8
	1835	2.32673e+06	16734
	1836	2.32599e+06	16734.2
	1837	2.32525e+06	16734.3
	1838	2.3245e+06	16734.3
	1839	2.32375e+06	16734.3
	1840	2.323e+06	16734.3
	1841	2.32224e+06	16734.1
	1842	2.32148e+06	16734
	1843	2.32072e+06	16733.7
	1844	2.31995e+06	16733.5
	1845	2.31918e+06	16733.1
	1846	2.31841e+06	16732.7
	1847	2.31764e+06	16732.3
	1848	2.31687e+06	16731.8
	1849	2.3161e+06	16731.3
	1850	2.31532e+06	16730.7
	1851	2.31455e+06	16730
	1852	2.31377e+06	16729.3
	1853	2.313e+06	16728.6
	1854	2.31222e+06	16727.8
	1855	2.31145e+06	16726.9
	1856	2.31067e+06	16726
	1857	2.3099e+06	16725.1
	1858	2.30912e+06	16724.1
	1859	2.30835e+06	16723
	1860	2.30758e+06	16722
	1861	2.30681e+06	16720.8
	1862	2.30604e+06	16719.7
	1863	2.30528e+06	16718.4
	1864	2.30452e+06	16717.2
	1865	2.30375e+06	16715.9
	1866	2.303e+06	16714.5
	1867	2.30224e+06	16713.1
	1868	2.30149e+06	16711.7
	1869	2.30074e+06	16710.2
	1870	2.3e+06	16708.7
	1871	2.29925e+06	16707.1
	1872	2.29852e+06	16705.6
	1873	2.29778e+06	16703.9
	1874	2.29705e+06	16702.3
	1875	2.29633e+06	16700.6
	1876	2.29561e+06	16698.8
	1877	2.29489e+06	16697
	1878	2.29418e+06	16695.2
	1879	2.29348e+06	16693.4
	1880	2.29278e+06	16691.5
	1881	2.29208e+06	16689.6
	1882	2.2914e+06	16687.7
	1883	2.29071e+06	16685.7
	1884	2.29004e+06	16683.7
	1885	2.28937e+06	16681.7
	1886	2.28871e+06	16679.6
	1887	2.28805e+06	16677.5
	1888	2.2874e+06	16675.4
	1889	2.28676e+06	16673.3
	1890	2.28612e+06	16671.1
	1891	2.28549e+06	16668.9
	1892	2.28487e+06	16666.7
	1893	2.28426e+06	16664.5
	1894	2.28365e+06	16662.3
	1895	2.28305e+06	16660
	1896	2.28246e+06	16657.7
	1897	2.28188e+06	16655.4
	1898	2.28131e+06	16653.1
	1899	2.28074e+06	16650.7
	1900	2.28018e+06	16648.3
	1901	2.27964e+06	16646
	1902	2.2791e+06	16643.6
	1903	2.27857e+06	16641.1
	1904	2.27804e+06	16638.7
	1905	2.27753e+06	16636.3
	1906	2.27703e+06	16633.8
	1907	2.27653e+06	16631.4
	1908	2.27605e+06	16628.9
	1909	2.27558e+06	16626.4
	1910	2.27511e+06	16623.9
	1911	2.27465e+06	16621.4
	1912	2.27421e+06	16618.9
	1913	2.27377e+06	16616.4
	1914	2.27335e+06	16613.9
	1915	2.27293e+06	16611.4
	1916	2.27252e+06	16608.8
	1917	2.27213e+06	16606.3
	1918	2.27174e+06	16603.8
	1919	2.27137e+06	16601.2
	1920	2.271e+06	16598.7
	1921	2.27065e+06	16596.2
	1922	2.27031e+06	16593.6
	1923	2.26997e+06	16591.1
	1924	2.26965e+06	16588.6
	1925	2.26934e+06	16586
	1926	2.26904e+06	16583.5
	1927	2.26875e+06	16581
	1928	2.26847e+06	16578.5
	1929	2.2682e+06	16576
	1930	2.26794e+06	16573.5
	1931	2.2677e+06	16571
	1932	2.26746e+06	16568.5
	1933	2.26724e+06	16566
	1934	2.26702e+06	16563.5
	1935	2.26682e+06	16561.1
	1936	2.26663e+06	16558.6
	1937	2.26645e+06	16556.2
	1938	2.26628e+06	16553.8
	1939	2.26612e+06	16551.4
	1940	2.26597e+06	16549
	1941	2.26584e+06	16546.6
	1942	2.26571e+06	16544.2
	1943	2.2656e+06	16541.9
	1944	2.2655e+06	16539.5
	1945	2.2654e+06	16537.2
	1946	2.26532e+06	16534.9
	1947	2.26525e+06	16532.6
	1948	2.26519e+06	16530.4
	1949	2.26515e+06	16528.1
	1950	2.26511e+06	16525.9
	1951	2.26508e+06	16523.7
	1952	2.26507e+06	16521.5
	1953	2.26506e+06	16519.3
	1954	2.26507e+06	16517.2
	1955	2.26508e+06	16515.1
	1956	2.26511e+06	16513
	1957	2.26515e+06	16510.9
	1958	2.2652e+06	16508.9
	1959	2.26526e+06	16506.9
	1960	2.26533e+06	16504.9
	1961	2.26541e+06	16502.9
	1962	2.2655e+06	16501
	1963	2.2656e+06	16499
	1964	2.26571e+06	16497.1
	1965	2.26583e+06	16495.3
	1966	2.26596e+06	16493.5
	1967	2.2661e+06	16491.7
	1968	2.26625e+06	16489.9
	1969	2.26641e+06	16488.1
	1970	2.26658e+06	16486.4
	1971	2.26676e+06	16484.7
	1972	2.26695e+06	16483.1
	1973	2.26715e+06	16481.5
	1974	2.26736e+06	16479.9
	1975	2.26757e+06	16478.3
	1976	2.2678e+06	16476.8
	1977	2.26804e+06	16475.3
	1978	2.26828e+06	16473.8
	1979	2.26853e+06	16472.4
	1980	2.26879e+06	16471
	1981	2.26906e+06	16469.6
	1982	2.26934e+06	16468.3
	1983	2.26963e+06	16467
	1984	2.26992e+06	16465.7
	1985	2.27023e+06	16464.5
	1986	2.27054e+06	16463.3
	1987	2.27086e+06	16462.2
	1988	2.27118e+06	16461.1
	1989	2.27152e+06	16460
	1990	2.27186e+06	16458.9
	1991	2.2722e+06	16457.9
	1992	2.27256e+06	16456.9
	1993	2.27292e+06	16456
	1994	2.27329e+06	16455.1
	1995	2.27367e+06	16454.2
	1996	2.27405e+06	16453.4
	1997	2.27444e+06	16452.6
	1998	2.27483e+06	16451.8
	1999	2.27524e+06	16451.1
	2000	2.27564e+06	16450.4
	2001	2.27606e+06	16449.8
	2002	2.34238e+06	3317.12
	2003	2.40885e+06	3345.44
	2004	2.47533e+06	3374.94
	2005	2.54171e+06	3405.65
	2006	2.60785e+06	3437.58
	2007	2.67365e+06	3470.75
	2008	2.73897e+06	3505.2
	2009	2.8037e+06	3540.93
	2010	2.86773e+06	3577.97
	2011	2.93095e+06	3616.34
	2012	2.99325e+06	3656.05
	2013	3.05453e+06	3697.11
	2014	3.11471e+06	3739.56
	2015	3.1737e+06	3783.39
	2016	3.23142e+06	3828.62
	2017	3.28779e+06	3875.27
	2018	3.34276e+06	3923.34
	2019	3.39627e+06	3972.84
	2020	3.44826e+06	4023.79
	2021	3.49871e+06	4076.19
	2022	3.54756e+06	4130.05
	2023	3.5948e+06	4185.37
	2024	3.64041e+06	4242.16
	2025	3.68436e+06	4300.43
	2026	3.72666e+06	4360.17
	2027	3.7673e+06	4421.39
	2028	3.80629e+06	4484.1
	2029	3.84363e+06	4548.28
	2030	3.87933e+06	4613.95
	2031	3.91343e+06	4681.1
	2032	3.94592e+06	4749.73
	2033	3.97685e+06	4819.85
	2034	4.00624e+06	4891.43
	2035	4.03412e+06	4964.5
	2036	4.06051e+06	5039.03
	2037	4.08547e+06	5115.02
	2038	4.10901e+06	5192.48
	2039	4.13118e+06	5271.39
	2040	4.15202e+06	5351.74
	2041	4.17157e+06	5433.54
	2042	4.18986e+06	5516.77
	2043	4.20693e+06	5601.43
	2044	4.22282e+06	5687.5
	2045	4.23758e+06	5774.97
	2046	4.25124e+06	5863.85
	2047	4.26384e+06	5954.11
	2048	4.27542e+06	6045.74
	2049	4.28601e+06	6138.74
	2050	4.29565e+06	6233.09
	2051	4.30437e+06	6328.77
	2052	4.31222e+06	6425.78
	2053	4.31921e+06	6524.1
	2054	4.3254e+06	6623.71
	2055	4.3308e+06	6724.59
	2056	4.33545e+06	6826.74
	2057	4.33937e+06	6930.13
	2058	4.3426e+06	7034.75
	2059	4.34516e+06	7140.58
	2060	4.34708e+06	7247.59
	2061	4.34838e+06	7355.78
	2062	4.34909e+06	7465.11
	2063	4.34923e+06	7575.56
	2064	4.34882e+06	7687.12
	2065	4.34788e+06	7799.75
	2066	4.34644e+06	7913.45
	2067	4.3445e+06	8028.17
	2068	4.3421e+06	8143.9
	2069	4.33925e+06	8260.6
	2070	4.33596e+06	8378.26
	2071	4.33225e+06	8496.85
	2072	4.32814e+06	8616.33
	2073	4.32364e+06	8736.67
	2074	4.31876e+06	8857.85
	2075	4.31352e+06	8979.84
	2076	4.30793e+06	9102.6
	2077	4.302e+06	9226.1
	2078	4.29575e+06	9350.31
	2079	4.28918e+06	9475.19
	2080	4.2823e+06	9600.71
	2081	4.27513e+06	9726.83
	2082	4.26767e+06	9853.52
	2083	4.25994e+06	9980.74
	2084	4.25194e+06	10108.5
	2085	4.24368e+06	10236.6
	2086	4.23516e+06	10365.2
	2087	4.22641e+06	10494.2
	2088	4.21741e+06	10623.5
	2089	4.20819e+06	10753.1
	2090	4.19874e+06	10883
	2091	4.18907e+06	11013
	2092	4.1792e+06	11143.3
	2093	4.16912e+06	11273.7
	2094	4.15884e+06	11404.2
	2095	4.14836e+06	11534.7
	2096	4.1377e+06	11665.2
	2097	4.12686e+06	11795.7
	2098	4.11584e+06	11926.1
	2099	4.10464e+06	12056.4
	2100	4.09328e+06	12186.5
	2101	4.08175e+06	12316.5
	2102	4.07006e+06	12446.1
	2103	4.05822e+06	12575.5
	2104	4.04623e+06	12704.5
	2105	4.03409e+06	12833.1
	2106	4.02181e+06	12961.3
	2107	4.00939e+06	13089.1
	2108	3.99683e+06	13216.3
	2109	3.98414e+06	13343
	2110	3.97133e+06	13469
	2111	3.95839e+06	13594.5
	2112	3.94534e+06	13719.2
	2113	3.93216e+06	13843.2
	2114	3.91888e+06	13966.4
	2115	3.90548e+06	14088.9
	2116	3.89198e+06	14210.5
	2117	3.87837e+06	14331.2
	2118	3.86467e+06	14451
	2119	3.85087e+06	14569.8
	2120	3.83698e+06	14687.6
	2121	3.823e+06	14804.4
	2122	3.80893e+06	14920.1
	2123	3.79477e+06	15034.7
	2124	3.78054e+06	15148.2
	2125	3.76623e+06	15260.4
	2126	3.75185e+06	15371.5
	2127	3.7374e+06	15481.4
	2128	3.72287e+06	15589.9
	2129	3.70829e+06	15697.2
	2130	3.69364e+06	15803.1
	2131	3.67893e+06	15907.7
	2132	3.66416e+06	16010.9
	2133	3.64935e+06	16112.7
	2134	3.63448e+06	16213.1
	2135	3.61956e+06	16312
	2136	3.6046e+06	16409.4
	2137	3.5896e+06	16505.3
	2138	3.57456e+06	16599.7
	2139	3.55948e+06	16692.6
	2140	3.54437e+06	16783.8
	2141	3.52922e+06	16873.6
	2142	3.51405e+06	16961.7
	2143	3.49885e+06	17048.2
	2144	3.48363e+06	17133.1
	2145	3.46839e+06	17216.3
	2146	3.45313e+06	17297.9
	2147	3.43785e+06	17377.9
	2148	3.42256e+06	17456.1
	2149	3.40726e+06	17532.7
	2150	3.39195e+06	17607.6
	2151	3.37664e+06	17680.9
	2152	3.36132e+06	17752.4
	2153	3.346e+06	17822.2
	2154	3.33068e+06	17890.3
	2155	3.31536e+06	17956.7
	2156	3.30005e+06	18021.4
	2157	3.28475e+06	18084.4
	2158	3.26945e+06	18145.7
	2159	3.25417e+06	18205.2
	2160	3.2389e+06	18263.1
	2161	3.22364e+06	18319.3
	2162	3.20841e+06	18373.7
	2163	3.19319e+06	18426.5
	2164	3.178e+06	18477.6
	2165	3.16283e+06	18527
	2166	3.14768e+06	18574.7
	2167	3.13256e+06	18620.7
	2168	3.11747e+06	18665.1
	2169	3.10241e+06	18707.8
	2170	3.08738e+06	18748.9
	2171	3.07239e+06	18788.4
	2172	3.05743e+06	18826.2
	2173	3.04251e+06	18862.5
	2174	3.02762e+06	18897.1
	2175	3.01278e+06	18930.2
	2176	2.99798e+06	18961.7
	2177	2.98322e+06	18991.6
	2178	2.9685e+06	19020
	2179	2.95383e+06	19046.9
	2180	2.93921e+06	19072.2
	2181	2.92463e+06	19096.1
	2182	2.9101e+06	19118.5
	2183	2.89563e+06	19139.4
	2184	2.8812e+06	19158.9
	2185	2.86683e+06	19176.9
	2186	2.85251e+06	19193.5
	2187	2.83825e+06	19208.8
	2188	2.82404e+06	19222.6
	2189	2.80989e+06	19235.1
	2190	2.7958e+06	19246.3
	2191	2.78176e+06	19256.1
	2192	2.76779e+06	19264.7
	2193	2.75387e+06	19271.9
	2194	2.74001e+06	19277.9
	2195	2.72622e+06	19282.6
	2196	2.71249e+06	19286.1
	2197	2.69882e+06	19288.4
	2198	2.68522e+06	19289.6
	2199	2.67168e+06	19289.5
	2200	2.65821e+06	19288.3
	2201	2.6448e+06	19285.9
	2202	2.63145e+06	19282.5
	2203	2.61818e+06	19278
	2204	2.60497e+06	19272.3
	2205	2.59183e+06	19265.7
	2206	2.57875e+06	19258
	2207	2.56575e+06	19249.3
	2208	2.55281e+06	19239.5
	2209	2.53995e+06	19228.8
	2210	2.52715e+06	19217.2
	2211	2.51442e+06	19204.6
	2212	2.50176e+06	19191.1
	2213	2.48918e+06	19176.7
	2214	2.47666e+06	19161.4
	2215	2.46422e+06	19145.3
	2216	2.45184e+06	19128.3
	2217	2.43954e+06	19110.4
	2218	2.42731e+06	19091.8
	2219	2.41515e+06	19072.4
	2220	2.40306e+06	19052.2
	2221	2.39104e+06	19031.2
	2222	2.3791e+06	19009.5
	2223	2.36722e+06	18987.1
	2224	2.35542e+06	18964
	2225	2.34369e+06	18940.2
	2226	2.33203e+06	18915.7
	2227	2.32045e+06	18890.5
	2228	2.30894e+06	18864.8
	2229	2.2975e+06	18838.4
	2230	2.28613e+06	18811.4
	2231	2.27483e+06	18783.8
	2232	2.2636e+06	18755.6
	2233	2.25245e+06	18726.9
	2234	2.24137e+06	18697.6
	2235	2.23036e+06	18667.8
	2236	2.21942e+06	18637.5
	2237	2.20855e+06	18606.6
	2238	2.19775e+06	18575.3
	2239	2.18703e+06	18543.5
	2240	2.17637e+06	18511.3
	2241	2.16579e+06	18478.6
	2242	2.15527e+06	18445.5
	2243	2.14483e+06	18411.9
	2244	2.13446e+06	18378
	2245	2.12415e+06	18343.7
	2246	2.11392e+06	18308.9
	2247	2.10376e+06	18273.8
	2248	2.09366e+06	18238.4
	2249	2.08364e+06	18202.6
	2250	2.07368e+06	18166.5
	2251	2.06379e+06	18130
	2252	2.05397e+06	18093.3
	2253	2.04422e+06	18056.2
	2254	2.03454e+06	18018.9
	2255	2.02492e+06	17981.3
	2256	2.01537e+06	17943.4
	2257	2.00589e+06	17905.2
	2258	1.99648e+06	17866.8
	2259	1.98713e+06	17828.2
	2260	1.97785e+06	17789.3
	2261	1.96863e+06	17750.2
	2262	1.95948e+06	17711
	2263	1.9504e+06	17671.5
	2264	1.94138e+06	17631.8
	2265	1.93242e+06	17591.9
	2266	1.92353e+06	17551.9
	2267	1.91471e+06	17511.7
	2268	1.90595e+06	17471.4
	2269	1.89725e+06	17430.9
	2270	1.88862e+06	17390.2
	2271	1.88005e+06	17349.5
	2272	1.87154e+06	17308.6
	2273	1.8631e+06	17267.5
	2274	1.85472e+06	17226.4
	2275	1.8464e+06	17185.2
	2276	1.83814e+06	17143.9
	2277	1.82994e+06	17102.4
	2278	1.82181e+06	17061
	2279	1.81373e+06	17019.4
	2280	1.80572e+06	16977.7
	2281	1.79777e+06	16936
	2282	1.78988e+06	16894.3
	2283	1.78205e+06	16852.5
	2284	1.77427e+06	16810.6
	2285	1.76656e+06	16768.7
	2286	1.75891e+06	16726.8
	2287	1.75132e+06	16684.8
	2288	1.74378e+06	16642.8
	2289	1.7363e+06	16600.8
	2290	1.72889e+06	16558.8
	2291	1.72153e+06	16516.8
	2292	1.71422e+06	16474.8
	2293	1.70698e+06	16432.7
	2294	1.69979e+06	16390.7
	2295	1.69266e+06	16348.7
	2296	1.68559e+06	16306.7
	2297	1.67858e+06	16264.8
	2298	1.67162e+06	16222.8
	2299	1.66472e+06	16180.9
	2300	1.65787e+06	16139
	2301	1.65108e+06	16097.2
	2302	1.64435e+06	16055.4
	2303	1.63767e+06	16013.6
	2304	1.63105e+06	15971.9
	2305	1.62448e+06	15930.2
	2306	1.61797e+06	15888.6
	2307	1.61152e+06	15847.1
	2308	1.60512e+06	15805.6
	2309	1.59877e+06	15764.2
	2310	1.59248e+06	15722.8
	2311	1.58625e+06	15681.5
	2312	1.58007e+06	15640.3
	2313	1.57394e+06	15599.2
	2314	1.56788e+06	15558.2
	2315	1.56186e+06	15517.2
	2316	1.5559e+06	15476.3
	2317	1.55e+06	15435.6
	2318	1.54414e+06	15394.9
	2319	1.53835e+06	15354.3
	2320	1.53261e+06	15313.8
	2321	1.52692e+06	15273.4
	2322	1.52129e+06	15233.1
	2323	1.51572e+06	15192.9
	2324	1.51019e+06	15152.8
	2325	1.50473e+06	15112.8
	2326	1.49932e+06	15073
	2327	1.49396e+06	15033.2
	2328	1.48866e+06	14993.6
	2329	1.48342e+06	14954.1
	2330	1.47823e+06	14914.7
	2331	1.4731e+06	14875.4
	2332	1.46802e+06	14836.3
	2333	1.463e+06	14797.3
	2334	1.45804e+06	14758.4
	2335	1.45313e+06	14719.7
	2336	1.44828e+06	14681
	2337	1.44349e+06	14642.6
	2338	1.43876e+06	14604.2
	2339	1.43409e+06	14566
	2340	1.42947e+06	14528
	2341	1.42491e+06	14490.1
	2342	1.42041e+06	14452.3
	2343	1.41598e+06	14414.7
	2344	1.4116e+06	14377.2
	2345	1.40728e+06	14339.9
	2346	1.40302e+06	14302.7
	2347	1.39883e+06	14265.7
	2348	1.3947e+06	14228.8
	2349	1.39063e+06	14192.2
	2350	1.38663e+06	14155.6
	2351	1.38269e+06	14119.2
	2352	1.37881e+06	14083
	2353	1.375e+06	14047
	2354	1.37126e+06	14011.1
	2355	1.36758e+06	13975.4
	2356	1.36397e+06	13939.9
	2357	1.36044e+06	13904.5
	2358	1.35697e+06	13869.3
	2359	1.35357e+06	13834.3
	2360	1.35024e+06	13799.5
	2361	1.34699e+06	13764.9
	2362	1.34381e+06	13730.4
	2363	1.3407e+06	13696.1
	2364	1.33768e+06	13662
	2365	1.33472e+06	13628.1
	2366	1.33185e+06	13594.4
	2367	1.32906e+06	13560.9
	2368	1.32635e+06	13527.6
	2369	1.32372e+06	13494.5
	2370	1.32117e+06	13461.6
	2371	1.31871e+06	13428.9
	2372	1.31634e+06	13396.4
	2373	1.31405e+06	13364.1
	2374	1.31186e+06	13332
	2375	1.30976e+06	13300.1
	2376	1.30775e+06	13268.4
	2377	1.30583e+06	13237
	2378	1.30402e+06	13205.8
	2379	1.3023e+06	13174.7
	2380	1.30068e+06	13144
	2381	1.29917e+06	13113.4
	2382	1.29776e+06	13083.1
	2383	1.29647e+06	13053
	2384	1.29528e+06	13023.2
	2385	1.2942e+06	12993.6
	2386	1.29323e+06	12964.2
	2387	1.29239e+06	12935.1
	2388	1.29166e+06	12906.3
	2389	1.29106e+06	12877.7
	2390	1.29058e+06	12849.3
	2391	1.29023e+06	12821.2
	2392	1.29001e+06	12793.4
	2393	1.28992e+06	12765.9
	2394	1.28997e+06	12738.6
	2395	1.29016e+06	12711.6
	2396	1.29049e+06	12684.9
	2397	1.29096e+06	12658.5
	2398	1.29159e+06	12632.3
	2399	1.29237e+06	12606.5
	2400	1.2933e+06	12580.9
	2401	1.2944e+06	12555.7
	2402	1.29565e+06	12530.8
	2403	1.29708e+06	12506.2
	2404	1.29867e+06	12481.9
	2405	1.30044e+06	12457.9
	2406	1.30239e+06	12434.3
	2407	1.30452e+06	12411
	2408	1.30684e+06	12388
	2409	1.30934e+06	12365.4
	2410	1.31205e+06	12343.2
	2411	1.31495e+06	12321.3
	2412	1.31805e+06	12299.8
	2413	1.32136e+06	12278.6
	2414	1.32489e+06	12257.9
	2415	1.32863e+06	12237.5
	2416	1.33259e+06	12217.5
	2417	1.33678e+06	12197.9
	2418	1.3412e+06	12178.8
	2419	1.34585e+06	12160
	2420	1.35075e+06	12141.7
	2421	1.35588e+06	12123.8
	2422	1.36127e+06	12106.4
	2423	1.36691e+06	12089.4
	2424	1.37281e+06	12072.8
	2425	1.37897e+06	12056.7
	2426	1.38539e+06	12041.1
	2427	1.39209e+06	12026
	2428	1.39907e+06	12011.4
	2429	1.40633e+06	11997.3
	2430	1.41387e+06	11983.7
	2431	1.4217e+06	11970.6
	2432	1.42982e+06	11958.1
	2433	1.43825e+06	11946.1
	2434	1.44697e+06	11934.6
	2435	1.456e+06	11923.7
	2436	1.46534e+06	11913.4
	2437	1.47499e+06	11903.7
	2438	1.48495e+06	11894.5
	2439	1.49523e+06	11886
	2440	1.50584e+06	11878.1
	2441	1.51676e+06	11870.8
	2442	1.52802e+06	11864.2
	2443	1.53959e+06	11858.2
	2444	1.5515e+06	11852.9
	2445	1.56374e+06	11848.2
	2446	1.57631e+06	11844.2
	2447	1.58922e+06	11841
	2448	1.60245e+06	11838.4
	2449	1.61601e+06	11836.6
	2450	1.62991e+06	11835.5
	2451	1.64414e+06	11835.1
	2452	1.65869e+06	11835.5
	2453	1.67357e+06	11836.7
	2454	1.68878e+06	11838.6
	2455	1.7043e+06	11841.4
	2456	1.72015e+06	11844.9
	2457	1.7363e+06	11849.3
	2458	1.75277e+06	11854.5
	2459	1.76953e+06	11860.5
	2460	1.7866e+06	11867.4
	2461	1.80395e+06	11875.1
	2462	1.82159e+06	11883.7
	2463	1.83951e+06	11893.2
	2464	1.85769e+06	11903.5
	2465	1.87613e+06	11914.8
	2466	1.89483e+06	11927
	2467	1.91376e+06	11940.1
	2468	1.93292e+06	11954.1
	2469	1.95231e+06	11969
	2470	1.9719e+06	11984.9
	2471	1.99168e+06	12001.8
	2472	2.01165e+06	12019.6
	2473	2.03179e+06	12038.4
	2474	2.05208e+06	12058.1
	2475	2.07252e+06	12078.8
	2476	2.09309e+06	12100.5
	2477	2.11376e+06	12123.2
	2478	2.13454e+06	12146.8
	2479	2.15539e+06	12171.5
	2480	2.17632e+06	12197.1
	2481	2.19729e+06	12223.8
	2482	2.2183e+06	12251.4
	2483	2.23932e+06	12280
	2484	2.26035e+06	12309.7
	2485	2.28135e+06	12340.3
	2486	2.30233e+06	12371.9
	2487	2.32325e+06	12404.5
	2488	2.34411e+06	12438.1
	2489	2.36489e+06	12472.7
	2490	2.38556e+06	12508.2
	2491	2.40612e+06	12544.8
	2492	2.42654e+06	12582.3
	2493	2.44681e+06	12620.7
	2494	2.46692e+06	12660.1
	2495	2.48684e+06	12700.4
	2496	2.50657e+06	12741.7
	2497	2.52609e+06	12783.9
	2498	2.54537e+06	12827
	2499	2.56442e+06	12871
	2500	2.58322e+06	12915.9
	2501	2.60174e+06	12961.6
	2502	2.61999e+06	13008.2
	2503	2.63794e+06	13055.6
	2504	2.65559e+06	13103.9
	2505	2.67292e+06	13153
	2506	2.68992e+06	13202.8
	2507	2.70659e+06	13253.4
	2508	2.72291e+06	13304.8
	2509	2.73888e+06	13356.9
	2510	2.75449e+06	13409.7
	2511	2.76972e+06	13463.2
	2512	2.78458e+06	13517.4
	2513	2.79905e+06	13572.2
	2514	2.81314e+06	13627.7
	2515	2.82683e+06	13683.7
	2516	2.84012e+06	13740.3
	2517	2.853e+06	13797.5
	2518	2.86548e+06	13855.2
	2519	2.87756e+06	13913.4
	2520	2.88922e+06	13972.1
	2521	2.90046e+06	14031.2
	2522	2.91129e+06	14090.8
	2523	2.92171e+06	14150.7
	2524	2.93171e+06	14211.1
	2525	2.9413e+06	14271.7
	2526	2.95047e+06	14332.7
	2527	2.95922e+06	14394
	2528	2.96757e+06	14455.5
	2529	2.97551e+06	14517.3
	2530	2.98304e+06	14579.3
	2531	2.99016e+06	14641.5
	2532	2.99688e+06	14703.8
	2533	3.00321e+06	14766.3
	2534	3.00913e+06	14828.8
	2535	3.01467e+06	14891.4
	2536	3.01983e+06	14954.1
	2537	3.02459e+06	15016.7
	2538	3.02899e+06	15079.4
	2539	3.03301e+06	15142
	2540	3.03666e+06	15204.5
	2541	3.03995e+06	15267
	2542	3.04288e+06	15329.3
	2543	3.04547e+06	15391.5
	2544	3.0477e+06	15453.5
	2545	3.0496e+06	15515.3
	2546	3.05116e+06	15576.9
	2547	3.0524e+06	15638.2
	2548	3.05331e+06	15699.3
	2549	3.05391e+06	15760
	2550	3.0542e+06	15820.4
	2551	3.05419e+06	15880.5
	2552	3.05387e+06	15940.2
	2553	3.05327e+06	15999.5
	2554	3.05239e+06	16058.4
	2555	3.05122e+06	16116.8
	2556	3.04978e+06	16174.8
	2557	3.04808e+06	16232.3
	2558	3.04612e+06	16289.3
	2559	3.0439e+06	16345.8
	2560	3.04144e+06	16401.7
	2561	3.03874e+06	16457.1
	2562	3.0358e+06	16511.9
	2563	3.03263e+06	16566.1
	2564	3.02924e+06	16619.6
	2565	3.02563e+06	16672.6
	2566	3.02182e+06	16724.9
	2567	3.01779e+06	16776.5
	2568	3.01357e+06	16827.4
	2569	3.00915e+06	16877.6
	2570	3.00455e+06	16927.2
	2571	2.99976e+06	16976
	2572	2.9948e+06	17024
	2573	2.98966e+06	17071.4
	2574	2.98436e+06	17117.9
	2575	2.9789e+06	17163.7
	2576	2.97327e+06	17208.7
	2577	2.9675e+06	17252.9
	2578	2.96159e+06	17296.3
	2579	2.95553e+06	17338.9
	2580	2.94933e+06	17380.7
	2581	2.94301e+06	17421.6
	2582	2.93655e+06	17461.7
	2583	2.92997e+06	17501
	2584	2.92328e+06	17539.4
	2585	2.91647e+06	17576.9
	2586	2.90955e+06	17613.6
	2587	2.90253e+06	17649.4
	2588	2.89541e+06	17684.4
	2589	2.88819e+06	17718.5
	2590	2.88087e+06	17751.7
	2591	2.87347e+06	17784
	2592	2.86598e+06	17815.5
	2593	2.85841e+06	17846
	2594	2.85076e+06	17875.7
	2595	2.84304e+06	17904.5
	2596	2.83525e+06	17932.4
	2597	2.82739e+06	17959.5
	2598	2.81946e+06	17985.6
	2599	2.81148e+06	18010.8
	2600	2.80343e+06	18035.2
	2601	2.79534e+06	18058.7
	2602	2.78719e+06	18081.3
	2603	2.77899e+06	18103
	2604	2.77075e+06	18123.9
	2605	2.76247e+06	18143.9
	2606	2.75414e+06	18163
	2607	2.74578e+06	18181.3
	2608	2.73739e+06	18198.7
	2609	2.72896e+06	18215.2
	2610	2.7205e+06	18230.9
	2611	2.71202e+06	18245.7
	2612	2.70351e+06	18259.8
	2613	2.69499e+06	18272.9
	2614	2.68644e+06	18285.3
	2615	2.67787e+06	18296.8
	2616	2.66929e+06	18307.5
	2617	2.6607e+06	18317.4
	2618	2.6521e+06	18326.5
	2619	2.64349e+06	18334.8
	2620	2.63487e+06	18342.3
	2621	2.62625e+06	18349
	2622	2.61762e+06	18355
	2623	2.609e+06	18360.2
	2624	2.60037e+06	18364.6
	2625	2.59175e+06	18368.3
	2626	2.58313e+06	18371.2
	2627	2.57452e+06	18373.5
	2628	2.56592e+06	18374.9
	2629	2.55732e+06	18375.7
	2630	2.54874e+06	18375.8
	2631	2.54017e+06	18375.2
	2632	2.53161e+06	18373.8
	2633	2.52307e+06	18371.8
	2634	2.51454e+06	18369.2
	2635	2.50604e+06	18365.9
	2636	2.49755e+06	18361.9
	2637	2.48909e+06	18357.3
	2638	2.48064e+06	18352
	2639	2.47222e+06	18346.1
	2640	2.46383e+06	18339.6
	2641	2.45546e+06	18332.5
	2642	2.44712e+06	18324.9
	2643	2.4388e+06	18316.6
	2644	2.43052e+06	18307.7
	2645	2.42227e+06	18298.3
	2646	2.41404e+06	18288.4
	2647	2.40585e+06	18277.8
	2648	2.39769e+06	18266.8
	2649	2.38957e+06	18255.2
	2650	2.38148e+06	18243.1
	2651	2.37343e+06	18230.5
	2652	2.36542e+06	18217.4
	2653	2.35744e+06	18203.8
	2654	2.34951e+06	18189.8
	2655	2.34161e+06	18175.3
	2656	2.33375e+06	18160.3
	2657	2.32594e+06	18144.8
	2658	2.31816e+06	18128.9
	2659	2.31043e+06	18112.6
	2660	2.30274e+06	18095.9
	2661	2.2951e+06	18078.8
	2662	2.2875e+06	18061.2
	2663	2.27995e+06	18043.3
	2664	2.27245e+06	18025
	2665	2.26499e+06	18006.3
	2666	2.25758e+06	17987.2
	2667	2.25022e+06	17967.8
	2668	2.2429e+06	17948
	2669	2.23564e+06	17927.9
	2670	2.22843e+06	17907.5
	2671	2.22127e+06	17886.8
	2672	2.21415e+06	17865.7
	2673	2.2071e+06	17844.3
	2674	2.20009e+06	17822.7
	2675	2.19314e+06	17800.7
	2676	2.18624e+06	17778.5
	2677	2.17939e+06	17756
	2678	2.1726e+06	17733.3
	2679	2.16587e+06	17710.2
	2680	2.15919e+06	17687
	2681	2.15257e+06	17663.5
	2682	2.14601e+06	17639.8
	2683	2.1395e+06	17615.8
	2684	2.13305e+06	17591.7
	2685	2.12666e+06	17567.3
	2686	2.12032e+06	17542.8
	2687	2.11405e+06	17518
	2688	2.10784e+06	17493.1
	2689	2.10169e+06	17468
	2690	2.0956e+06	17442.7
	2691	2.08957e+06	17417.3
	2692	2.0836e+06	17391.7
	2693	2.07769e+06	17366
	2694	2.07185e+06	17340.1
	2695	2.06607e+06	17314.1
	2696	2.06035e+06	17288
	2697	2.0547e+06	17261.8
	2698	2.04911e+06	17235.4
	2699	2.04359e+06	17209
	2700	2.03814e+06	17182.4
	2701	2.03275e+06	17155.8
	2702	2.02742e+06	17129
	2703	2.02217e+06	17102.2
	2704	2.01698e+06	17075.4
	2705	2.01186e+06	17048.4
	2706	2.00681e+06	17021.4
	2707	2.00183e+06	16994.4
	2708	1.99691e+06	16967.3
	2709	1.99207e+06	16940.1
	2710	1.9873e+06	16912.9
	2711	1.9826e+06	16885.7
	2712	1.97797e+06	16858.5
	2713	1.97341e+06	16831.3
	2714	1.96893e+06	16804
	2715	1.96452e+06	16776.8
	2716	1.96018e+06	16749.5
	2717	1.95592e+06	16722.3
	2718	1.95173e+06	16695
	2719	1.94762e+06	16667.8
	2720	1.94359e+06	16640.6
	2721	1.93963e+06	16613.4
	2722	1.93574e+06	16586.3
	2723	1.93194e+06	16559.2
	2724	1.92821e+06	16532.1
	2725	1.92457e+06	16505.1
	2726	1.921e+06	16478.2
	2727	1.91751e+06	16451.3
	2728	1.91411e+06	16424.4
	2729	1.91078e+06	16397.7
	2730	1.90754e+06	16371
	2731	1.90438e+06	16344.4
	2732	1.9013e+06	16317.9
	2733	1.89831e+06	16291.4
	2734	1.8954e+06	16265.1
	2735	1.89258e+06	16238.9
	2736	1.88984e+06	16212.7
	2737	1.88719e+06	16186.7
	2738	1.88463e+06	16160.8
	2739	1.88215e+06	16135
	2740	1.87976e+06	16109.3
	2741	1.87747e+06	16083.8
	2742	1.87526e+06	16058.4
	2743	1.87314e+06	16033.1
	2744	1.87111e+06	16008
	2745	1.86918e+06	15983
	2746	1.86734e+06	15958.2
	2747	1.86559e+06	15933.5
	2748	1.86394e+06	15909
	2749	1.86238e+06	15884.6
	2750	1.86092e+06	15860.4
	2751	1.85955e+06	15836.4
	2752	1.85828e+06	15812.6
	2753	1.85711e+06	15788.9
	2754	1.85604e+06	15765.4
	2755	1.85507e+06	15742.2
	2756	1.85419e+06	15719.1
	2757	1.85342e+06	15696.2
	2758	1.85275e+06	15673.5
	2759	1.85218e+06	15651
	2760	1.85172e+06	15628.8
	2761	1.85135e+06	15606.7
	2762	1.8511e+06	15584.9
	2763	1.85094e+06	15563.3
	2764	1.8509e+06	15541.9
	2765	1.85096e+06	15520.8
	2766	1.85112e+06	15499.9
	2767	1.8514e+06	15479.2
	2768	1.85178e+06	15458.8
	2769	1.85227e+06	15438.7
	2770	1.85287e+06	15418.8
	2771	1.85358e+06	15399.1
	2772	1.8544e+06	15379.7
	2773	1.85534e+06	15360.6
	2774	1.85638e+06	15341.8
	2775	1.85754e+06	15323.2
	2776	1.85881e+06	15304.9
	2777	1.86019e+06	15286.9
	2778	1.86169e+06	15269.2
	2779	1.8633e+06	15251.7
	2780	1.86503e+06	15234.6
	2781	1.86687e+06	15217.7
	2782	1.86883e+06	15201.2
	2783	1.87091e+06	15185
	2784	1.87309e+06	15169.1
	2785	1.8754e+06	15153.5
	2786	1.87782e+06	15138.2
	2787	1.88036e+06	15123.2
	2788	1.88302e+06	15108.6
	2789	1.88579e+06	15094.3
	2790	1.88868e+06	15080.4
	2791	1.89169e+06	15066.7
	2792	1.89481e+06	15053.4
	2793	1.89806e+06	15040.5
	2794	1.90141e+06	15027.9
	2795	1.90489e+06	15015.7
	2796	1.90848e+06	15003.8
	2797	1.91219e+06	14992.3
	2798	1.91601e+06	14981.2
	2799	1.91995e+06	14970.4
	2800	1.924e+06	14960
	2801	1.92817e+06	14949.9
	2802	1.93245e+06	14940.3
	2803	1.93684e+06	14931
	2804	1.94135e+06	14922.1
	2805	1.94596e+06	14913.6
	2806	1.95069e+06	14905.5
	2807	1.95553e+06	14897.8
	2808	1.96047e+06	14890.4
	2809	1.96553e+06	14883.5
	2810	1.97069e+06	14877
	2811	1.97595e+06	14870.9
	2812	1.98132e+06	14865.2
	2813	1.98679e+06	14859.9
	2814	1.99237e+06	14855
	2815	1.99804e+06	14850.5
	2816	2.00381e+06	14846.5
	2817	2.00967e+06	14842.8
	2818	2.01564e+06	14839.6
	2819	2.02169e+06	14836.8
	2820	2.02783e+06	14834.5
	2821	2.03406e+06	14832.6
	2822	2.04038e+06	14831.1
	2823	2.04679e+06	14830
	2824	2.05327e+06	14829.4
	2825	2.05984e+06	14829.2
	2826	2.06648e+06	14829.4
	2827	2.0732e+06	14830.1
	2828	2.07999e+06	14831.2
	2829	2.08685e+06	14832.7
	2830	2.09377e+06	14834.7
	2831	2.10077e+06	14837.1
	2832	2.10782e+06	14840
	2833	2.11493e+06	14843.3
	2834	2.1221e+06	14847
	2835	2.12932e+06	14851.2
	2836	2.13659e+06	14855.8
	2837	2.1439e+06	14860.9
	2838	2.15126e+06	14866.4
	2839	2.15866e+06	14872.3
	2840	2.1661e+06	14878.7
	2841	2.17357e+06	14885.5
	2842	2.18107e+06	14892.7
	2843	2.18859e+06	14900.4
	2844	2.19614e+06	14908.5
	2845	2.20371e+06	14917
	2846	2.2113e+06	14926
	2847	2.2189e+06	14935.4
	2848	2.2265e+06	14945.2
	2849	2.23411e+06	14955.4
	2850	2.24173e+06	14966
	2851	2.24934e+06	14977.1
	2852	2.25695e+06	14988.6
	2853	2.26455e+06	15000.4
	2854	2.27213e+06	15012.7
	2855	2.2797e+06	15025.4
	2856	2.28725e+06	15038.5
	2857	2.29477e+06	15051.9
	2858	2.30227e+06	15065.8
	2859	2.30974e+06	15080
	2860	2.31717e+06	15094.6
	2861	2.32457e+06	15109.6
	2862	2.33192e+06	15125
	2863	2.33923e+06	15140.7
	2864	2.34649e+06	15156.8
	2865	2.3537e+06	15173.2
	2866	2.36085e+06	15190
	2867	2.36795e+06	15207.1
	2868	2.37498e+06	15224.6
	2869	2.38195e+06	15242.4
	2870	2.38885e+06	15260.5
	2871	2.39568e+06	15278.9
	2872	2.40244e+06	15297.7
	2873	2.40912e+06	15316.7
	2874	2.41572e+06	15336
	2875	2.42223e+06	15355.6
	2876	2.42866e+06	15375.5
	2877	2.43501e+06	15395.7
	2878	2.44126e+06	15416.1
	2879	2.44742e+06	15436.8
	2880	2.45348e+06	15457.8
	2881	2.45945e+06	15478.9
	2882	2.46532e+06	15500.4
	2883	2.47108e+06	15522
	2884	2.47674e+06	15543.9
	2885	2.48229e+06	15565.9
	2886	2.48774e+06	15588.2
	2887	2.49308e+06	15610.6
	2888	2.4983e+06	15633.3
	2889	2.50341e+06	15656.1
	2890	2.5084e+06	15679
	2891	2.51328e+06	15702.2
	2892	2.51804e+06	15725.4
	2893	2.52269e+06	15748.8
	2894	2.52721e+06	15772.4
	2895	2.53161e+06	15796
	2896	2.53589e+06	15819.8
	2897	2.54004e+06	15843.7
	2898	2.54407e+06	15867.6
	2899	2.54798e+06	15891.6
	2900	2.55176e+06	15915.7
	2901	2.55542e+06	15939.9
	2902	2.55895e+06	15964.1
	2903	2.56235e+06	15988.4
	2904	2.56563e+06	16012.7
	2905	2.56878e+06	16037
	2906	2.5718e+06	16061.4
	2907	2.57469e+06	16085.7
	2908	2.57746e+06	16110.1
	2909	2.5801e+06	16134.4
	2910	2.58261e+06	16158.7
	2911	2.585e+06	16183
	2912	2.58726e+06	16207.2
	2913	2.58939e+06	16231.4
	2914	2.5914e+06	16255.6
	2915	2.59328e+06	16279.6
	2916	2.59503e+06	16303.6
	2917	2.59667e+06	16327.5
	2918	2.59818e+06	16351.4
	2919	2.59956e+06	16375.1
	2920	2.60083e+06	16398.7
	2921	2.60197e+06	16422.2
	2922	2.603e+06	16445.6
	2923	2.6039e+06	16468.8
	2924	2.60469e+06	16491.9
	2925	2.60536e+06	16514.9
	2926	2.60591e+06	16537.7
	2927	2.60635e+06	16560.3
	2928	2.60667e+06	16582.8
	2929	2.60688e+06	16605
	2930	2.60698e+06	16627.1
	2931	2.60697e+06	16649
	2932	2.60686e+06	16670.7
	2933	2.60663e+06	16692.2
	2934	2.6063e+06	16713.5
	2935	2.60586e+06	16734.5
	2936	2.60532e+06	16755.4
	2937	2.60468e+06	16776
	2938	2.60394e+06	16796.3
	2939	2.60309e+06	16816.5
	2940	2.60215e+06	16836.3
	2941	2.60112e+06	16855.9
	2942	2.59999e+06	16875.3
	2943	2.59877e+06	16894.4
	2944	2.59745e+06	16913.2
	2945	2.59605e+06	16931.7
	2946	2.59456e+06	16949.9
	2947	2.59298e+06	16967.9
	2948	2.59132e+06	16985.6
	2949	2.58957e+06	17003
	2950	2.58774e+06	17020.1
	2951	2.58583e+06	17036.8
	2952	2.58384e+06	17053.3
	2953	2.58178e+06	17069.5
	2954	2.57964e+06	17085.3
	2955	2.57742e+06	17100.9
	2956	2.57513e+06	17116.1
	2957	2.57278e+06	17131
	2958	2.57035e+06	17145.5
	2959	2.56786e+06	17159.8
	2960	2.5653e+06	17173.7
	2961	2.56267e+06	17187.3
	2962	2.55999e+06	17200.5
	2963	2.55724e+06	17213.4
	2964	2.55443e+06	17226
	2965	2.55157e+06	17238.2
	2966	2.54865e+06	17250.1
	2967	2.54567e+06	17261.6
	2968	2.54264e+06	17272.8
	2969	2.53956e+06	17283.7
	2970	2.53643e+06	17294.2
	2971	2.53325e+06	17304.4
	2972	2.53003e+06	17314.2
	2973	2.52675e+06	17323.6
	2974	2.52344e+06	17332.8
	2975	2.52008e+06	17341.5
	2976	2.51668e+06	17350
	2977	2.51324e+06	17358
	2978	2.50976e+06	17365.8
	2979	2.50625e+06	17373.1
	2980	2.5027e+06	17380.2
	2981	2.49911e+06	17386.8
	2982	2.49549e+06	17393.2
	2983	2.49185e+06	17399.2
	2984	2.48817e+06	17404.8
	2985	2.48446e+06	17410.1
	2986	2.48073e+06	17415.1
	2987	2.47697e+06	17419.7
	2988	2.47318e+06	17424
	2989	2.46938e+06	17428
	2990	2.46555e+06	17431.6
	2991	2.4617e+06	17434.9
	2992	2.45782e+06	17437.8
	2993	2.45394e+06	17440.4
	2994	2.45003e+06	17442.7
	2995	2.44611e+06	17444.7
	2996	2.44217e+06	17446.3
	2997	2.43822e+06	17447.6
	2998	2.43426e+06	17448.6
	2999	2.43029e+06	17449.3
	3000	2.42631e+06	17449.7
	3001	2.42232e+06	17449.8
	3002	2.41832e+06	17449.5
	3003	2.41431e+06	17448.9
	3004	2.4103e+06	17448.1
	3005	2.40628e+06	17446.9
	3006	2.40226e+06	17445.5
	3007	2.39824e+06	17443.7
	3008	2.39422e+06	17441.7
	3009	2.39019e+06	17439.3
	3010	2.38617e+06	17436.7
	3011	2.38215e+06	17433.8
	3012	2.37813e+06	17430.6
	3013	2.37411e+06	17427.2
	3014	2.3701e+06	17423.5
	3015	2.36609e+06	17419.5
	3016	2.36209e+06	17415.2
	3017	2.3581e+06	17410.7
	3018	2.35412e+06	17405.9
	3019	2.35014e+06	17400.9
	3020	2.34618e+06	17395.6
	3021	2.34222e+06	17390.1
	3022	2.33828e+06	17384.3
	3023	2.33435e+06	17378.3
	3024	2.33043e+06	17372.1
	3025	2.32653e+06	17365.6
	3026	2.32264e+06	17358.9
	3027	2.31877e+06	17352
	3028	2.31491e+06	17344.8
	3029	2.31107e+06	17337.5
	3030	2.30725e+06	17329.9
	3031	2.30345e+06	17322.1
	3032	2.29967e+06	17314.1
	3033	2.2959e+06	17305.9
	3034	2.29216e+06	17297.6
	3035	2.28844e+06	17289
	3036	2.28475e+06	17280.2
	3037	2.28107e+06	17271.3
	3038	2.27742e+06	17262.2
	3039	2.2738e+06	17252.9
	3040	2.2702e+06	17243.4
	3041	2.26662e+06	17233.7
	3042	2.26307e+06	17223.9
	3043	2.25955e+06	17214
	3044	2.25606e+06	17203.8
	3045	2.25259e+06	17193.6
	3046	2.24916e+06	17183.2
	3047	2.24575e+06	17172.6
	3048	2.24238e+06	17161.9
	3049	2.23903e+06	17151
	3050	2.23572e+06	17140.1
	3051	2.23243e+06	17129
	3052	2.22918e+06	17117.8
	3053	2.22597e+06	17106.4
	3054	2.22278e+06	17095
	3055	2.21964e+06	17083.4
	3056	2.21652e+06	17071.7
	3057	2.21344e+06	17059.9
	3058	2.2104e+06	17048.1
	3059	2.20739e+06	17036.1
	3060	2.20442e+06	17024
	3061	2.20149e+06	17011.9
	3062	2.19859e+06	16999.6
	3063	2.19574e+06	16987.3
	3064	2.19292e+06	16974.9
	3065	2.19014e+06	16962.5
	3066	2.1874e+06	16950
	3067	2.1847e+06	16937.4
	3068	2.18204e+06	16924.7
	3069	2.17942e+06	16912
	3070	2.17685e+06	16899.2
	3071	2.17431e+06	16886.4
	3072	2.17182e+06	16873.6
	3073	2.16937e+06	16860.7
	3074	2.16697e+06	16847.7
	3075	2.16461e+06	16834.8
	3076	2.16229e+06	16821.8
	3077	2.16001e+06	16808.7
	3078	2.15778e+06	16795.7
	3079	2.1556e+06	16782.6
	3080	2.15346e+06	16769.5
	3081	2.15137e+06	16756.4
	3082	2.14932e+06	16743.3
	3083	2.14732e+06	16730.2
	3084	2.14537e+06	16717.1
	3085	2.14347e+06	16704
	3086	2.14161e+06	16690.9
	3087	2.1398e+06	16677.8
	3088	2.13804e+06	16664.7
	3089	2.13633e+06	16651.7
	3090	2.13466e+06	16638.6
	3091	2.13305e+06	16625.6
	3092	2.13148e+06	16612.6
	3093	2.12997e+06	16599.6
	3094	2.1285e+06	16586.7
	3095	2.12709e+06	16573.8
	3096	2.12572e+06	16560.9
	3097	2.12441e+06	16548.1
	3098	2.12314e+06	16535.4
	3099	2.12193e+06	16522.6
	3100	2.12077e+06	16510
	3101	2.11967e+06	16497.4
	3102	2.11861e+06	16484.8
	3103	2.11761e+06	16472.3
	3104	2.11665e+06	16459.9
	3105	2.11575e+06	16447.5
	3106	2.11491e+06	16435.2
	3107	2.11411e+06	16423
	3108	2.11337e+06	16410.9
	3109	2.11269e+06	16398.8
	3110	2.11205e+06	16386.8
	3111	2.11147e+06	16374.9
	3112	2.11094e+06	16363.1
	3113	2.11047e+06	16351.4
	3114	2.11005e+06	16339.8
	3115	2.10968e+06	16328.3
	3116	2.10937e+06	16316.8
	3117	2.10911e+06	16305.5
	3118	2.10891e+06	16294.3
	3119	2.10876e+06	16283.2
	3120	2.10866e+06	16272.2
	3121	2.10862e+06	16261.3
	3122	2.10863e+06	16250.5
	3123	2.1087e+06	16239.9
	3124	2.10882e+06	16229.3
	3125	2.10899e+06	16218.9
	3126	2.10922e+06	16208.6
	3127	2.1095e+06	16198.5
	3128	2.10983e+06	16188.4
	3129	2.11022e+06	16178.5
	3130	2.11066e+06	16168.7
	3131	2.11116e+06	16159.1
	3132	2.11171e+06	16149.6
	3133	2.11231e+06	16140.3
	3134	2.11296e+06	16131.1
	3135	2.11367e+06	16122
	3136	2.11443e+06	16113.1
	3137	2.11524e+06	16104.3
	3138	2.11611e+06	16095.7
	3139	2.11702e+06	16087.2
	3140	2.11799e+06	16078.9
	3141	2.11901e+06	16070.8
	3142	2.12008e+06	16062.8
	3143	2.1212e+06	16054.9
	3144	2.12237e+06	16047.3
	3145	2.12359e+06	16039.8
	3146	2.12486e+06	16032.4
	3147	2.12618e+06	16025.2
	3148	2.12755e+06	16018.2
	3149	2.12896e+06	16011.4
	3150	2.13043e+06	16004.7
	3151	2.13194e+06	15998.2
	3152	2.1335e+06	15991.9
	3153	2.13511e+06	15985.8
	3154	2.13676e+06	15979.8
	3155	2.13845e+06	15974
	3156	2.1402e+06	15968.4
	3157	2.14198e+06	15963
	3158	2.14382e+06	15957.8
	3159	2.14569e+06	15952.7
	3160	2.14761e+06	15947.9
	3161	2.14957e+06	15943.2
	3162	2.15157e+06	15938.7
	3163	2.15361e+06	15934.4
	3164	2.15569e+06	15930.3
	3165	2.15781e+06	15926.3
	3166	2.15997e+06	15922.6
	3167	2.16217e+06	15919
	3168	2.1644e+06	15915.7
	3169	2.16668e+06	15912.5
	3170	2.16898e+06	15909.6
	3171	2.17132e+06	15906.8
	3172	2.1737e+06	15904.2
	3173	2.17611e+06	15901.8
	3174	2.17855e+06	15899.6
	3175	2.18102e+06	15897.6
	3176	2.18353e+06	15895.8
	3177	2.18606e+06	15894.2
	3178	2.18863e+06	15892.8
	3179	2.19122e+06	15891.5
	3180	2.19383e+06	15890.5
	3181	2.19648e+06	15889.7
	3182	2.19915e+06	15889
	3183	2.20184e+06	15888.6
	3184	2.20456e+06	15888.3
	3185	2.2073e+06	15888.3
	3186	2.21006e+06	15888.4
	3187	2.21284e+06	15888.7
	3188	2.21564e+06	15889.3
	3189	2.21845e+06	15890
	3190	2.22129e+06	15890.9
	3191	2.22414e+06	15892
	3192	2.22701e+06	15893.3
	3193	2.22989e+06	15894.8
	3194	2.23278e+06	15896.4
	3195	2.23568e+06	15898.3
	3196	2.2386e+06	15900.3
	3197	2.24152e+06	15902.6
	3198	2.24446e+06	15905
	3199	2.2474e+06	15907.6
	3200	2.25035e+06	15910.4
	3201	2.2533e+06	15913.3
	3202	2.25626e+06	15916.4
	3203	2.25922e+06	15919.8
	3204	2.26218e+06	15923.3
	3205	2.26514e+06	15926.9
	3206	2.26811e+06	15930.8
	3207	2.27107e+06	15934.8
	3208	2.27403e+06	15939
	3209	2.27698e+06	15943.3
	3210	2.27993e+06	15947.8
	3211	2.28288e+06	15952.5
	3212	2.28582e+06	15957.4
	3213	2.28875e+06	15962.4
	3214	2.29167e+06	15967.6
	3215	2.29458e+06	15972.9
	3216	2.29748e+06	15978.4
	3217	2.30037e+06	15984
	3218	2.30325e+06	15989.8
	3219	2.30611e+06	15995.7
	3220	2.30895e+06	16001.8
	3221	2.31178e+06	16008
	3222	2.31459e+06	16014.4
	3223	2.31739e+06	16020.9
	3224	2.32016e+06	16027.5
	3225	2.32292e+06	16034.3
	3226	2.32565e+06	16041.2
	3227	2.32836e+06	16048.2
	3228	2.33105e+06	16055.4
	3229	2.33371e+06	16062.7
	3230	2.33635e+06	16070.1
	3231	2.33896e+06	16077.6
	3232	2.34155e+06	16085.2
	3233	2.34411e+06	16092.9
	3234	2.34664e+06	16100.8
	3235	2.34914e+06	16108.7
	3236	2.35161e+06	16116.8
	3237	2.35405e+06	16125
	3238	2.35646e+06	16133.2
	3239	2.35884e+06	16141.5
	3240	2.36118e+06	16150
	3241	2.36349e+06	16158.5
	3242	2.36576e+06	16167.1
	3243	2.368e+06	16175.8
	3244	2.37021e+06	16184.6
	3245	2.37238e+06	16193.4
	3246	2.37451e+06	16202.3
	3247	2.3766e+06	16211.3
	3248	2.37865e+06	16220.3
	3249	2.38067e+06	16229.4
	3250	2.38265e+06	16238.6
	3251	2.38458e+06	16247.8
	3252	2.38648e+06	16257.1
	3253	2.38834e+06	16266.4
	3254	2.39015e+06	16275.7
	3255	2.39192e+06	16285.1
	3256	2.39365e+06	16294.6
	3257	2.39534e+06	16304
	3258	2.39699e+06	16313.5
	3259	2.39859e+06	16323.1
	3260	2.40015e+06	16332.6
	3261	2.40167e+06	16342.2
	3262	2.40314e+06	16351.8
	3263	2.40457e+06	16361.4
	3264	2.40595e+06	16371
	3265	2.40729e+06	16380.6
	3266	2.40858e+06	16390.2
	3267	2.40983e+06	16399.9
	3268	2.41103e+06	16409.5
	3269	2.41219e+06	16419.1
	3270	2.4133e+06	16428.7
	3271	2.41437e+06	16438.3
	3272	2.41539e+06	16447.9
	3273	2.41636e+06	16457.5
	3274	2.41729e+06	16467
	3275	2.41818e+06	16476.5
	3276	2.41902e+06	16486
	3277	2.41981e+06	16495.5
	3278	2.42056e+06	16504.9
	3279	2.42126e+06	16514.3
	3280	2.42192e+06	16523.6
	3281	2.42253e+06	16532.9
	3282	2.42309e+06	16542.2
	3283	2.42362e+06	16551.4
	3284	2.42409e+06	16560.5
	3285	2.42452e+06	16569.6
	3286	2.42491e+06	16578.7
	3287	2.42525e+06	16587.7
	3288	2.42555e+06	16596.6
	3289	2.42581e+06	16605.4
	3290	2.42602e+06	16614.2
	3291	2.42618e+06	16622.9
	3292	2.42631e+06	16631.6
	3293	2.42639e+06	16640.1
	3294	2.42643e+06	16648.6
	3295	2.42643e+06	16657
	3296	2.42638e+06	16665.3
	3297	2.4263e+06	16673.6
	3298	2.42617e+06	16681.7
	3299	2.426e+06	16689.8
	3300	2.42579e+06	16697.7
	3301	2.42554e+06	16705.6
	3302	2.42526e+06	16713.4
	3303	2.42493e+06	16721
	3304	2.42456e+06	16728.6
	3305	2.42416e+06	16736.1
	3306	2.42371e+06	16743.5
	3307	2.42323e+06	16750.7
	3308	2.42272e+06	16757.9
	3309	2.42216e+06	16764.9
	3310	2.42157e+06	16771.8
	3311	2.42095e+06	16778.6
	3312	2.42029e+06	16785.3
	3313	2.41959e+06	16791.9
	3314	2.41886e+06	16798.4
	3315	2.4181e+06	16804.7
	3316	2.4173e+06	16810.9
	3317	2.41647e+06	16817
	3318	2.41561e+06	16823
	3319	2.41472e+06	16828.9
	3320	2.4138e+06	16834.6
	3321	2.41284e+06	16840.2
	3322	2.41186e+06	16845.7
	3323	2.41085e+06	16851
	3324	2.40981e+06	16856.2
	3325	2.40874e+06	16861.3
	3326	2.40764e+06	16866.2
	3327	2.40651e+06	16871
	3328	2.40536e+06	16875.7
	3329	2.40418e+06	16880.3
	3330	2.40298e+06	16884.7
	3331	2.40175e+06	16889
	3332	2.4005e+06	16893.1
	3333	2.39922e+06	16897.1
	3334	2.39793e+06	16901
	3335	2.3966e+06	16904.7
	3336	2.39526e+06	16908.3
	3337	2.3939e+06	16911.7
	3338	2.39251e+06	16915.1
	3339	2.3911e+06	16918.2
	3340	2.38968e+06	16921.3
	3341	2.38823e+06	16924.2
	3342	2.38677e+06	16926.9
	3343	2.38529e+06	16929.6
	3344	2.38379e+06	16932.1
	3345	2.38228e+06	16934.4
	3346	2.38074e+06	16936.6
	3347	2.3792e+06	16938.7
	3348	2.37764e+06	16940.6
	3349	2.37606e+06	16942.4
	3350	2.37447e+06	16944.1
	3351	2.37286e+06	16945.6
	3352	2.37125e+06	16947
	3353	2.36962e+06	16948.2
	3354	2.36798e+06	16949.3
	3355	2.36633e+06	16950.3
	3356	2.36467e+06	16951.2
	3357	2.363e+06	16951.9
	3358	2.36131e+06	16952.5
	3359	2.35962e+06	16952.9
	3360	2.35793e+06	16953.2
	3361	2.35622e+06	16953.4
	3362	2.35451e+06	16953.5
	3363	2.35279e+06	16953.4
	3364	2.35106e+06	16953.2
	3365	2.34933e+06	16952.9
	3366	2.3476e+06	16952.4
	3367	2.34586e+06	16951.8
	3368	2.34411e+06	16951.1
	3369	2.34236e+06	16950.3
	3370	2.34061e+06	16949.3
	3371	2.33886e+06	16948.2
	3372	2.33711e+06	16947.1
	3373	2.33535e+06	16945.7
	3374	2.33359e+06	16944.3
	3375	2.33183e+06	16942.8
	3376	2.33008e+06	16941.1
	3377	2.32832e+06	16939.3
	3378	2.32657e+06	16937.4
	3379	2.32481e+06	16935.4
	3380	2.32306e+06	16933.3
	3381	2.32131e+06	16931.1
	3382	2.31956e+06	16928.8
	3383	2.31782e+06	16926.3
	3384	2.31608e+06	16923.8
	3385	2.31435e+06	16921.2
	3386	2.31262e+06	16918.4
	3387	2.31089e+06	16915.6
	3388	2.30918e+06	16912.6
	3389	2.30746e+06	16909.6
	3390	2.30576e+06	16906.4
	3391	2.30406e+06	16903.2
	3392	2.30237e+06	16899.9
	3393	2.30069e+06	16896.5
	3394	2.29901e+06	16893
	3395	2.29735e+06	16889.4
	3396	2.29569e+06	16885.7
	3397	2.29404e+06	16882
	3398	2.29241e+06	16878.1
	3399	2.29078e+06	16874.2
	3400	2.28916e+06	16870.2
	3401	2.28756e+06	16866.1
	3402	2.28597e+06	16861.9
	3403	2.28439e+06	16857.7
	3404	2.28282e+06	16853.4
	3405	2.28126e+06	16849
	3406	2.27972e+06	16844.6
	3407	2.27819e+06	16840.1
	3408	2.27667e+06	16835.5
	3409	2.27517e+06	16830.9
	3410	2.27368e+06	16826.2
	3411	2.27221e+06	16821.4
	3412	2.27075e+06	16816.6
	3413	2.26931e+06	16811.7
	3414	2.26788e+06	16806.8
	3415	2.26647e+06	16801.8
	3416	2.26508e+06	16796.7
	3417	2.2637e+06	16791.7
	3418	2.26234e+06	16786.5
	3419	2.26099e+06	16781.3
	3420	2.25967e+06	16776.1
	3421	2.25836e+06	16770.9
	3422	2.25707e+06	16765.5
	3423	2.2558e+06	16760.2
	3424	2.25454e+06	16754.8
	3425	2.25331e+06	16749.4
	3426	2.25209e+06	16744
	3427	2.2509e+06	16738.5
	3428	2.24972e+06	16733
	3429	2.24856e+06	16727.4
	3430	2.24743e+06	16721.9
	3431	2.24631e+06	16716.3
	3432	2.24522e+06	16710.7
	3433	2.24414e+06	16705
	3434	2.24309e+06	16699.4
	3435	2.24205e+06	16693.7
	3436	2.24104e+06	16688
	3437	2.24005e+06	16682.3
	3438	2.23908e+06	16676.6
	3439	2.23814e+06	16670.9
	3440	2.23721e+06	16665.2
	3441	2.23631e+06	16659.4
	3442	2.23543e+06	16653.7
	3443	2.23457e+06	16647.9
	3444	2.23374e+06	16642.2
	3445	2.23293e+06	16636.4
	3446	2.23214e+06	16630.7
	3447	2.23138e+06	16625
	3448	2.23063e+06	16619.2
	3449	2.22991e+06	16613.5
	3450	2.22922e+06	16607.8
	3451	2.22855e+06	16602.1
	3452	2.2279e+06	16596.4
	3453	2.22728e+06	16590.7
	3454	2.22668e+06	16585
	3455	2.2261e+06	16579.4
	3456	2.22555e+06	16573.7
	3457	2.22502e+06	16568.1
	3458	2.22452e+06	16562.5
	3459	2.22404e+06	16557
	3460	2.22359e+06	16551.4
	3461	2.22316e+06	16545.9
	3462	2.22275e+06	16540.4
	3463	2.22237e+06	16534.9
	3464	2.22201e+06	16529.5
	3465	2.22168e+06	16524.1
	3466	2.22137e+06	16518.7
	3467	2.22109e+06	16513.4
	3468	2.22083e+06	16508.1
	3469	2.2206e+06	16502.8
	3470	2.22039e+06	16497.6
	3471	2.2202e+06	16492.4
	3472	2.22004e+06	16487.3
	3473	2.2199e+06	16482.2
	3474	2.21979e+06	16477.1
	3475	2.21971e+06	16472.1
	3476	2.21964e+06	16467.2
	3477	2.21961e+06	16462.3
	3478	2.21959e+06	16457.4
	3479	2.2196e+06	16452.6
	3480	2.21964e+06	16447.8
	3481	2.21969e+06	16443.1
	3482	2.21978e+06	16438.5
	3483	2.21988e+06	16433.9
	3484	2.22001e+06	16429.3
	3485	2.22017e+06	16424.8
	3486	2.22034e+06	16420.4
	3487	2.22054e+06	16416
	3488	2.22077e+06	16411.7
	3489	2.22101e+06	16407.5
	3490	2.22128e+06	16403.3
	3491	2.22157e+06	16399.2
	3492	2.22189e+06	16395.1
	3493	2.22223e+06	16391.1
	3494	2.22259e+06	16387.2
	3495	2.22297e+06	16383.3
	3496	2.22337e+06	16379.6
	3497	2.2238e+06	16375.8
	3498	2.22425e+06	16372.2
	3499	2.22472e+06	16368.6
	3500	2.22521e+06	16365.1
	3501	2.22572e+06	16361.7
	3502	2.22625e+06	16358.3
	3503	2.22681e+06	16355
	3504	2.22738e+06	16351.8
	3505	2.22797e+06	16348.7
	3506	2.22859e+06	16345.6
	3507	2.22922e+06	16342.6
	3508	2.22987e+06	16339.7
	3509	2.23054e+06	16336.9
	3510	2.23123e+06	16334.1
	3511	2.23194e+06	16331.4
	3512	2.23267e+06	16328.9
	3513	2.23341e+06	16326.3
	3514	2.23418e+06	16323.9
	3515	2.23496e+06	16321.5
	3516	2.23575e+06	16319.3
	3517	2.23657e+06	16317.1
	3518	2.2374e+06	16315
	3519	2.23825e+06	16312.9
	3520	2.23911e+06	16311
	3521	2.23999e+06	16309.1
	3522	2.24088e+06	16307.3
	3523	2.24179e+06	16305.6
	3524	2.24271e+06	16304
	3525	2.24365e+06	16302.5
	3526	2.2446e+06	16301
	3527	2.24557e+06	16299.7
	3528	2.24655e+06	16298.4
	3529	2.24754e+06	16297.2
	3530	2.24854e+06	16296.1
	3531	2.24956e+06	16295
	3532	2.25059e+06	16294.1
	3533	2.25163e+06	16293.2
	3534	2.25268e+06	16292.5
	3535	2.25374e+06	16291.8
	3536	2.25481e+06	16291.2
	3537	2.25589e+06	16290.6
	3538	2.25698e+06	16290.2
	3539	2.25808e+06	16289.8
	3540	2.25919e+06	16289.5
	3541	2.2603e+06	16289.4
	3542	2.26143e+06	16289.2
	3543	2.26256e+06	16289.2
	3544	2.2637e+06	16289.3
	3545	2.26484e+06	16289.4
	3546	2.266e+06	16289.6
	3547	2.26715e+06	16289.9
	3548	2.26832e+06	16290.3
	3549	2.26949e+06	16290.8
	3550	2.27066e+06	16291.3
	3551	2.27184e+06	16291.9
	3552	2.27302e+06	16292.6
	3553	2.2742e+06	16293.4
	3554	2.27539e+06	16294.2
	3555	2.27658e+06	16295.2
	3556	2.27778e+06	16296.2
	3557	2.27897e+06	16297.2
	3558	2.28017e+06	16298.4
	3559	2.28137e+06	16299.6
	3560	2.28256e+06	16300.9
	3561	2.28376e+06	16302.3
	3562	2.28496e+06	16303.8
	3563	2.28616e+06	16305.3
	3564	2.28735e+06	16306.9
	3565	2.28855e+06	16308.6
	3566	2.28974e+06	16310.3
	3567	2.29093e+06	16312.1
	3568	2.29212e+06	16314
	3569	2.29331e+06	16315.9
	3570	2.29449e+06	16317.9
	3571	2.29567e+06	16320
	3572	2.29684e+06	16322.1
	3573	2.29801e+06	16324.3
	3574	2.29918e+06	16326.6
	3575	2.30034e+06	16328.9
	3576	2.30149e+06	16331.3
	3577	2.30264e+06	16333.7
	3578	2.30378e+06	16336.2
	3579	2.30492e+06	16338.8
	3580	2.30605e+06	16341.4
	3581	2.30717e+06	16344.1
	3582	2.30828e+06	16346.8
	3583	2.30939e+06	16349.6
	3584	2.31048e+06	16352.4
	3585	2.31157e+06	16355.3
	3586	2.31265e+06	16358.2
	3587	2.31372e+06	16361.2
	3588	2.31478e+06	16364.3
	3589	2.31583e+06	16367.3
	3590	2.31687e+06	16370.5
	3591	2.3179e+06	16373.6
	3592	2.31892e+06	16376.8
	3593	2.31992e+06	16380.1
	3594	2.32092e+06	16383.4
	3595	2.3219e+06	16386.7
	3596	2.32287e+06	16390.1
	3597	2.32383e+06	16393.5
	3598	2.32477e+06	16396.9
	3599	2.32571e+06	16400.4
	3600	2.32663e+06	16403.9
	3601	2.32753e+06	16407.4
	3602	2.32843e+06	16411
	3603	2.32931e+06	16414.6
	3604	2.33017e+06	16418.2
	3605	2.33102e+06	16421.9
	3606	2.33186e+06	16425.5
	3607	2.33268e+06	16429.2
	3608	2.33349e+06	16433
	3609	2.33428e+06	16436.7
	3610	2.33505e+06	16440.5
	3611	2.33581e+06	16444.3
	3612	2.33656e+06	16448.1
	3613	2.33729e+06	16451.9
	3614	2.338e+06	16455.7
	3615	2.3387e+06	16459.5
	3616	2.33938e+06	16463.4
	3617	2.34004e+06	16467.3
	3618	2.34069e+06	16471.2
	3619	2.34132e+06	16475
	3620	2.34193e+06	16478.9
	3621	2.34253e+06	16482.8
	3622	2.34311e+06	16486.7
	3623	2.34367e+06	16490.6
	3624	2.34422e+06	16494.5
	3625	2.34475e+06	16498.5
	3626	2.34526e+06	16502.4
	3627	2.34575e+06	16506.3
	3628	2.34623e+06	16510.2
	3629	2.34669e+06	16514.1
	3630	2.34713e+06	16518
	3631	2.34755e+06	16521.8
	3632	2.34796e+06	16525.7
	3633	2.34834e+06	16529.6
	3634	2.34871e+06	16533.4
	3635	2.34907e+06	16537.3
	3636	2.3494e+06	16541.1
	3637	2.34972e+06	16544.9
	3638	2.35002e+06	16548.7
	3639	2.3503e+06	16552.5
	3640	2.35056e+06	16556.3
	3641	2.3508e+06	16560
	3642	2.35103e+06	16563.8
	3643	2.35124e+06	16567.5
	3644	2.35143e+06	16571.2
	3645	2.35161e+06	16574.8
	3646	2.35177e+06	16578.5
	3647	2.3519e+06	16582.1
	3648	2.35203e+06	16585.7
	3649	2.35213e+06	16589.2
	3650	2.35222e+06	16592.7
