	0	5e+06	4500
	1	4.97802e+06	4588.01
	2	4.95701e+06	4677.03
	3	4.9369e+06	4767.08
	4	4.91762e+06	4858.17
	5	4.8991e+06	4950.31
	6	4.88128e+06	5043.5
	7	4.8641e+06	5137.74
	8	4.84752e+06	5233.05
	9	4.83147e+06	5329.42
	10	4.81592e+06	5426.86
	11	4.80083e+06	5525.38
	12	4.78615e+06	5624.96
	13	4.77186e+06	5725.62
	14	4.75792e+06	5827.35
	15	4.74429e+06	5930.15
	16	4.73096e+06	6034.02
	17	4.71789e+06	6138.95
	18	4.70505e+06	6244.93
	19	4.69243e+06	6351.98
	20	4.68001e+06	6460.06
	21	4.66776e+06	6569.19
	22	4.65567e+06	6679.35
	23	4.64371e+06	6790.52
	24	4.63188e+06	6902.71
	25	4.62015e+06	7015.9
	26	4.60851e+06	7130.07
	27	4.59696e+06	7245.21
	28	4.58546e+06	7361.31
	29	4.57403e+06	7478.35
	30	4.56264e+06	7596.31
	31	4.55128e+06	7715.18
	32	4.53994e+06	7834.94
	33	4.52862e+06	7955.57
	34	4.51731e+06	8077.05
	35	4.50599e+06	8199.35
	36	4.49467e+06	8322.45
	37	4.48333e+06	8446.33
	38	4.47198e+06	8570.97
	39	4.46059e+06	8696.33
	40	4.44917e+06	8822.4
	41	4.43772e+06	8949.14
	42	4.42622e+06	9076.53
	43	4.41468e+06	9204.53
	44	4.40308e+06	9333.12
	45	4.39143e+06	9462.27
	46	4.37972e+06	9591.93
	47	4.36795e+06	9722.09
	48	4.35612e+06	9852.7
	49	4.34422e+06	9983.74
	50	4.33225e+06	10115.2
	51	4.32021e+06	10246.9
	52	4.3081e+06	10379
	53	4.29591e+06	10511.4
	54	4.28364e+06	10644
	55	4.2713e+06	10776.8
	56	4.25887e+06	10909.8
	57	4.24637e+06	11042.8
	58	4.23378e+06	11176
	59	4.22112e+06	11309.2
	60	4.20837e+06	11442.4
	61	4.19553e+06	11575.6
	62	4.18261e+06	11708.7
	63	4.16961e+06	11841.7
	64	4.15653e+06	11974.4
	65	4.14336e+06	12107
	66	4.13011e+06	12239.4
	67	4.11677e+06	12371.4
	68	4.10336e+06	12503.1
	69	4.08986e+06	12634.4
	70	4.07627e+06	12765.3
	71	4.06261e+06	12895.8
	72	4.04887e+06	13025.7
	73	4.03505e+06	13155.1
	74	4.02115e+06	13283.9
	75	4.00717e+06	13412
	76	3.99312e+06	13539.5
	77	3.97899e+06	13666.3
	78	3.96479e+06	13792.3
	79	3.95052e+06	13917.5
	80	3.93618e+06	14041.9
	81	3.92177e+06	14165.4
	82	3.90729e+06	14287.9
	83	3.89274e+06	14409.6
	84	3.87813e+06	14530.2
	85	3.86346e+06	14649.8
	86	3.84873e+06	14768.3
	87	3.83394e+06	14885.7
	88	3.81909e+06	15002
	89	3.80418e+06	15117.2
	90	3.78923e+06	15231.1
	91	3.77422e+06	15343.8
	92	3.75916e+06	15455.2
	93	3.74405e+06	15565.3
	94	3.7289e+06	15674.1
	95	3.71371e+06	15781.5
	96	3.69847e+06	15887.6
	97	3.6832e+06	15992.2
	98	3.66789e+06	16095.4
	99	3.65254e+06	16197.1
	100	3.63716e+06	16297.4
	101	3.62175e+06	16396.1
	102	3.60631e+06	16493.3
	103	3.59085e+06	16589
	104	3.57536e+06	16683.1
	105	3.55985e+06	16775.6
	106	3.54432e+06	16866.4
	107	3.52877e+06	16955.7
	108	3.5132e+06	17043.4
	109	3.49763e+06	17129.3
	110	3.48204e+06	17213.7
	111	3.46644e+06	17296.3
	112	3.45083e+06	17377.3
	113	3.43522e+06	17456.5
	114	3.41961e+06	17534.1
	115	3.404e+06	17609.9
	116	3.38839e+06	17684.1
	117	3.37278e+06	17756.5
	118	3.35718e+06	17827.2
	119	3.34158e+06	17896.1
	120	3.326e+06	17963.3
	121	3.31042e+06	18028.8
	122	3.29486e+06	18092.6
	123	3.27932e+06	18154.6
	124	3.26379e+06	18214.9
	125	3.24828e+06	18273.4
	126	3.23279e+06	18330.2
	127	3.21732e+06	18385.3
	128	3.20188e+06	18438.7
	129	3.18647e+06	18490.4
	130	3.17108e+06	18540.4
	131	3.15572e+06	18588.6
	132	3.14039e+06	18635.2
	133	3.1251e+06	18680.1
	134	3.10984e+06	18723.3
	135	3.09462e+06	18764.9
	136	3.07943e+06	18804.8
	137	3.06428e+06	18843.1
	138	3.04918e+06	18879.7
	139	3.03411e+06	18914.7
	140	3.01909e+06	18948.1
	141	3.00411e+06	18980
	142	2.98918e+06	19010.2
	143	2.97429e+06	19038.9
	144	2.95946e+06	19066.1
	145	2.94467e+06	19091.7
	146	2.92994e+06	19115.8
	147	2.91525e+06	19138.4
	148	2.90062e+06	19159.6
	149	2.88604e+06	19179.2
	150	2.87152e+06	19197.5
	151	2.85705e+06	19214.3
	152	2.84265e+06	19229.6
	153	2.82829e+06	19243.6
	154	2.814e+06	19256.3
	155	2.79977e+06	19267.5
	156	2.7856e+06	19277.5
	157	2.77149e+06	19286.1
	158	2.75744e+06	19293.4
	159	2.74345e+06	19299.4
	160	2.72953e+06	19304.2
	161	2.71567e+06	19307.7
	162	2.70188e+06	19310
	163	2.68815e+06	19311.2
	164	2.67449e+06	19311.1
	165	2.6609e+06	19309.9
	166	2.64737e+06	19307.5
	167	2.63391e+06	19304
	168	2.62052e+06	19299.4
	169	2.60719e+06	19293.7
	170	2.59394e+06	19287
	171	2.58076e+06	19279.2
	172	2.56764e+06	19270.4
	173	2.5546e+06	19260.6
	174	2.54162e+06	19249.7
	175	2.52872e+06	19238
	176	2.51589e+06	19225.3
	177	2.50313e+06	19211.6
	178	2.49044e+06	19197.1
	179	2.47782e+06	19181.6
	180	2.46528e+06	19165.3
	181	2.4528e+06	19148.1
	182	2.4404e+06	19130.1
	183	2.42807e+06	19111.3
	184	2.41582e+06	19091.7
	185	2.40364e+06	19071.3
	186	2.39152e+06	19050.2
	187	2.37949e+06	19028.3
	188	2.36752e+06	19005.6
	189	2.35563e+06	18982.3
	190	2.34381e+06	18958.2
	191	2.33206e+06	18933.5
	192	2.32039e+06	18908.2
	193	2.30879e+06	18882.2
	194	2.29726e+06	18855.5
	195	2.2858e+06	18828.3
	196	2.27442e+06	18800.4
	197	2.26311e+06	18772
	198	2.25187e+06	18743
	199	2.2407e+06	18713.5
	200	2.22961e+06	18683.4
	201	2.21859e+06	18652.8
	202	2.20764e+06	18621.7
	203	2.19676e+06	18590.1
	204	2.18595e+06	18558.1
	205	2.17521e+06	18525.5
	206	2.16455e+06	18492.6
	207	2.15395e+06	18459.2
	208	2.14343e+06	18425.3
	209	2.13298e+06	18391.1
	210	2.12259e+06	18356.4
	211	2.11228e+06	18321.4
	212	2.10204e+06	18286
	213	2.09186e+06	18250.3
	214	2.08176e+06	18214.2
	215	2.07172e+06	18177.8
	216	2.06176e+06	18141
	217	2.05186e+06	18103.9
	218	2.04203e+06	18066.6
	219	2.03227e+06	18028.9
	220	2.02257e+06	17991
	221	2.01294e+06	17952.8
	222	2.00338e+06	17914.3
	223	1.99389e+06	17875.6
	224	1.98446e+06	17836.6
	225	1.9751e+06	17797.4
	226	1.96581e+06	17758
	227	1.95658e+06	17718.4
	228	1.94742e+06	17678.6
	229	1.93832e+06	17638.6
	230	1.92929e+06	17598.4
	231	1.92032e+06	17558.1
	232	1.91141e+06	17517.5
	233	1.90257e+06	17476.9
	234	1.89379e+06	17436
	235	1.88508e+06	17395
	236	1.87642e+06	17353.9
	237	1.86783e+06	17312.7
	238	1.85931e+06	17271.3
	239	1.85084e+06	17229.9
	240	1.84244e+06	17188.3
	241	1.83409e+06	17146.6
	242	1.82581e+06	17104.9
	243	1.81759e+06	17063
	244	1.80943e+06	17021.1
	245	1.80133e+06	16979.1
	246	1.79329e+06	16937.1
	247	1.78531e+06	16895
	248	1.77738e+06	16852.8
	249	1.76952e+06	16810.6
	250	1.76172e+06	16768.3
	251	1.75397e+06	16726
	252	1.74628e+06	16683.7
	253	1.73865e+06	16641.4
	254	1.73108e+06	16599
	255	1.72356e+06	16556.6
	256	1.7161e+06	16514.2
	257	1.7087e+06	16471.9
	258	1.70135e+06	16429.5
	259	1.69406e+06	16387.1
	260	1.68683e+06	16344.7
	261	1.67965e+06	16302.3
	262	1.67252e+06	16260
	263	1.66545e+06	16217.7
	264	1.65844e+06	16175.4
	265	1.65148e+06	16133.1
	266	1.64458e+06	16090.9
	267	1.63773e+06	16048.7
	268	1.63093e+06	16006.5
	269	1.62419e+06	15964.4
	270	1.6175e+06	15922.4
	271	1.61086e+06	15880.4
	272	1.60428e+06	15838.4
	273	1.59775e+06	15796.5
	274	1.59127e+06	15754.7
	275	1.58485e+06	15712.9
	276	1.57847e+06	15671.2
	277	1.57216e+06	15629.6
	278	1.56589e+06	15588.1
	279	1.55967e+06	15546.6
	280	1.55351e+06	15505.2
	281	1.5474e+06	15463.9
	282	1.54134e+06	15422.7
	283	1.53533e+06	15381.6
	284	1.52937e+06	15340.5
	285	1.52347e+06	15299.6
	286	1.51761e+06	15258.7
	287	1.51181e+06	15218
	288	1.50606e+06	15177.3
	289	1.50036e+06	15136.8
	290	1.49471e+06	15096.3
	291	1.48912e+06	15056
	292	1.48357e+06	15015.8
	293	1.47807e+06	14975.7
	294	1.47263e+06	14935.6
	295	1.46724e+06	14895.8
	296	1.4619e+06	14856
	297	1.45661e+06	14816.3
	298	1.45137e+06	14776.8
	299	1.44618e+06	14737.4
	300	1.44105e+06	14698.1
	301	1.43596e+06	14659
	302	1.43093e+06	14619.9
	303	1.42595e+06	14581
	304	1.42103e+06	14542.3
	305	1.41615e+06	14503.7
	306	1.41133e+06	14465.2
	307	1.40656e+06	14426.8
	308	1.40185e+06	14388.6
	309	1.39719e+06	14350.5
	310	1.39258e+06	14312.6
	311	1.38802e+06	14274.8
	312	1.38352e+06	14237.1
	313	1.37908e+06	14199.6
	314	1.37469e+06	14162.3
	315	1.37036e+06	14125.1
	316	1.36608e+06	14088
	317	1.36185e+06	14051.1
	318	1.35769e+06	14014.3
	319	1.35358e+06	13977.8
	320	1.34953e+06	13941.3
	321	1.34554e+06	13905
	322	1.34161e+06	13868.9
	323	1.33773e+06	13833
	324	1.33392e+06	13797.2
	325	1.33017e+06	13761.6
	326	1.32648e+06	13726.1
	327	1.32285e+06	13690.8
	328	1.31929e+06	13655.7
	329	1.31579e+06	13620.7
	330	1.31235e+06	13585.9
	331	1.30898e+06	13551.3
	332	1.30568e+06	13516.9
	333	1.30244e+06	13482.6
	334	1.29927e+06	13448.6
	335	1.29618e+06	13414.7
	336	1.29315e+06	13381
	337	1.29019e+06	13347.4
	338	1.28731e+06	13314.1
	339	1.2845e+06	13280.9
	340	1.28177e+06	13248
	341	1.27912e+06	13215.2
	342	1.27654e+06	13182.6
	343	1.27404e+06	13150.2
	344	1.27162e+06	13118.1
	345	1.26929e+06	13086.1
	346	1.26704e+06	13054.3
	347	1.26488e+06	13022.7
	348	1.2628e+06	12991.3
	349	1.26081e+06	12960.2
	350	1.25892e+06	12929.2
	351	1.25711e+06	12898.5
	352	1.2554e+06	12868
	353	1.25379e+06	12837.7
	354	1.25228e+06	12807.6
	355	1.25087e+06	12777.7
	356	1.24956e+06	12748.1
	357	1.24836e+06	12718.7
	358	1.24727e+06	12689.5
	359	1.24628e+06	12660.6
	360	1.24541e+06	12631.9
	361	1.24466e+06	12603.4
	362	1.24402e+06	12575.2
	363	1.24351e+06	12547.2
	364	1.24312e+06	12519.5
	365	1.24286e+06	12492.1
	366	1.24272e+06	12464.9
	367	1.24272e+06	12438
	368	1.24286e+06	12411.3
	369	1.24313e+06	12384.9
	370	1.24355e+06	12358.8
	371	1.24411e+06	12332.9
	372	1.24483e+06	12307.4
	373	1.2457e+06	12282.1
	374	1.24672e+06	12257.2
	375	1.24791e+06	12232.5
	376	1.24926e+06	12208.1
	377	1.25078e+06	12184
	378	1.25247e+06	12160.3
	379	1.25434e+06	12136.9
	380	1.25639e+06	12113.8
	381	1.25863e+06	12091
	382	1.26106e+06	12068.6
	383	1.26368e+06	12046.5
	384	1.2665e+06	12024.7
	385	1.26953e+06	12003.3
	386	1.27276e+06	11982.3
	387	1.27621e+06	11961.6
	388	1.27988e+06	11941.4
	389	1.28377e+06	11921.4
	390	1.28788e+06	11901.9
	391	1.29224e+06	11882.8
	392	1.29683e+06	11864.1
	393	1.30166e+06	11845.8
	394	1.30674e+06	11827.9
	395	1.31208e+06	11810.5
	396	1.31768e+06	11793.5
	397	1.32354e+06	11776.9
	398	1.32967e+06	11760.8
	399	1.33607e+06	11745.2
	400	1.34276e+06	11730
	401	1.34973e+06	11715.3
	402	1.35699e+06	11701.1
	403	1.36455e+06	11687.4
	404	1.3724e+06	11674.2
	405	1.38057e+06	11661.6
	406	1.38904e+06	11649.4
	407	1.39783e+06	11637.9
	408	1.40693e+06	11626.8
	409	1.41637e+06	11616.4
	410	1.42613e+06	11606.5
	411	1.43622e+06	11597.2
	412	1.44664e+06	11588.5
	413	1.45741e+06	11580.4
	414	1.46852e+06	11573
	415	1.47998e+06	11566.2
	416	1.49178e+06	11560
	417	1.50394e+06	11554.5
	418	1.51645e+06	11549.6
	419	1.52931e+06	11545.5
	420	1.54253e+06	11542
	421	1.55611e+06	11539.3
	422	1.57005e+06	11537.2
	423	1.58435e+06	11536
	424	1.599e+06	11535.4
	425	1.61401e+06	11535.6
	426	1.62938e+06	11536.6
	427	1.6451e+06	11538.4
	428	1.66117e+06	11541
	429	1.67759e+06	11544.4
	430	1.69435e+06	11548.6
	431	1.71146e+06	11553.7
	432	1.7289e+06	11559.6
	433	1.74667e+06	11566.4
	434	1.76477e+06	11574
	435	1.78318e+06	11582.5
	436	1.8019e+06	11592
	437	1.82093e+06	11602.3
	438	1.84025e+06	11613.6
	439	1.85985e+06	11625.8
	440	1.87973e+06	11638.9
	441	1.89986e+06	11653
	442	1.92025e+06	11668.1
	443	1.94088e+06	11684.1
	444	1.96174e+06	11701.1
	445	1.98281e+06	11719.1
	446	2.00408e+06	11738.1
	447	2.02553e+06	11758.1
	448	2.04715e+06	11779.1
	449	2.06893e+06	11801.2
	450	2.09085e+06	11824.2
	451	2.11289e+06	11848.3
	452	2.13503e+06	11873.4
	453	2.15726e+06	11899.6
	454	2.17956e+06	11926.8
	455	2.20191e+06	11955.1
	456	2.2243e+06	11984.4
	457	2.24671e+06	12014.7
	458	2.2691e+06	12046.1
	459	2.29148e+06	12078.5
	460	2.31382e+06	12112
	461	2.3361e+06	12146.5
	462	2.3583e+06	12182.1
	463	2.3804e+06	12218.7
	464	2.40239e+06	12256.3
	465	2.42425e+06	12294.9
	466	2.44595e+06	12334.6
	467	2.46748e+06	12375.3
	468	2.48883e+06	12417
	469	2.50997e+06	12459.6
	470	2.53089e+06	12503.3
	471	2.55157e+06	12547.9
	472	2.572e+06	12593.5
	473	2.59216e+06	12640
	474	2.61204e+06	12687.5
	475	2.63162e+06	12735.9
	476	2.65088e+06	12785.2
	477	2.66982e+06	12835.3
	478	2.68842e+06	12886.4
	479	2.70667e+06	12938.3
	480	2.72456e+06	12991
	481	2.74208e+06	13044.5
	482	2.75922e+06	13098.8
	483	2.77596e+06	13153.9
	484	2.79231e+06	13209.8
	485	2.80825e+06	13266.4
	486	2.82378e+06	13323.7
	487	2.83888e+06	13381.6
	488	2.85356e+06	13440.3
	489	2.86781e+06	13499.5
	490	2.88163e+06	13559.4
	491	2.895e+06	13619.9
	492	2.90793e+06	13680.9
	493	2.92042e+06	13742.4
	494	2.93246e+06	13804.4
	495	2.94406e+06	13867
	496	2.9552e+06	13929.9
	497	2.9659e+06	13993.3
	498	2.97615e+06	14057.1
	499	2.98595e+06	14121.2
	500	2.9953e+06	14185.7
	501	3.00422e+06	14250.5
	502	3.01269e+06	14315.5
	503	3.02072e+06	14380.8
	504	3.02832e+06	14446.3
	505	3.03548e+06	14512
	506	3.04222e+06	14577.9
	507	3.04853e+06	14643.9
	508	3.05442e+06	14710
	509	3.0599e+06	14776.1
	510	3.06497e+06	14842.3
	511	3.06964e+06	14908.5
	512	3.0739e+06	14974.7
	513	3.07778e+06	15040.8
	514	3.08126e+06	15106.9
	515	3.08437e+06	15172.8
	516	3.0871e+06	15238.6
	517	3.08946e+06	15304.3
	518	3.09146e+06	15369.7
	519	3.0931e+06	15435
	520	3.09439e+06	15500
	521	3.09535e+06	15564.7
	522	3.09597e+06	15629.1
	523	3.09625e+06	15693.2
	524	3.09622e+06	15757
	525	3.09587e+06	15820.4
	526	3.09522e+06	15883.3
	527	3.09426e+06	15945.9
	528	3.09301e+06	16008
	529	3.09147e+06	16069.6
	530	3.08965e+06	16130.8
	531	3.08756e+06	16191.4
	532	3.0852e+06	16251.5
	533	3.08258e+06	16311
	534	3.07971e+06	16370
	535	3.07659e+06	16428.3
	536	3.07323e+06	16486
	537	3.06964e+06	16543.1
	538	3.06582e+06	16599.5
	539	3.06177e+06	16655.3
	540	3.05752e+06	16710.4
	541	3.05305e+06	16764.7
	542	3.04838e+06	16818.3
	543	3.04352e+06	16871.2
	544	3.03846e+06	16923.4
	545	3.03322e+06	16974.7
	546	3.0278e+06	17025.3
	547	3.02221e+06	17075.1
	548	3.01645e+06	17124
	549	3.01052e+06	17172.2
	550	3.00444e+06	17219.5
	551	2.99821e+06	17266
	552	2.99183e+06	17311.6
	553	2.98531e+06	17356.4
	554	2.97866e+06	17400.3
	555	2.97187e+06	17443.3
	556	2.96495e+06	17485.4
	557	2.95792e+06	17526.7
	558	2.95076e+06	17567
	559	2.9435e+06	17606.4
	560	2.93612e+06	17645
	561	2.92864e+06	17682.6
	562	2.92106e+06	17719.3
	563	2.91339e+06	17755
	564	2.90562e+06	17789.9
	565	2.89777e+06	17823.8
	566	2.88984e+06	17856.8
	567	2.88182e+06	17888.8
	568	2.87373e+06	17920
	569	2.86556e+06	17950.1
	570	2.85733e+06	17979.4
	571	2.84903e+06	18007.7
	572	2.84067e+06	18035.1
	573	2.83225e+06	18061.5
	574	2.82378e+06	18087.1
	575	2.81526e+06	18111.6
	576	2.80668e+06	18135.3
	577	2.79806e+06	18158.1
	578	2.7894e+06	18179.9
	579	2.7807e+06	18200.8
	580	2.77196e+06	18220.8
	581	2.76319e+06	18239.9
	582	2.75438e+06	18258.1
	583	2.74555e+06	18275.3
	584	2.73669e+06	18291.7
	585	2.7278e+06	18307.2
	586	2.7189e+06	18321.9
	587	2.70998e+06	18335.6
	588	2.70103e+06	18348.5
	589	2.69208e+06	18360.5
	590	2.68311e+06	18371.7
	591	2.67414e+06	18382
	592	2.66515e+06	18391.5
	593	2.65616e+06	18400.1
	594	2.64717e+06	18407.9
	595	2.63817e+06	18414.9
	596	2.62918e+06	18421.1
	597	2.62018e+06	18426.5
	598	2.61119e+06	18431.1
	599	2.60221e+06	18434.9
	600	2.59323e+06	18437.9
	601	2.58427e+06	18440.2
	602	2.57531e+06	18441.7
	603	2.56637e+06	18442.5
	604	2.55744e+06	18442.5
	605	2.54852e+06	18441.8
	606	2.53962e+06	18440.4
	607	2.53074e+06	18438.3
	608	2.52188e+06	18435.5
	609	2.51304e+06	18432
	610	2.50422e+06	18427.8
	611	2.49543e+06	18423
	612	2.48666e+06	18417.4
	613	2.47792e+06	18411.3
	614	2.4692e+06	18404.5
	615	2.46051e+06	18397.1
	616	2.45186e+06	18389
	617	2.44323e+06	18380.4
	618	2.43463e+06	18371.1
	619	2.42607e+06	18361.3
	620	2.41754e+06	18350.9
	621	2.40905e+06	18339.9
	622	2.40059e+06	18328.3
	623	2.39217e+06	18316.3
	624	2.38378e+06	18303.6
	625	2.37544e+06	18290.5
	626	2.36713e+06	18276.8
	627	2.35887e+06	18262.7
	628	2.35064e+06	18248
	629	2.34246e+06	18232.8
	630	2.33432e+06	18217.2
	631	2.32622e+06	18201.1
	632	2.31817e+06	18184.6
	633	2.31016e+06	18167.6
	634	2.3022e+06	18150.2
	635	2.29428e+06	18132.3
	636	2.28641e+06	18114.1
	637	2.27859e+06	18095.4
	638	2.27082e+06	18076.3
	639	2.2631e+06	18056.9
	640	2.25542e+06	18037
	641	2.2478e+06	18016.8
	642	2.24022e+06	17996.3
	643	2.2327e+06	17975.4
	644	2.22523e+06	17954.1
	645	2.21781e+06	17932.5
	646	2.21045e+06	17910.6
	647	2.20314e+06	17888.4
	648	2.19588e+06	17865.9
	649	2.18868e+06	17843.1
	650	2.18153e+06	17820
	651	2.17444e+06	17796.6
	652	2.16741e+06	17773
	653	2.16043e+06	17749
	654	2.15351e+06	17724.9
	655	2.14665e+06	17700.5
	656	2.13984e+06	17675.8
	657	2.1331e+06	17651
	658	2.12641e+06	17625.9
	659	2.11978e+06	17600.6
	660	2.11322e+06	17575.1
	661	2.10671e+06	17549.4
	662	2.10027e+06	17523.5
	663	2.09388e+06	17497.4
	664	2.08756e+06	17471.2
	665	2.0813e+06	17444.8
	666	2.0751e+06	17418.2
	667	2.06897e+06	17391.5
	668	2.0629e+06	17364.6
	669	2.0569e+06	17337.7
	670	2.05096e+06	17310.5
	671	2.04508e+06	17283.3
	672	2.03927e+06	17255.9
	673	2.03353e+06	17228.5
	674	2.02785e+06	17200.9
	675	2.02224e+06	17173.3
	676	2.0167e+06	17145.5
	677	2.01122e+06	17117.7
	678	2.00582e+06	17089.8
	679	2.00048e+06	17061.8
	680	1.99521e+06	17033.8
	681	1.99001e+06	17005.7
	682	1.98489e+06	16977.6
	683	1.97983e+06	16949.4
	684	1.97484e+06	16921.2
	685	1.96993e+06	16893
	686	1.96509e+06	16864.7
	687	1.96032e+06	16836.4
	688	1.95562e+06	16808.1
	689	1.951e+06	16779.8
	690	1.94646e+06	16751.5
	691	1.94198e+06	16723.2
	692	1.93759e+06	16694.9
	693	1.93327e+06	16666.7
	694	1.92902e+06	16638.4
	695	1.92486e+06	16610.2
	696	1.92077e+06	16582
	697	1.91676e+06	16553.8
	698	1.91282e+06	16525.7
	699	1.90897e+06	16497.7
	700	1.9052e+06	16469.7
	701	1.90151e+06	16441.7
	702	1.8979e+06	16413.8
	703	1.89437e+06	16386
	704	1.89092e+06	16358.3
	705	1.88756e+06	16330.6
	706	1.88428e+06	16303
	707	1.88109e+06	16275.5
	708	1.87798e+06	16248.1
	709	1.87496e+06	16220.8
	710	1.87202e+06	16193.6
	711	1.86917e+06	16166.6
	712	1.86641e+06	16139.6
	713	1.86374e+06	16112.7
	714	1.86115e+06	16086
	715	1.85866e+06	16059.4
	716	1.85626e+06	16032.9
	717	1.85395e+06	16006.6
	718	1.85173e+06	15980.4
	719	1.8496e+06	15954.3
	720	1.84757e+06	15928.5
	721	1.84563e+06	15902.7
	722	1.84379e+06	15877.1
	723	1.84205e+06	15851.7
	724	1.8404e+06	15826.5
	725	1.83885e+06	15801.4
	726	1.83739e+06	15776.5
	727	1.83604e+06	15751.8
	728	1.83479e+06	15727.2
	729	1.83364e+06	15702.9
	730	1.83259e+06	15678.8
	731	1.83164e+06	15654.8
	732	1.83079e+06	15631.1
	733	1.83005e+06	15607.6
	734	1.82941e+06	15584.2
	735	1.82888e+06	15561.1
	736	1.82846e+06	15538.3
	737	1.82814e+06	15515.6
	738	1.82793e+06	15493.2
	739	1.82783e+06	15471
	740	1.82784e+06	15449.1
	741	1.82796e+06	15427.4
	742	1.82819e+06	15405.9
	743	1.82853e+06	15384.7
	744	1.82899e+06	15363.8
	745	1.82956e+06	15343.1
	746	1.83024e+06	15322.7
	747	1.83103e+06	15302.5
	748	1.83195e+06	15282.6
	749	1.83297e+06	15263
	750	1.83412e+06	15243.7
	751	1.83538e+06	15224.7
	752	1.83676e+06	15205.9
	753	1.83826e+06	15187.5
	754	1.83987e+06	15169.3
	755	1.84161e+06	15151.5
	756	1.84347e+06	15133.9
	757	1.84544e+06	15116.7
	758	1.84754e+06	15099.8
	759	1.84976e+06	15083.2
	760	1.8521e+06	15066.9
	761	1.85456e+06	15051
	762	1.85715e+06	15035.4
	763	1.85986e+06	15020.1
	764	1.86269e+06	15005.2
	765	1.86564e+06	14990.6
	766	1.86872e+06	14976.3
	767	1.87192e+06	14962.4
	768	1.87524e+06	14948.9
	769	1.87869e+06	14935.7
	770	1.88225e+06	14922.9
	771	1.88595e+06	14910.5
	772	1.88976e+06	14898.4
	773	1.8937e+06	14886.7
	774	1.89776e+06	14875.4
	775	1.90194e+06	14864.5
	776	1.90624e+06	14853.9
	777	1.91066e+06	14843.8
	778	1.91521e+06	14834
	779	1.91987e+06	14824.6
	780	1.92465e+06	14815.7
	781	1.92955e+06	14807.1
	782	1.93457e+06	14799
	783	1.93971e+06	14791.2
	784	1.94495e+06	14783.9
	785	1.95032e+06	14777
	786	1.95579e+06	14770.5
	787	1.96138e+06	14764.4
	788	1.96708e+06	14758.8
	789	1.97289e+06	14753.6
	790	1.9788e+06	14748.8
	791	1.98482e+06	14744.4
	792	1.99094e+06	14740.5
	793	1.99717e+06	14737.1
	794	2.0035e+06	14734
	795	2.00992e+06	14731.4
	796	2.01644e+06	14729.3
	797	2.02306e+06	14727.6
	798	2.02977e+06	14726.4
	799	2.03657e+06	14725.6
	800	2.04345e+06	14725.2
	801	2.05042e+06	14725.3
	802	2.05747e+06	14725.9
	803	2.06461e+06	14726.9
	804	2.07181e+06	14728.4
	805	2.0791e+06	14730.4
	806	2.08645e+06	14732.8
	807	2.09388e+06	14735.6
	808	2.10136e+06	14739
	809	2.10891e+06	14742.8
	810	2.11652e+06	14747
	811	2.12419e+06	14751.7
	812	2.13191e+06	14756.9
	813	2.13967e+06	14762.5
	814	2.14748e+06	14768.6
	815	2.15534e+06	14775.2
	816	2.16323e+06	14782.2
	817	2.17116e+06	14789.6
	818	2.17912e+06	14797.5
	819	2.1871e+06	14805.9
	820	2.19511e+06	14814.8
	821	2.20314e+06	14824
	822	2.21119e+06	14833.8
	823	2.21924e+06	14843.9
	824	2.22731e+06	14854.6
	825	2.23538e+06	14865.6
	826	2.24345e+06	14877.1
	827	2.25152e+06	14889
	828	2.25958e+06	14901.4
	829	2.26763e+06	14914.2
	830	2.27566e+06	14927.4
	831	2.28368e+06	14941.1
	832	2.29167e+06	14955.1
	833	2.29964e+06	14969.6
	834	2.30757e+06	14984.5
	835	2.31547e+06	14999.7
	836	2.32333e+06	15015.4
	837	2.33115e+06	15031.5
	838	2.33892e+06	15047.9
	839	2.34664e+06	15064.8
	840	2.35431e+06	15082
	841	2.36192e+06	15099.6
	842	2.36947e+06	15117.5
	843	2.37696e+06	15135.8
	844	2.38438e+06	15154.5
	845	2.39172e+06	15173.5
	846	2.39899e+06	15192.8
	847	2.40619e+06	15212.5
	848	2.4133e+06	15232.5
	849	2.42033e+06	15252.8
	850	2.42727e+06	15273.4
	851	2.43412e+06	15294.3
	852	2.44088e+06	15315.5
	853	2.44754e+06	15337
	854	2.4541e+06	15358.8
	855	2.46056e+06	15380.9
	856	2.46691e+06	15403.2
	857	2.47316e+06	15425.7
	858	2.4793e+06	15448.5
	859	2.48533e+06	15471.5
	860	2.49125e+06	15494.8
	861	2.49705e+06	15518.2
	862	2.50273e+06	15541.9
	863	2.5083e+06	15565.8
	864	2.51374e+06	15589.8
	865	2.51906e+06	15614.1
	866	2.52426e+06	15638.5
	867	2.52933e+06	15663
	868	2.53427e+06	15687.7
	869	2.53908e+06	15712.6
	870	2.54377e+06	15737.6
	871	2.54832e+06	15762.7
	872	2.55275e+06	15787.9
	873	2.55704e+06	15813.2
	874	2.56119e+06	15838.6
	875	2.56522e+06	15864.1
	876	2.56911e+06	15889.6
	877	2.57286e+06	15915.2
	878	2.57648e+06	15940.9
	879	2.57996e+06	15966.6
	880	2.58331e+06	15992.3
	881	2.58652e+06	16018
	882	2.5896e+06	16043.8
	883	2.59254e+06	16069.6
	884	2.59534e+06	16095.3
	885	2.59801e+06	16121
	886	2.60054e+06	16146.8
	887	2.60294e+06	16172.4
	888	2.6052e+06	16198
	889	2.60733e+06	16223.6
	890	2.60932e+06	16249.1
	891	2.61119e+06	16274.5
	892	2.61292e+06	16299.8
	893	2.61451e+06	16325.1
	894	2.61598e+06	16350.2
	895	2.61732e+06	16375.2
	896	2.61853e+06	16400.1
	897	2.61961e+06	16424.9
	898	2.62057e+06	16449.5
	899	2.6214e+06	16474
	900	2.6221e+06	16498.3
	901	2.62268e+06	16522.5
	902	2.62314e+06	16546.5
	903	2.62348e+06	16570.3
	904	2.6237e+06	16593.9
	905	2.6238e+06	16617.4
	906	2.62378e+06	16640.6
	907	2.62365e+06	16663.6
	908	2.62341e+06	16686.4
	909	2.62305e+06	16709
	910	2.62258e+06	16731.3
	911	2.622e+06	16753.4
	912	2.62132e+06	16775.2
	913	2.62053e+06	16796.8
	914	2.61963e+06	16818.2
	915	2.61863e+06	16839.3
	916	2.61753e+06	16860.1
	917	2.61633e+06	16880.6
	918	2.61503e+06	16900.8
	919	2.61363e+06	16920.8
	920	2.61214e+06	16940.5
	921	2.61056e+06	16959.9
	922	2.60889e+06	16978.9
	923	2.60712e+06	16997.7
	924	2.60527e+06	17016.1
	925	2.60333e+06	17034.3
	926	2.60131e+06	17052.1
	927	2.59921e+06	17069.6
	928	2.59702e+06	17086.8
	929	2.59475e+06	17103.6
	930	2.59241e+06	17120.1
	931	2.58999e+06	17136.3
	932	2.5875e+06	17152.1
	933	2.58494e+06	17167.5
	934	2.5823e+06	17182.7
	935	2.5796e+06	17197.5
	936	2.57682e+06	17211.9
	937	2.57399e+06	17226
	938	2.57109e+06	17239.7
	939	2.56812e+06	17253
	940	2.5651e+06	17266
	941	2.56202e+06	17278.7
	942	2.55888e+06	17290.9
	943	2.55568e+06	17302.8
	944	2.55243e+06	17314.4
	945	2.54913e+06	17325.6
	946	2.54578e+06	17336.4
	947	2.54238e+06	17346.8
	948	2.53893e+06	17356.9
	949	2.53544e+06	17366.6
	950	2.5319e+06	17376
	951	2.52832e+06	17384.9
	952	2.5247e+06	17393.5
	953	2.52103e+06	17401.8
	954	2.51733e+06	17409.6
	955	2.5136e+06	17417.1
	956	2.50982e+06	17424.3
	957	2.50602e+06	17431.1
	958	2.50218e+06	17437.5
	959	2.49831e+06	17443.5
	960	2.49441e+06	17449.2
	961	2.49049e+06	17454.5
	962	2.48653e+06	17459.5
	963	2.48255e+06	17464.1
	964	2.47855e+06	17468.3
	965	2.47453e+06	17472.2
	966	2.47048e+06	17475.7
	967	2.46641e+06	17478.9
	968	2.46233e+06	17481.8
	969	2.45822e+06	17484.3
	970	2.4541e+06	17486.4
	971	2.44997e+06	17488.2
	972	2.44582e+06	17489.7
	973	2.44166e+06	17490.8
	974	2.43749e+06	17491.6
	975	2.43331e+06	17492.1
	976	2.42912e+06	17492.2
	977	2.42492e+06	17492
	978	2.42072e+06	17491.5
	979	2.41651e+06	17490.7
	980	2.41229e+06	17489.5
	981	2.40807e+06	17488.1
	982	2.40385e+06	17486.3
	983	2.39963e+06	17484.2
	984	2.39541e+06	17481.8
	985	2.39119e+06	17479.1
	986	2.38697e+06	17476.2
	987	2.38275e+06	17472.9
	988	2.37854e+06	17469.3
	989	2.37433e+06	17465.5
	990	2.37013e+06	17461.3
	991	2.36594e+06	17456.9
	992	2.36175e+06	17452.2
	993	2.35757e+06	17447.3
	994	2.3534e+06	17442.1
	995	2.34924e+06	17436.6
	996	2.3451e+06	17430.8
	997	2.34096e+06	17424.8
	998	2.33684e+06	17418.6
	999	2.33274e+06	17412.1
	1000	2.32864e+06	17405.3
	1001	2.32457e+06	17398.3
	1002	2.32051e+06	17391.1
	1003	2.31646e+06	17383.7
	1004	2.31244e+06	17376
	1005	2.30843e+06	17368.1
	1006	2.30445e+06	17360
	1007	2.30048e+06	17351.6
	1008	2.29654e+06	17343.1
	1009	2.29261e+06	17334.3
	1010	2.28871e+06	17325.4
	1011	2.28484e+06	17316.2
	1012	2.28098e+06	17306.9
	1013	2.27715e+06	17297.3
	1014	2.27335e+06	17287.6
	1015	2.26958e+06	17277.7
	1016	2.26583e+06	17267.6
	1017	2.2621e+06	17257.4
	1018	2.25841e+06	17247
	1019	2.25474e+06	17236.4
	1020	2.25111e+06	17225.6
	1021	2.2475e+06	17214.7
	1022	2.24393e+06	17203.7
	1023	2.24039e+06	17192.5
	1024	2.23687e+06	17181.1
	1025	2.23339e+06	17169.7
	1026	2.22995e+06	17158.1
	1027	2.22654e+06	17146.3
	1028	2.22316e+06	17134.5
	1029	2.21981e+06	17122.5
	1030	2.21651e+06	17110.4
	1031	2.21323e+06	17098.1
	1032	2.21e+06	17085.8
	1033	2.2068e+06	17073.4
	1034	2.20364e+06	17060.9
	1035	2.20052e+06	17048.2
	1036	2.19743e+06	17035.5
	1037	2.19439e+06	17022.7
	1038	2.19138e+06	17009.8
	1039	2.18842e+06	16996.8
	1040	2.18549e+06	16983.8
	1041	2.18261e+06	16970.7
	1042	2.17977e+06	16957.5
	1043	2.17697e+06	16944.2
	1044	2.17421e+06	16930.9
	1045	2.17149e+06	16917.5
	1046	2.16882e+06	16904.1
	1047	2.16619e+06	16890.6
	1048	2.16361e+06	16877.1
	1049	2.16107e+06	16863.6
	1050	2.15858e+06	16850
	1051	2.15613e+06	16836.4
	1052	2.15373e+06	16822.7
	1053	2.15137e+06	16809
	1054	2.14906e+06	16795.3
	1055	2.1468e+06	16781.6
	1056	2.14459e+06	16767.9
	1057	2.14242e+06	16754.2
	1058	2.1403e+06	16740.4
	1059	2.13823e+06	16726.7
	1060	2.13621e+06	16712.9
	1061	2.13424e+06	16699.2
	1062	2.13232e+06	16685.4
	1063	2.13045e+06	16671.7
	1064	2.12863e+06	16658
	1065	2.12686e+06	16644.3
	1066	2.12514e+06	16630.7
	1067	2.12347e+06	16617
	1068	2.12186e+06	16603.4
	1069	2.12029e+06	16589.9
	1070	2.11878e+06	16576.3
	1071	2.11732e+06	16562.8
	1072	2.11591e+06	16549.4
	1073	2.11456e+06	16536
	1074	2.11326e+06	16522.6
	1075	2.11201e+06	16509.3
	1076	2.11082e+06	16496
	1077	2.10968e+06	16482.9
	1078	2.10859e+06	16469.7
	1079	2.10756e+06	16456.7
	1080	2.10659e+06	16443.7
	1081	2.10567e+06	16430.8
	1082	2.1048e+06	16417.9
	1083	2.10399e+06	16405.2
	1084	2.10323e+06	16392.5
	1085	2.10253e+06	16379.9
	1086	2.10189e+06	16367.4
	1087	2.1013e+06	16355
	1088	2.10077e+06	16342.6
	1089	2.10029e+06	16330.4
	1090	2.09987e+06	16318.3
	1091	2.0995e+06	16306.2
	1092	2.0992e+06	16294.3
	1093	2.09894e+06	16282.5
	1094	2.09875e+06	16270.8
	1095	2.09861e+06	16259.2
	1096	2.09853e+06	16247.7
	1097	2.0985e+06	16236.4
	1098	2.09853e+06	16225.1
	1099	2.09862e+06	16214
	1100	2.09876e+06	16203
	1101	2.09896e+06	16192.2
	1102	2.09922e+06	16181.5
	1103	2.09953e+06	16170.9
	1104	2.0999e+06	16160.4
	1105	2.10032e+06	16150.1
	1106	2.1008e+06	16139.9
	1107	2.10134e+06	16129.9
	1108	2.10193e+06	16120
	1109	2.10258e+06	16110.3
	1110	2.10329e+06	16100.7
	1111	2.10405e+06	16091.2
	1112	2.10486e+06	16082
	1113	2.10573e+06	16072.8
	1114	2.10665e+06	16063.9
	1115	2.10763e+06	16055.1
	1116	2.10866e+06	16046.4
	1117	2.10975e+06	16038
	1118	2.11089e+06	16029.6
	1119	2.11208e+06	16021.5
	1120	2.11333e+06	16013.5
	1121	2.11463e+06	16005.7
	1122	2.11598e+06	15998.1
	1123	2.11738e+06	15990.7
	1124	2.11883e+06	15983.4
	1125	2.12034e+06	15976.3
	1126	2.12189e+06	15969.4
	1127	2.1235e+06	15962.7
	1128	2.12515e+06	15956.1
	1129	2.12686e+06	15949.8
	1130	2.12861e+06	15943.6
	1131	2.13041e+06	15937.6
	1132	2.13226e+06	15931.8
	1133	2.13415e+06	15926.2
	1134	2.13609e+06	15920.8
	1135	2.13808e+06	15915.6
	1136	2.14011e+06	15910.6
	1137	2.14219e+06	15905.7
	1138	2.1443e+06	15901.1
	1139	2.14647e+06	15896.6
	1140	2.14867e+06	15892.4
	1141	2.15092e+06	15888.4
	1142	2.15321e+06	15884.5
	1143	2.15553e+06	15880.9
	1144	2.1579e+06	15877.5
	1145	2.1603e+06	15874.2
	1146	2.16275e+06	15871.2
	1147	2.16522e+06	15868.3
	1148	2.16774e+06	15865.7
	1149	2.17029e+06	15863.3
	1150	2.17287e+06	15861.1
	1151	2.17549e+06	15859.1
	1152	2.17814e+06	15857.2
	1153	2.18082e+06	15855.6
	1154	2.18354e+06	15854.2
	1155	2.18628e+06	15853
	1156	2.18905e+06	15852
	1157	2.19184e+06	15851.3
	1158	2.19467e+06	15850.7
	1159	2.19752e+06	15850.3
	1160	2.20039e+06	15850.1
	1161	2.20329e+06	15850.2
	1162	2.20621e+06	15850.4
	1163	2.20915e+06	15850.8
	1164	2.21211e+06	15851.5
	1165	2.21509e+06	15852.3
	1166	2.21809e+06	15853.4
	1167	2.22111e+06	15854.6
	1168	2.22414e+06	15856
	1169	2.22718e+06	15857.7
	1170	2.23024e+06	15859.5
	1171	2.23331e+06	15861.6
	1172	2.2364e+06	15863.8
	1173	2.23949e+06	15866.2
	1174	2.24259e+06	15868.9
	1175	2.2457e+06	15871.7
	1176	2.24881e+06	15874.7
	1177	2.25194e+06	15877.9
	1178	2.25506e+06	15881.3
	1179	2.25819e+06	15884.8
	1180	2.26132e+06	15888.6
	1181	2.26445e+06	15892.6
	1182	2.26758e+06	15896.7
	1183	2.27071e+06	15901
	1184	2.27384e+06	15905.5
	1185	2.27696e+06	15910.1
	1186	2.28007e+06	15915
	1187	2.28318e+06	15920
	1188	2.28629e+06	15925.2
	1189	2.28938e+06	15930.5
	1190	2.29246e+06	15936.1
	1191	2.29554e+06	15941.7
	1192	2.2986e+06	15947.6
	1193	2.30165e+06	15953.6
	1194	2.30468e+06	15959.8
	1195	2.3077e+06	15966.1
	1196	2.3107e+06	15972.6
	1197	2.31368e+06	15979.2
	1198	2.31665e+06	15986
	1199	2.31959e+06	15992.9
	1200	2.32252e+06	15999.9
	1201	2.32542e+06	16007.1
	1202	2.3283e+06	16014.5
	1203	2.33116e+06	16022
	1204	2.33399e+06	16029.6
	1205	2.33679e+06	16037.3
	1206	2.33957e+06	16045.2
	1207	2.34232e+06	16053.1
	1208	2.34504e+06	16061.2
	1209	2.34773e+06	16069.5
	1210	2.3504e+06	16077.8
	1211	2.35303e+06	16086.2
	1212	2.35562e+06	16094.8
	1213	2.35819e+06	16103.4
	1214	2.36072e+06	16112.2
	1215	2.36322e+06	16121
	1216	2.36568e+06	16130
	1217	2.3681e+06	16139
	1218	2.37049e+06	16148.1
	1219	2.37284e+06	16157.3
	1220	2.37515e+06	16166.6
	1221	2.37742e+06	16176
	1222	2.37966e+06	16185.4
	1223	2.38185e+06	16194.9
	1224	2.384e+06	16204.5
	1225	2.38611e+06	16214.1
	1226	2.38818e+06	16223.8
	1227	2.39021e+06	16233.6
	1228	2.39219e+06	16243.4
	1229	2.39413e+06	16253.3
	1230	2.39603e+06	16263.2
	1231	2.39788e+06	16273.1
	1232	2.39968e+06	16283.1
	1233	2.40144e+06	16293.1
	1234	2.40316e+06	16303.1
	1235	2.40483e+06	16313.2
	1236	2.40645e+06	16323.3
	1237	2.40803e+06	16333.4
	1238	2.40956e+06	16343.6
	1239	2.41104e+06	16353.7
	1240	2.41248e+06	16363.9
	1241	2.41387e+06	16374
	1242	2.41521e+06	16384.2
	1243	2.4165e+06	16394.4
	1244	2.41774e+06	16404.5
	1245	2.41894e+06	16414.7
	1246	2.42009e+06	16424.8
	1247	2.42119e+06	16434.9
	1248	2.42224e+06	16445.1
	1249	2.42324e+06	16455.1
	1250	2.4242e+06	16465.2
	1251	2.42511e+06	16475.3
	1252	2.42596e+06	16485.3
	1253	2.42677e+06	16495.2
	1254	2.42753e+06	16505.2
	1255	2.42825e+06	16515.1
	1256	2.42891e+06	16524.9
	1257	2.42953e+06	16534.7
	1258	2.4301e+06	16544.5
	1259	2.43062e+06	16554.2
	1260	2.4311e+06	16563.8
	1261	2.43153e+06	16573.4
	1262	2.43191e+06	16582.9
	1263	2.43224e+06	16592.4
	1264	2.43253e+06	16601.7
	1265	2.43277e+06	16611.1
	1266	2.43296e+06	16620.3
	1267	2.43311e+06	16629.5
	1268	2.43322e+06	16638.5
	1269	2.43327e+06	16647.5
	1270	2.43329e+06	16656.5
	1271	2.43326e+06	16665.3
	1272	2.43318e+06	16674
	1273	2.43306e+06	16682.7
	1274	2.4329e+06	16691.2
	1275	2.4327e+06	16699.7
	1276	2.43245e+06	16708.1
	1277	2.43216e+06	16716.3
	1278	2.43183e+06	16724.5
	1279	2.43146e+06	16732.5
	1280	2.43105e+06	16740.5
	1281	2.4306e+06	16748.3
	1282	2.43011e+06	16756
	1283	2.42957e+06	16763.6
	1284	2.429e+06	16771.1
	1285	2.4284e+06	16778.5
	1286	2.42775e+06	16785.7
	1287	2.42707e+06	16792.9
	1288	2.42635e+06	16799.9
	1289	2.42559e+06	16806.7
	1290	2.4248e+06	16813.5
	1291	2.42397e+06	16820.1
	1292	2.42311e+06	16826.6
	1293	2.42221e+06	16833
	1294	2.42128e+06	16839.3
	1295	2.42032e+06	16845.4
	1296	2.41933e+06	16851.3
	1297	2.4183e+06	16857.2
	1298	2.41725e+06	16862.9
	1299	2.41616e+06	16868.4
	1300	2.41504e+06	16873.9
	1301	2.41389e+06	16879.2
	1302	2.41272e+06	16884.3
	1303	2.41151e+06	16889.3
	1304	2.41028e+06	16894.2
	1305	2.40903e+06	16898.9
	1306	2.40774e+06	16903.5
	1307	2.40643e+06	16907.9
	1308	2.4051e+06	16912.2
	1309	2.40374e+06	16916.4
	1310	2.40235e+06	16920.4
	1311	2.40094e+06	16924.2
	1312	2.39951e+06	16928
	1313	2.39806e+06	16931.5
	1314	2.39659e+06	16934.9
	1315	2.39509e+06	16938.2
	1316	2.39358e+06	16941.4
	1317	2.39205e+06	16944.3
	1318	2.39049e+06	16947.2
	1319	2.38892e+06	16949.9
	1320	2.38733e+06	16952.4
	1321	2.38573e+06	16954.8
	1322	2.3841e+06	16957.1
	1323	2.38246e+06	16959.2
	1324	2.38081e+06	16961.1
	1325	2.37914e+06	16963
	1326	2.37746e+06	16964.6
	1327	2.37576e+06	16966.2
	1328	2.37405e+06	16967.6
	1329	2.37233e+06	16968.8
	1330	2.3706e+06	16969.9
	1331	2.36885e+06	16970.9
	1332	2.36709e+06	16971.7
	1333	2.36533e+06	16972.4
	1334	2.36355e+06	16972.9
	1335	2.36177e+06	16973.3
	1336	2.35998e+06	16973.6
	1337	2.35818e+06	16973.7
	1338	2.35637e+06	16973.7
	1339	2.35456e+06	16973.5
	1340	2.35274e+06	16973.2
	1341	2.35092e+06	16972.8
	1342	2.34909e+06	16972.3
	1343	2.34725e+06	16971.6
	1344	2.34542e+06	16970.8
	1345	2.34357e+06	16969.8
	1346	2.34173e+06	16968.8
	1347	2.33989e+06	16967.6
	1348	2.33804e+06	16966.2
	1349	2.33619e+06	16964.8
	1350	2.33434e+06	16963.2
	1351	2.33249e+06	16961.5
	1352	2.33065e+06	16959.7
	1353	2.3288e+06	16957.8
	1354	2.32695e+06	16955.7
	1355	2.32511e+06	16953.6
	1356	2.32327e+06	16951.3
	1357	2.32143e+06	16948.9
	1358	2.3196e+06	16946.4
	1359	2.31777e+06	16943.7
	1360	2.31594e+06	16941
	1361	2.31412e+06	16938.2
	1362	2.31231e+06	16935.2
	1363	2.3105e+06	16932.2
	1364	2.30869e+06	16929
	1365	2.3069e+06	16925.8
	1366	2.30511e+06	16922.4
	1367	2.30333e+06	16919
	1368	2.30155e+06	16915.4
	1369	2.29979e+06	16911.8
	1370	2.29803e+06	16908.1
	1371	2.29629e+06	16904.2
	1372	2.29455e+06	16900.3
	1373	2.29283e+06	16896.3
	1374	2.29111e+06	16892.2
	1375	2.28941e+06	16888
	1376	2.28771e+06	16883.8
	1377	2.28603e+06	16879.5
	1378	2.28437e+06	16875
	1379	2.28271e+06	16870.5
	1380	2.28107e+06	16866
	1381	2.27944e+06	16861.3
	1382	2.27782e+06	16856.6
	1383	2.27622e+06	16851.8
	1384	2.27464e+06	16847
	1385	2.27307e+06	16842.1
	1386	2.27151e+06	16837.1
	1387	2.26997e+06	16832.1
	1388	2.26845e+06	16826.9
	1389	2.26694e+06	16821.8
	1390	2.26545e+06	16816.6
	1391	2.26397e+06	16811.3
	1392	2.26251e+06	16806
	1393	2.26108e+06	16800.6
	1394	2.25965e+06	16795.2
	1395	2.25825e+06	16789.7
	1396	2.25686e+06	16784.2
	1397	2.2555e+06	16778.6
	1398	2.25415e+06	16773
	1399	2.25282e+06	16767.4
	1400	2.25152e+06	16761.7
	1401	2.25023e+06	16756
	1402	2.24896e+06	16750.2
	1403	2.24771e+06	16744.4
	1404	2.24648e+06	16738.6
	1405	2.24528e+06	16732.8
	1406	2.24409e+06	16726.9
	1407	2.24293e+06	16721
	1408	2.24179e+06	16715.1
	1409	2.24067e+06	16709.2
	1410	2.23957e+06	16703.2
	1411	2.23849e+06	16697.3
	1412	2.23744e+06	16691.3
	1413	2.23641e+06	16685.3
	1414	2.2354e+06	16679.3
	1415	2.23442e+06	16673.2
	1416	2.23345e+06	16667.2
	1417	2.23252e+06	16661.2
	1418	2.2316e+06	16655.1
	1419	2.23071e+06	16649.1
	1420	2.22984e+06	16643
	1421	2.229e+06	16637
	1422	2.22818e+06	16631
	1423	2.22739e+06	16624.9
	1424	2.22662e+06	16618.9
	1425	2.22587e+06	16612.9
	1426	2.22515e+06	16606.9
	1427	2.22446e+06	16600.9
	1428	2.22378e+06	16594.9
	1429	2.22314e+06	16588.9
	1430	2.22252e+06	16583
	1431	2.22192e+06	16577
	1432	2.22135e+06	16571.1
	1433	2.22081e+06	16565.2
	1434	2.22029e+06	16559.3
	1435	2.2198e+06	16553.5
	1436	2.21933e+06	16547.7
	1437	2.21888e+06	16541.9
	1438	2.21847e+06	16536.1
	1439	2.21808e+06	16530.4
	1440	2.21771e+06	16524.7
	1441	2.21737e+06	16519
	1442	2.21706e+06	16513.4
	1443	2.21677e+06	16507.8
	1444	2.21651e+06	16502.2
	1445	2.21627e+06	16496.7
	1446	2.21606e+06	16491.3
	1447	2.21588e+06	16485.8
	1448	2.21572e+06	16480.4
	1449	2.21558e+06	16475.1
	1450	2.21547e+06	16469.8
	1451	2.21539e+06	16464.6
	1452	2.21534e+06	16459.4
	1453	2.2153e+06	16454.2
	1454	2.2153e+06	16449.1
	1455	2.21532e+06	16444.1
	1456	2.21536e+06	16439.1
	1457	2.21543e+06	16434.2
	1458	2.21553e+06	16429.3
	1459	2.21565e+06	16424.5
	1460	2.2158e+06	16419.7
	1461	2.21597e+06	16415
	1462	2.21616e+06	16410.4
	1463	2.21638e+06	16405.8
	1464	2.21662e+06	16401.3
	1465	2.21689e+06	16396.9
	1466	2.21718e+06	16392.5
	1467	2.2175e+06	16388.2
	1468	2.21784e+06	16384
	1469	2.2182e+06	16379.8
	1470	2.21859e+06	16375.7
	1471	2.219e+06	16371.7
	1472	2.21944e+06	16367.7
	1473	2.21989e+06	16363.9
	1474	2.22037e+06	16360
	1475	2.22087e+06	16356.3
	1476	2.2214e+06	16352.7
	1477	2.22194e+06	16349.1
	1478	2.22251e+06	16345.6
	1479	2.2231e+06	16342.1
	1480	2.22371e+06	16338.8
	1481	2.22434e+06	16335.5
	1482	2.225e+06	16332.3
	1483	2.22567e+06	16329.2
	1484	2.22636e+06	16326.2
	1485	2.22708e+06	16323.3
	1486	2.22781e+06	16320.4
	1487	2.22857e+06	16317.6
	1488	2.22934e+06	16314.9
	1489	2.23013e+06	16312.3
	1490	2.23094e+06	16309.8
	1491	2.23177e+06	16307.3
	1492	2.23261e+06	16305
	1493	2.23348e+06	16302.7
	1494	2.23436e+06	16300.5
	1495	2.23526e+06	16298.4
	1496	2.23617e+06	16296.4
	1497	2.23711e+06	16294.5
	1498	2.23805e+06	16292.6
	1499	2.23902e+06	16290.9
	1500	2.23999e+06	16289.2
	1501	2.24099e+06	16287.6
	1502	2.242e+06	16286.1
	1503	2.24302e+06	16284.7
	1504	2.24405e+06	16283.4
	1505	2.2451e+06	16282.2
	1506	2.24617e+06	16281.1
	1507	2.24724e+06	16280
	1508	2.24833e+06	16279.1
	1509	2.24943e+06	16278.2
	1510	2.25054e+06	16277.4
	1511	2.25166e+06	16276.7
	1512	2.25279e+06	16276.1
	1513	2.25394e+06	16275.6
	1514	2.25509e+06	16275.1
	1515	2.25625e+06	16274.8
	1516	2.25742e+06	16274.6
	1517	2.25861e+06	16274.4
	1518	2.25979e+06	16274.3
	1519	2.26099e+06	16274.3
	1520	2.26219e+06	16274.4
	1521	2.2634e+06	16274.6
	1522	2.26462e+06	16274.8
	1523	2.26585e+06	16275.2
	1524	2.26707e+06	16275.6
	1525	2.26831e+06	16276.1
	1526	2.26955e+06	16276.7
	1527	2.27079e+06	16277.4
	1528	2.27204e+06	16278.2
	1529	2.27329e+06	16279
	1530	2.27455e+06	16280
	1531	2.2758e+06	16281
	1532	2.27706e+06	16282.1
	1533	2.27832e+06	16283.3
	1534	2.27959e+06	16284.5
	1535	2.28085e+06	16285.8
	1536	2.28211e+06	16287.2
	1537	2.28338e+06	16288.7
	1538	2.28464e+06	16290.3
	1539	2.2859e+06	16291.9
	1540	2.28717e+06	16293.6
	1541	2.28843e+06	16295.4
	1542	2.28968e+06	16297.3
	1543	2.29094e+06	16299.2
	1544	2.29219e+06	16301.2
	1545	2.29344e+06	16303.3
	1546	2.29469e+06	16305.4
	1547	2.29593e+06	16307.7
	1548	2.29717e+06	16309.9
	1549	2.2984e+06	16312.3
	1550	2.29963e+06	16314.7
	1551	2.30085e+06	16317.2
	1552	2.30207e+06	16319.7
	1553	2.30328e+06	16322.3
	1554	2.30448e+06	16325
	1555	2.30567e+06	16327.7
	1556	2.30686e+06	16330.5
	1557	2.30804e+06	16333.3
	1558	2.30921e+06	16336.2
	1559	2.31037e+06	16339.2
	1560	2.31153e+06	16342.2
	1561	2.31267e+06	16345.2
	1562	2.31381e+06	16348.3
	1563	2.31493e+06	16351.5
	1564	2.31604e+06	16354.7
	1565	2.31715e+06	16358
	1566	2.31824e+06	16361.3
	1567	2.31932e+06	16364.7
	1568	2.32039e+06	16368.1
	1569	2.32145e+06	16371.5
	1570	2.32249e+06	16375
	1571	2.32352e+06	16378.5
	1572	2.32454e+06	16382.1
	1573	2.32555e+06	16385.7
	1574	2.32654e+06	16389.3
	1575	2.32752e+06	16393
	1576	2.32848e+06	16396.7
	1577	2.32943e+06	16400.5
	1578	2.33037e+06	16404.2
	1579	2.33129e+06	16408
	1580	2.3322e+06	16411.9
	1581	2.33309e+06	16415.7
	1582	2.33396e+06	16419.6
	1583	2.33482e+06	16423.5
	1584	2.33567e+06	16427.5
	1585	2.33649e+06	16431.4
	1586	2.33731e+06	16435.4
	1587	2.3381e+06	16439.4
	1588	2.33888e+06	16443.4
	1589	2.33964e+06	16447.5
	1590	2.34039e+06	16451.5
	1591	2.34111e+06	16455.6
	1592	2.34182e+06	16459.6
	1593	2.34252e+06	16463.7
	1594	2.34319e+06	16467.8
	1595	2.34385e+06	16471.9
	1596	2.34449e+06	16476
	1597	2.34511e+06	16480.1
	1598	2.34571e+06	16484.3
	1599	2.3463e+06	16488.4
	1600	2.34687e+06	16492.5
	1601	2.34742e+06	16496.6
	1602	2.34795e+06	16500.8
	1603	2.34846e+06	16504.9
	1604	2.34895e+06	16509
	1605	2.34943e+06	16513.1
	1606	2.34988e+06	16517.2
	1607	2.35032e+06	16521.3
	1608	2.35074e+06	16525.4
	1609	2.35114e+06	16529.5
	1610	2.35152e+06	16533.5
	1611	2.35188e+06	16537.6
	1612	2.35223e+06	16541.6
	1613	2.35255e+06	16545.6
	1614	2.35286e+06	16549.6
	1615	2.35315e+06	16553.6
	1616	2.35341e+06	16557.6
	1617	2.35366e+06	16561.5
	1618	2.3539e+06	16565.4
	1619	2.35411e+06	16569.3
	1620	2.3543e+06	16573.2
	1621	2.35448e+06	16577.1
	1622	2.35463e+06	16580.9
	1623	2.35477e+06	16584.7
	1624	2.35489e+06	16588.5
	1625	2.35499e+06	16592.2
	1626	2.35507e+06	16595.9
	1627	2.35514e+06	16599.6
	1628	2.35518e+06	16603.2
	1629	2.35521e+06	16606.8
	1630	2.35522e+06	16610.4
	1631	2.35522e+06	16614
	1632	2.35519e+06	16617.5
	1633	2.35515e+06	16620.9
	1634	2.35509e+06	16624.4
	1635	2.35501e+06	16627.8
	1636	2.35492e+06	16631.1
	1637	2.35481e+06	16634.4
	1638	2.35468e+06	16637.7
	1639	2.35453e+06	16640.9
	1640	2.35437e+06	16644.1
	1641	2.35419e+06	16647.2
	1642	2.354e+06	16650.3
	1643	2.35379e+06	16653.4
	1644	2.35356e+06	16656.4
	1645	2.35332e+06	16659.3
	1646	2.35306e+06	16662.2
	1647	2.35279e+06	16665.1
	1648	2.3525e+06	16667.9
	1649	2.3522e+06	16670.6
	1650	2.35188e+06	16673.3
	1651	2.35155e+06	16676
	1652	2.3512e+06	16678.6
	1653	2.35084e+06	16681.1
	1654	2.35046e+06	16683.6
	1655	2.35007e+06	16686.1
	1656	2.34967e+06	16688.5
	1657	2.34925e+06	16690.8
	1658	2.34882e+06	16693.1
	1659	2.34838e+06	16695.3
	1660	2.34792e+06	16697.5
	1661	2.34745e+06	16699.6
	1662	2.34697e+06	16701.6
	1663	2.34648e+06	16703.6
	1664	2.34597e+06	16705.6
	1665	2.34546e+06	16707.4
	1666	2.34493e+06	16709.3
	1667	2.34439e+06	16711
	1668	2.34384e+06	16712.7
	1669	2.34328e+06	16714.4
	1670	2.34271e+06	16716
	1671	2.34213e+06	16717.5
	1672	2.34154e+06	16719
	1673	2.34093e+06	16720.4
	1674	2.34032e+06	16721.8
	1675	2.3397e+06	16723.1
	1676	2.33907e+06	16724.3
	1677	2.33844e+06	16725.5
	1678	2.33779e+06	16726.6
	1679	2.33714e+06	16727.7
	1680	2.33647e+06	16728.7
	1681	2.3358e+06	16729.6
	1682	2.33512e+06	16730.5
	1683	2.33444e+06	16731.3
	1684	2.33375e+06	16732.1
	1685	2.33305e+06	16732.8
	1686	2.33234e+06	16733.4
	1687	2.33163e+06	16734
	1688	2.33091e+06	16734.5
	1689	2.33019e+06	16735
	1690	2.32946e+06	16735.4
	1691	2.32873e+06	16735.8
	1692	2.32799e+06	16736
	1693	2.32725e+06	16736.3
	1694	2.3265e+06	16736.5
	1695	2.32575e+06	16736.6
	1696	2.32499e+06	16736.6
	1697	2.32423e+06	16736.6
	1698	2.32347e+06	16736.6
	1699	2.3227e+06	16736.5
	1700	2.32193e+06	16736.3
	1701	2.32116e+06	16736.1
	1702	2.32038e+06	16735.8
	1703	2.3196e+06	16735.5
	1704	2.31883e+06	16735.1
	1705	2.31805e+06	16734.7
	1706	2.31726e+06	16734.2
	1707	2.31648e+06	16733.7
	1708	2.3157e+06	16733.1
	1709	2.31491e+06	16732.4
	1710	2.31412e+06	16731.7
	1711	2.31334e+06	16731
	1712	2.31255e+06	16730.2
	1713	2.31177e+06	16729.3
	1714	2.31098e+06	16728.4
	1715	2.3102e+06	16727.5
	1716	2.30941e+06	16726.5
	1717	2.30863e+06	16725.4
	1718	2.30785e+06	16724.3
	1719	2.30707e+06	16723.2
	1720	2.30629e+06	16722
	1721	2.30551e+06	16720.8
	1722	2.30474e+06	16719.5
	1723	2.30397e+06	16718.2
	1724	2.3032e+06	16716.9
	1725	2.30243e+06	16715.5
	1726	2.30167e+06	16714
	1727	2.30091e+06	16712.5
	1728	2.30016e+06	16711
	1729	2.2994e+06	16709.4
	1730	2.29866e+06	16707.8
	1731	2.29791e+06	16706.2
	1732	2.29717e+06	16704.5
	1733	2.29644e+06	16702.8
	1734	2.29571e+06	16701
	1735	2.29498e+06	16699.2
	1736	2.29426e+06	16697.4
	1737	2.29354e+06	16695.6
	1738	2.29283e+06	16693.7
	1739	2.29213e+06	16691.7
	1740	2.29143e+06	16689.8
	1741	2.29074e+06	16687.8
	1742	2.29005e+06	16685.8
	1743	2.28937e+06	16683.7
	1744	2.2887e+06	16681.6
	1745	2.28803e+06	16679.5
	1746	2.28737e+06	16677.4
	1747	2.28672e+06	16675.3
	1748	2.28607e+06	16673.1
	1749	2.28543e+06	16670.9
	1750	2.2848e+06	16668.6
	1751	2.28418e+06	16666.4
	1752	2.28356e+06	16664.1
	1753	2.28296e+06	16661.8
	1754	2.28236e+06	16659.5
	1755	2.28177e+06	16657.1
	1756	2.28118e+06	16654.8
	1757	2.28061e+06	16652.4
	1758	2.28004e+06	16650
	1759	2.27948e+06	16647.6
	1760	2.27894e+06	16645.2
	1761	2.2784e+06	16642.7
	1762	2.27787e+06	16640.3
	1763	2.27734e+06	16637.8
	1764	2.27683e+06	16635.3
	1765	2.27633e+06	16632.8
	1766	2.27584e+06	16630.3
	1767	2.27535e+06	16627.8
	1768	2.27488e+06	16625.3
	1769	2.27442e+06	16622.8
	1770	2.27396e+06	16620.2
	1771	2.27352e+06	16617.7
	1772	2.27308e+06	16615.1
	1773	2.27266e+06	16612.6
	1774	2.27225e+06	16610
	1775	2.27184e+06	16607.5
	1776	2.27145e+06	16604.9
	1777	2.27107e+06	16602.3
	1778	2.2707e+06	16599.8
	1779	2.27033e+06	16597.2
	1780	2.26998e+06	16594.6
	1781	2.26964e+06	16592.1
	1782	2.26932e+06	16589.5
	1783	2.269e+06	16586.9
	1784	2.26869e+06	16584.4
	1785	2.26839e+06	16581.8
	1786	2.26811e+06	16579.3
	1787	2.26783e+06	16576.7
	1788	2.26757e+06	16574.2
	1789	2.26732e+06	16571.6
	1790	2.26708e+06	16569.1
	1791	2.26685e+06	16566.6
	1792	2.26663e+06	16564.1
	1793	2.26642e+06	16561.6
	1794	2.26622e+06	16559.1
	1795	2.26604e+06	16556.7
	1796	2.26586e+06	16554.2
	1797	2.2657e+06	16551.8
	1798	2.26555e+06	16549.3
	1799	2.26541e+06	16546.9
	1800	2.26528e+06	16544.5
	1801	2.26516e+06	16542.1
	1802	2.26505e+06	16539.7
	1803	2.26496e+06	16537.4
	1804	2.26487e+06	16535.1
	1805	2.2648e+06	16532.7
	1806	2.26474e+06	16530.4
	1807	2.26469e+06	16528.2
	1808	2.26465e+06	16525.9
	1809	2.26462e+06	16523.7
	1810	2.2646e+06	16521.4
	1811	2.26459e+06	16519.3
	1812	2.2646e+06	16517.1
	1813	2.26461e+06	16514.9
	1814	2.26464e+06	16512.8
	1815	2.26467e+06	16510.7
	1816	2.26472e+06	16508.6
	1817	2.26478e+06	16506.6
	1818	2.26484e+06	16504.5
	1819	2.26492e+06	16502.5
	1820	2.26501e+06	16500.6
	1821	2.26511e+06	16498.6
	1822	2.26522e+06	16496.7
	1823	2.26534e+06	16494.8
	1824	2.26547e+06	16493
	1825	2.26561e+06	16491.1
	1826	2.26576e+06	16489.3
	1827	2.26592e+06	16487.5
	1828	2.26609e+06	16485.8
	1829	2.26627e+06	16484.1
	1830	2.26646e+06	16482.4
	1831	2.26666e+06	16480.7
	1832	2.26687e+06	16479.1
	1833	2.26709e+06	16477.5
	1834	2.26731e+06	16476
	1835	2.26755e+06	16474.5
	1836	2.26779e+06	16473
	1837	2.26805e+06	16471.5
	1838	2.26831e+06	16470.1
	1839	2.26858e+06	16468.7
	1840	2.26886e+06	16467.3
	1841	2.26915e+06	16466
	1842	2.26945e+06	16464.7
	1843	2.26975e+06	16463.5
	1844	2.27007e+06	16462.3
	1845	2.27039e+06	16461.1
	1846	2.27072e+06	16460
	1847	2.27105e+06	16458.8
	1848	2.2714e+06	16457.8
	1849	2.27175e+06	16456.7
	1850	2.27211e+06	16455.7
	1851	2.27247e+06	16454.8
	1852	2.27284e+06	16453.9
	1853	2.27322e+06	16453
	1854	2.27361e+06	16452.1
	1855	2.274e+06	16451.3
	1856	2.2744e+06	16450.5
	1857	2.27481e+06	16449.8
	1858	2.27522e+06	16449.1
	1859	2.27564e+06	16448.4
	1860	2.27606e+06	16447.8
	1861	2.27649e+06	16447.2
	1862	2.27692e+06	16446.6
	1863	2.27736e+06	16446.1
	1864	2.27781e+06	16445.6
	1865	2.27825e+06	16445.2
	1866	2.27871e+06	16444.8
	1867	2.27917e+06	16444.4
	1868	2.27963e+06	16444.1
	1869	2.2801e+06	16443.8
	1870	2.28057e+06	16443.5
	1871	2.28105e+06	16443.3
	1872	2.28153e+06	16443.1
	1873	2.28201e+06	16443
	1874	2.2825e+06	16442.9
	1875	2.28299e+06	16442.8
	1876	2.28348e+06	16442.8
	1877	2.28397e+06	16442.8
	1878	2.28447e+06	16442.8
	1879	2.28497e+06	16442.9
	1880	2.28548e+06	16443
	1881	2.28598e+06	16443.1
	1882	2.28649e+06	16443.3
	1883	2.287e+06	16443.5
	1884	2.28751e+06	16443.8
	1885	2.28803e+06	16444.1
	1886	2.28854e+06	16444.4
	1887	2.28906e+06	16444.7
	1888	2.28957e+06	16445.1
	1889	2.29009e+06	16445.5
	1890	2.29061e+06	16446
	1891	2.29113e+06	16446.5
	1892	2.29165e+06	16447
	1893	2.29217e+06	16447.6
	1894	2.29269e+06	16448.1
	1895	2.29321e+06	16448.8
	1896	2.29373e+06	16449.4
	1897	2.29424e+06	16450.1
	1898	2.29476e+06	16450.8
	1899	2.29528e+06	16451.5
	1900	2.2958e+06	16452.3
	1901	2.29631e+06	16453.1
	1902	2.29683e+06	16453.9
	1903	2.29734e+06	16454.8
	1904	2.29785e+06	16455.7
	1905	2.29836e+06	16456.6
	1906	2.29887e+06	16457.6
	1907	2.29937e+06	16458.5
	1908	2.29987e+06	16459.5
	1909	2.30037e+06	16460.5
	1910	2.30087e+06	16461.6
	1911	2.30137e+06	16462.7
	1912	2.30186e+06	16463.8
	1913	2.30235e+06	16464.9
	1914	2.30284e+06	16466.1
	1915	2.30332e+06	16467.2
	1916	2.3038e+06	16468.4
	1917	2.30428e+06	16469.6
	1918	2.30475e+06	16470.9
	1919	2.30522e+06	16472.2
	1920	2.30568e+06	16473.4
	1921	2.30614e+06	16474.7
	1922	2.3066e+06	16476.1
	1923	2.30705e+06	16477.4
	1924	2.3075e+06	16478.8
	1925	2.30794e+06	16480.2
	1926	2.30838e+06	16481.6
	1927	2.30881e+06	16483
	1928	2.30924e+06	16484.4
	1929	2.30967e+06	16485.9
	1930	2.31008e+06	16487.4
	1931	2.3105e+06	16488.8
	1932	2.3109e+06	16490.3
	1933	2.31131e+06	16491.9
	1934	2.3117e+06	16493.4
	1935	2.31209e+06	16494.9
	1936	2.31248e+06	16496.5
	1937	2.31286e+06	16498.1
	1938	2.31323e+06	16499.6
	1939	2.3136e+06	16501.2
	1940	2.31396e+06	16502.8
	1941	2.31431e+06	16504.4
	1942	2.31466e+06	16506.1
	1943	2.315e+06	16507.7
	1944	2.31534e+06	16509.3
	1945	2.31567e+06	16511
	1946	2.31599e+06	16512.6
	1947	2.31631e+06	16514.3
	1948	2.31661e+06	16515.9
	1949	2.31692e+06	16517.6
	1950	2.31721e+06	16519.3
	1951	2.3175e+06	16521
	1952	2.31778e+06	16522.7
	1953	2.31805e+06	16524.3
	1954	2.31832e+06	16526
	1955	2.31858e+06	16527.7
	1956	2.31883e+06	16529.4
	1957	2.31908e+06	16531.1
	1958	2.31931e+06	16532.8
	1959	2.31954e+06	16534.5
	1960	2.31977e+06	16536.2
	1961	2.31998e+06	16537.9
	1962	2.32019e+06	16539.6
	1963	2.32039e+06	16541.3
	1964	2.32058e+06	16543
	1965	2.32077e+06	16544.7
	1966	2.32095e+06	16546.3
	1967	2.32112e+06	16548
	1968	2.32128e+06	16549.7
	1969	2.32144e+06	16551.4
	1970	2.32158e+06	16553
	1971	2.32172e+06	16554.7
	1972	2.32186e+06	16556.3
	1973	2.32198e+06	16558
	1974	2.3221e+06	16559.6
	1975	2.32221e+06	16561.2
	1976	2.32231e+06	16562.9
	1977	2.3224e+06	16564.5
	1978	2.32249e+06	16566.1
	1979	2.32257e+06	16567.6
	1980	2.32264e+06	16569.2
	1981	2.32271e+06	16570.8
	1982	2.32276e+06	16572.4
	1983	2.32281e+06	16573.9
	1984	2.32285e+06	16575.4
	1985	2.32289e+06	16576.9
	1986	2.32291e+06	16578.5
	1987	2.32293e+06	16579.9
	1988	2.32295e+06	16581.4
	1989	2.32295e+06	16582.9
	1990	2.32295e+06	16584.3
	1991	2.32294e+06	16585.8
	1992	2.32292e+06	16587.2
	1993	2.3229e+06	16588.6
	1994	2.32286e+06	16590
	1995	2.32283e+06	16591.4
	1996	2.32278e+06	16592.7
	1997	2.32273e+06	16594
	1998	2.32267e+06	16595.4
	1999	2.3226e+06	16596.7
	2000	2.32253e+06	16597.9
	2001	2.32245e+06	16599.2
	2002	2.32236e+06	16600.5
	2003	2.32227e+06	16601.7
	2004	2.32217e+06	16602.9
	2005	2.32207e+06	16604.1
	2006	2.32195e+06	16605.2
	2007	2.32183e+06	16606.4
	2008	2.32171e+06	16607.5
	2009	2.32158e+06	16608.6
	2010	2.32144e+06	16609.7
	2011	2.3213e+06	16610.8
	2012	2.32115e+06	16611.8
	2013	2.32099e+06	16612.8
	2014	2.32083e+06	16613.8
	2015	2.32067e+06	16614.8
	2016	2.32049e+06	16615.7
	2017	2.32032e+06	16616.7
	2018	2.32013e+06	16617.6
	2019	2.31994e+06	16618.5
	2020	2.31975e+06	16619.3
	2021	2.31955e+06	16620.2
	2022	2.31935e+06	16621
	2023	2.31914e+06	16621.8
	2024	2.31892e+06	16622.5
	2025	2.31871e+06	16623.3
	2026	2.31848e+06	16624
	2027	2.31825e+06	16624.7
	2028	2.31802e+06	16625.4
	2029	2.31778e+06	16626
	2030	2.31754e+06	16626.7
	2031	2.3173e+06	16627.3
	2032	2.31705e+06	16627.8
	2033	2.31679e+06	16628.4
	2034	2.31653e+06	16628.9
	2035	2.31627e+06	16629.4
	2036	2.31601e+06	16629.9
	2037	2.31574e+06	16630.3
	2038	2.31546e+06	16630.8
	2039	2.31519e+06	16631.2
	2040	2.31491e+06	16631.6
	2041	2.31463e+06	16631.9
	2042	2.31434e+06	16632.2
	2043	2.31405e+06	16632.5
	2044	2.31376e+06	16632.8
	2045	2.31346e+06	16633.1
	2046	2.31317e+06	16633.3
	2047	2.31287e+06	16633.5
	2048	2.31256e+06	16633.7
	2049	2.31226e+06	16633.9
	2050	2.31195e+06	16634
	2051	2.31164e+06	16634.1
	2052	2.31133e+06	16634.2
	2053	2.31102e+06	16634.3
	2054	2.3107e+06	16634.3
	2055	2.31039e+06	16634.3
	2056	2.31007e+06	16634.3
	2057	2.30975e+06	16634.3
	2058	2.30943e+06	16634.2
	2059	2.3091e+06	16634.2
	2060	2.30878e+06	16634.1
	2061	2.30846e+06	16633.9
	2062	2.30813e+06	16633.8
	2063	2.3078e+06	16633.6
	2064	2.30748e+06	16633.4
	2065	2.30715e+06	16633.2
	2066	2.30682e+06	16633
	2067	2.30649e+06	16632.7
	2068	2.30616e+06	16632.5
	2069	2.30583e+06	16632.2
	2070	2.3055e+06	16631.8
	2071	2.30517e+06	16631.5
	2072	2.30484e+06	16631.1
	2073	2.30451e+06	16630.7
	2074	2.30418e+06	16630.3
	2075	2.30385e+06	16629.9
	2076	2.30352e+06	16629.5
	2077	2.30319e+06	16629
	2078	2.30286e+06	16628.5
	2079	2.30254e+06	16628
	2080	2.30221e+06	16627.5
	2081	2.30189e+06	16627
	2082	2.30156e+06	16626.4
	2083	2.30124e+06	16625.8
	2084	2.30092e+06	16625.2
	2085	2.3006e+06	16624.6
	2086	2.30028e+06	16624
	2087	2.29996e+06	16623.4
	2088	2.29964e+06	16622.7
	2089	2.29933e+06	16622
	2090	2.29902e+06	16621.3
	2091	2.2987e+06	16620.6
	2092	2.2984e+06	16619.9
	2093	2.29809e+06	16619.2
	2094	2.29778e+06	16618.4
	2095	2.29748e+06	16617.6
	2096	2.29718e+06	16616.8
	2097	2.29688e+06	16616
	2098	2.29659e+06	16615.2
	2099	2.29629e+06	16614.4
	2100	2.296e+06	16613.6
	2101	2.29571e+06	16612.7
	2102	2.29543e+06	16611.9
	2103	2.29515e+06	16611
	2104	2.29487e+06	16610.1
	2105	2.29459e+06	16609.2
	2106	2.29432e+06	16608.3
	2107	2.29405e+06	16607.4
	2108	2.29378e+06	16606.4
	2109	2.29351e+06	16605.5
	2110	2.29325e+06	16604.5
	2111	2.293e+06	16603.6
	2112	2.29274e+06	16602.6
	2113	2.29249e+06	16601.6
	2114	2.29224e+06	16600.7
	2115	2.292e+06	16599.7
	2116	2.29176e+06	16598.7
	2117	2.29152e+06	16597.7
	2118	2.29129e+06	16596.6
	2119	2.29106e+06	16595.6
	2120	2.29084e+06	16594.6
	2121	2.29062e+06	16593.6
	2122	2.2904e+06	16592.5
	2123	2.29019e+06	16591.5
	2124	2.28998e+06	16590.4
	2125	2.28977e+06	16589.4
	2126	2.28957e+06	16588.3
	2127	2.28938e+06	16587.3
	2128	2.28918e+06	16586.2
	2129	2.289e+06	16585.1
	2130	2.28881e+06	16584.1
	2131	2.28863e+06	16583
	2132	2.28846e+06	16581.9
	2133	2.28829e+06	16580.8
	2134	2.28812e+06	16579.8
	2135	2.28796e+06	16578.7
	2136	2.2878e+06	16577.6
	2137	2.28765e+06	16576.5
	2138	2.2875e+06	16575.4
	2139	2.28736e+06	16574.4
	2140	2.28722e+06	16573.3
	2141	2.28708e+06	16572.2
	2142	2.28695e+06	16571.1
	2143	2.28683e+06	16570.1
	2144	2.28671e+06	16569
	2145	2.28659e+06	16567.9
	2146	2.28648e+06	16566.9
	2147	2.28637e+06	16565.8
	2148	2.28627e+06	16564.7
	2149	2.28618e+06	16563.7
	2150	2.28608e+06	16562.6
	2151	2.286e+06	16561.6
	2152	2.28591e+06	16560.5
	2153	2.28584e+06	16559.5
	2154	2.28576e+06	16558.5
	2155	2.28569e+06	16557.4
	2156	2.28563e+06	16556.4
	2157	2.28557e+06	16555.4
	2158	2.28552e+06	16554.4
	2159	2.28547e+06	16553.4
	2160	2.28542e+06	16552.4
	2161	2.28538e+06	16551.4
	2162	2.28535e+06	16550.4
	2163	2.28532e+06	16549.4
	2164	2.28529e+06	16548.4
	2165	2.28527e+06	16547.5
	2166	2.28525e+06	16546.5
	2167	2.28524e+06	16545.6
	2168	2.28523e+06	16544.7
	2169	2.28523e+06	16543.7
	2170	2.28523e+06	16542.8
	2171	2.28524e+06	16541.9
	2172	2.28525e+06	16541
	2173	2.28527e+06	16540.1
	2174	2.28529e+06	16539.3
	2175	2.28531e+06	16538.4
	2176	2.28534e+06	16537.5
	2177	2.28537e+06	16536.7
	2178	2.28541e+06	16535.9
	2179	2.28545e+06	16535
	2180	2.2855e+06	16534.2
	2181	2.28555e+06	16533.4
	2182	2.28561e+06	16532.7
	2183	2.28567e+06	16531.9
	2184	2.28573e+06	16531.1
	2185	2.2858e+06	16530.4
	2186	2.28587e+06	16529.6
	2187	2.28594e+06	16528.9
	2188	2.28602e+06	16528.2
	2189	2.28611e+06	16527.5
	2190	2.2862e+06	16526.8
	2191	2.28629e+06	16526.2
	2192	2.28638e+06	16525.5
	2193	2.28648e+06	16524.9
	2194	2.28659e+06	16524.2
	2195	2.28669e+06	16523.6
	2196	2.2868e+06	16523
	2197	2.28692e+06	16522.4
	2198	2.28703e+06	16521.9
	2199	2.28715e+06	16521.3
	2200	2.28728e+06	16520.8
	2201	2.28741e+06	16520.2
	2202	2.28754e+06	16519.7
	2203	2.28767e+06	16519.2
	2204	2.28781e+06	16518.8
	2205	2.28795e+06	16518.3
	2206	2.28809e+06	16517.8
	2207	2.28824e+06	16517.4
	2208	2.28839e+06	16517
	2209	2.28854e+06	16516.6
	2210	2.2887e+06	16516.2
	2211	2.28886e+06	16515.8
	2212	2.28902e+06	16515.5
	2213	2.28918e+06	16515.1
	2214	2.28935e+06	16514.8
	2215	2.28952e+06	16514.5
	2216	2.28969e+06	16514.2
	2217	2.28987e+06	16513.9
	2218	2.29004e+06	16513.6
	2219	2.29022e+06	16513.4
	2220	2.2904e+06	16513.1
	2221	2.29058e+06	16512.9
	2222	2.29077e+06	16512.7
	2223	2.29096e+06	16512.5
	2224	2.29115e+06	16512.4
	2225	2.29134e+06	16512.2
	2226	2.29153e+06	16512.1
	2227	2.29172e+06	16511.9
	2228	2.29192e+06	16511.8
	2229	2.29212e+06	16511.7
	2230	2.29232e+06	16511.6
	2231	2.29252e+06	16511.6
	2232	2.29272e+06	16511.5
	2233	2.29292e+06	16511.5
	2234	2.29313e+06	16511.5
	2235	2.29333e+06	16511.5
	2236	2.29354e+06	16511.5
	2237	2.29375e+06	16511.5
	2238	2.29396e+06	16511.6
	2239	2.29417e+06	16511.6
	2240	2.29438e+06	16511.7
	2241	2.29459e+06	16511.8
	2242	2.2948e+06	16511.9
	2243	2.29502e+06	16512
	2244	2.29523e+06	16512.1
	2245	2.29544e+06	16512.3
	2246	2.29566e+06	16512.4
	2247	2.29587e+06	16512.6
	2248	2.29609e+06	16512.8
	2249	2.2963e+06	16513
	2250	2.29652e+06	16513.2
	2251	2.29673e+06	16513.4
	2252	2.29695e+06	16513.7
	2253	2.29716e+06	16513.9
	2254	2.29738e+06	16514.2
	2255	2.29759e+06	16514.5
	2256	2.29781e+06	16514.8
	2257	2.29802e+06	16515.1
	2258	2.29823e+06	16515.4
	2259	2.29845e+06	16515.7
	2260	2.29866e+06	16516.1
	2261	2.29887e+06	16516.4
	2262	2.29908e+06	16516.8
	2263	2.29929e+06	16517.2
	2264	2.2995e+06	16517.6
	2265	2.29971e+06	16518
	2266	2.29992e+06	16518.4
	2267	2.30013e+06	16518.8
	2268	2.30034e+06	16519.2
	2269	2.30054e+06	16519.7
	2270	2.30074e+06	16520.1
	2271	2.30095e+06	16520.6
	2272	2.30115e+06	16521.1
	2273	2.30135e+06	16521.6
	2274	2.30155e+06	16522.1
	2275	2.30174e+06	16522.6
	2276	2.30194e+06	16523.1
	2277	2.30213e+06	16523.6
	2278	2.30233e+06	16524.1
	2279	2.30252e+06	16524.7
	2280	2.30271e+06	16525.2
	2281	2.30289e+06	16525.8
	2282	2.30308e+06	16526.4
	2283	2.30326e+06	16526.9
	2284	2.30344e+06	16527.5
	2285	2.30362e+06	16528.1
	2286	2.3038e+06	16528.7
	2287	2.30398e+06	16529.3
	2288	2.30415e+06	16529.9
	2289	2.30432e+06	16530.5
	2290	2.30449e+06	16531.1
	2291	2.30466e+06	16531.8
	2292	2.30482e+06	16532.4
	2293	2.30498e+06	16533
	2294	2.30514e+06	16533.7
	2295	2.3053e+06	16534.3
	2296	2.30546e+06	16535
	2297	2.30561e+06	16535.6
	2298	2.30576e+06	16536.3
	2299	2.30591e+06	16537
	2300	2.30605e+06	16537.6
	2301	2.30619e+06	16538.3
	2302	2.30633e+06	16539
	2303	2.30647e+06	16539.7
	2304	2.30661e+06	16540.4
	2305	2.30674e+06	16541.1
	2306	2.30687e+06	16541.7
	2307	2.30699e+06	16542.4
	2308	2.30711e+06	16543.1
	2309	2.30723e+06	16543.8
	2310	2.30735e+06	16544.5
	2311	2.30747e+06	16545.2
	2312	2.30758e+06	16545.9
	2313	2.30769e+06	16546.6
	2314	2.30779e+06	16547.3
	2315	2.30789e+06	16548
	2316	2.30799e+06	16548.7
	2317	2.30809e+06	16549.4
	2318	2.30818e+06	16550.1
	2319	2.30828e+06	16550.8
	2320	2.30836e+06	16551.5
	2321	2.30845e+06	16552.2
	2322	2.30853e+06	16552.9
	2323	2.30861e+06	16553.6
	2324	2.30868e+06	16554.3
	2325	2.30875e+06	16555
	2326	2.30882e+06	16555.7
	2327	2.30889e+06	16556.4
	2328	2.30895e+06	16557.1
	2329	2.30901e+06	16557.8
	2330	2.30907e+06	16558.5
	2331	2.30912e+06	16559.2
	2332	2.30917e+06	16559.8
	2333	2.30922e+06	16560.5
	2334	2.30926e+06	16561.2
	2335	2.3093e+06	16561.9
	2336	2.30934e+06	16562.5
	2337	2.30937e+06	16563.2
	2338	2.30941e+06	16563.8
	2339	2.30943e+06	16564.5
	2340	2.30946e+06	16565.1
	2341	2.30948e+06	16565.8
	2342	2.3095e+06	16566.4
	2343	2.30952e+06	16567
	2344	2.30953e+06	16567.7
	2345	2.30954e+06	16568.3
	2346	2.30955e+06	16568.9
	2347	2.30955e+06	16569.5
	2348	2.30955e+06	16570.1
	2349	2.30955e+06	16570.7
	2350	2.30954e+06	16571.3
	2351	2.30953e+06	16571.9
	2352	2.30952e+06	16572.5
	2353	2.30951e+06	16573
	2354	2.30949e+06	16573.6
	2355	2.30947e+06	16574.2
	2356	2.30945e+06	16574.7
	2357	2.30942e+06	16575.2
	2358	2.30939e+06	16575.8
	2359	2.30936e+06	16576.3
	2360	2.30933e+06	16576.8
	2361	2.30929e+06	16577.3
	2362	2.30925e+06	16577.8
	2363	2.30921e+06	16578.3
	2364	2.30917e+06	16578.8
	2365	2.30912e+06	16579.3
	2366	2.30907e+06	16579.8
	2367	2.30901e+06	16580.2
	2368	2.30896e+06	16580.7
	2369	2.3089e+06	16581.1
	2370	2.30884e+06	16581.6
	2371	2.30878e+06	16582
	2372	2.30871e+06	16582.4
	2373	2.30865e+06	16582.8
	2374	2.30857e+06	16583.2
	2375	2.3085e+06	16583.6
	2376	2.30843e+06	16584
	2377	2.30835e+06	16584.4
	2378	2.30827e+06	16584.7
	2379	2.30819e+06	16585.1
	2380	2.30811e+06	16585.4
	2381	2.30802e+06	16585.7
	2382	2.30793e+06	16586.1
	2383	2.30784e+06	16586.4
	2384	2.30775e+06	16586.7
	2385	2.30766e+06	16587
	2386	2.30756e+06	16587.3
	2387	2.30746e+06	16587.5
	2388	2.30736e+06	16587.8
	2389	2.30726e+06	16588.1
	2390	2.30716e+06	16588.3
	2391	2.30706e+06	16588.5
	2392	2.30695e+06	16588.8
	2393	2.30684e+06	16589
	2394	2.30673e+06	16589.2
	2395	2.30662e+06	16589.4
	2396	2.30651e+06	16589.5
	2397	2.30639e+06	16589.7
	2398	2.30628e+06	16589.9
	2399	2.30616e+06	16590
	2400	2.30604e+06	16590.2
	2401	2.30592e+06	16590.3
	2402	2.3058e+06	16590.4
	2403	2.30568e+06	16590.5
	2404	2.30556e+06	16590.6
	2405	2.30543e+06	16590.7
	2406	2.30531e+06	16590.8
	2407	2.30518e+06	16590.9
	2408	2.30505e+06	16590.9
	2409	2.30492e+06	16591
	2410	2.30479e+06	16591
	2411	2.30466e+06	16591.1
	2412	2.30453e+06	16591.1
	2413	2.3044e+06	16591.1
	2414	2.30427e+06	16591.1
	2415	2.30413e+06	16591.1
	2416	2.304e+06	16591.1
	2417	2.30387e+06	16591
	2418	2.30373e+06	16591
	2419	2.3036e+06	16591
	2420	2.30346e+06	16590.9
	2421	2.30332e+06	16590.8
	2422	2.30319e+06	16590.8
	2423	2.30305e+06	16590.7
	2424	2.30291e+06	16590.6
	2425	2.30277e+06	16590.5
	2426	2.30264e+06	16590.4
	2427	2.3025e+06	16590.2
	2428	2.30236e+06	16590.1
	2429	2.30222e+06	16590
	2430	2.30209e+06	16589.8
	2431	2.30195e+06	16589.7
	2432	2.30181e+06	16589.5
	2433	2.30167e+06	16589.3
	2434	2.30153e+06	16589.1
	2435	2.3014e+06	16589
	2436	2.30126e+06	16588.8
	2437	2.30112e+06	16588.6
	2438	2.30099e+06	16588.3
	2439	2.30085e+06	16588.1
	2440	2.30071e+06	16587.9
	2441	2.30058e+06	16587.7
	2442	2.30044e+06	16587.4
	2443	2.30031e+06	16587.2
	2444	2.30018e+06	16586.9
	2445	2.30004e+06	16586.6
	2446	2.29991e+06	16586.4
	2447	2.29978e+06	16586.1
	2448	2.29965e+06	16585.8
	2449	2.29952e+06	16585.5
	2450	2.29939e+06	16585.2
	2451	2.29926e+06	16584.9
	2452	2.29913e+06	16584.6
	2453	2.299e+06	16584.3
	2454	2.29888e+06	16583.9
	2455	2.29875e+06	16583.6
	2456	2.29863e+06	16583.3
	2457	2.2985e+06	16582.9
	2458	2.29838e+06	16582.6
	2459	2.29826e+06	16582.2
	2460	2.29814e+06	16581.9
	2461	2.29802e+06	16581.5
	2462	2.2979e+06	16581.1
	2463	2.29779e+06	16580.8
	2464	2.29767e+06	16580.4
	2465	2.29756e+06	16580
	2466	2.29745e+06	16579.6
	2467	2.29734e+06	16579.2
	2468	2.29723e+06	16578.8
	2469	2.29712e+06	16578.4
	2470	2.29701e+06	16578
	2471	2.29691e+06	16577.6
	2472	2.2968e+06	16577.2
	2473	2.2967e+06	16576.8
	2474	2.2966e+06	16576.4
	2475	2.2965e+06	16576
	2476	2.2964e+06	16575.5
	2477	2.29631e+06	16575.1
	2478	2.29621e+06	16574.7
	2479	2.29612e+06	16574.3
	2480	2.29603e+06	16573.8
	2481	2.29594e+06	16573.4
	2482	2.29585e+06	16573
	2483	2.29576e+06	16572.5
	2484	2.29568e+06	16572.1
	2485	2.2956e+06	16571.6
	2486	2.29551e+06	16571.2
	2487	2.29544e+06	16570.7
	2488	2.29536e+06	16570.3
	2489	2.29528e+06	16569.8
	2490	2.29521e+06	16569.4
	2491	2.29514e+06	16568.9
	2492	2.29507e+06	16568.5
	2493	2.295e+06	16568
	2494	2.29493e+06	16567.6
	2495	2.29487e+06	16567.1
	2496	2.29481e+06	16566.7
	2497	2.29474e+06	16566.2
	2498	2.29469e+06	16565.8
	2499	2.29463e+06	16565.3
	2500	2.29457e+06	16564.9
	2501	2.29452e+06	16564.4
	2502	2.29447e+06	16564
	2503	2.29442e+06	16563.5
	2504	2.29438e+06	16563.1
	2505	2.29433e+06	16562.7
	2506	2.29429e+06	16562.2
	2507	2.29425e+06	16561.8
	2508	2.29421e+06	16561.3
	2509	2.29417e+06	16560.9
	2510	2.29414e+06	16560.5
	2511	2.2941e+06	16560
	2512	2.29407e+06	16559.6
	2513	2.29404e+06	16559.2
	2514	2.29402e+06	16558.7
	2515	2.29399e+06	16558.3
	2516	2.29397e+06	16557.9
	2517	2.29395e+06	16557.5
	2518	2.29393e+06	16557
	2519	2.29391e+06	16556.6
	2520	2.2939e+06	16556.2
	2521	2.29388e+06	16555.8
	2522	2.29387e+06	16555.4
	2523	2.29386e+06	16555
	2524	2.29386e+06	16554.6
	2525	2.29385e+06	16554.2
	2526	2.29385e+06	16553.8
	2527	2.29385e+06	16553.4
	2528	2.29385e+06	16553
	2529	2.29385e+06	16552.7
	2530	2.29385e+06	16552.3
	2531	2.29386e+06	16551.9
	2532	2.29387e+06	16551.5
	2533	2.29388e+06	16551.2
	2534	2.29389e+06	16550.8
	2535	2.2939e+06	16550.5
	2536	2.29392e+06	16550.1
	2537	2.29394e+06	16549.8
	2538	2.29396e+06	16549.4
	2539	2.29398e+06	16549.1
	2540	2.294e+06	16548.8
	2541	2.29402e+06	16548.5
	2542	2.29405e+06	16548.1
	2543	2.29408e+06	16547.8
	2544	2.29411e+06	16547.5
	2545	2.29414e+06	16547.2
	2546	2.29417e+06	16546.9
	2547	2.29421e+06	16546.6
	2548	2.29424e+06	16546.3
	2549	2.29428e+06	16546
	2550	2.29432e+06	16545.8
	2551	2.29436e+06	16545.5
	2552	2.29441e+06	16545.2
	2553	2.29445e+06	16545
	2554	2.2945e+06	16544.7
	2555	2.29454e+06	16544.5
	2556	2.29459e+06	16544.2
	2557	2.29464e+06	16544
	2558	2.29469e+06	16543.8
	2559	2.29475e+06	16543.6
	2560	2.2948e+06	16543.3
	2561	2.29486e+06	16543.1
	2562	2.29491e+06	16542.9
	2563	2.29497e+06	16542.7
	2564	2.29503e+06	16542.5
	2565	2.29509e+06	16542.4
	2566	2.29516e+06	16542.2
	2567	2.29522e+06	16542
	2568	2.29529e+06	16541.9
	2569	2.29535e+06	16541.7
	2570	2.29542e+06	16541.5
	2571	2.29549e+06	16541.4
	2572	2.29556e+06	16541.3
	2573	2.29563e+06	16541.1
	2574	2.2957e+06	16541
	2575	2.29577e+06	16540.9
	2576	2.29584e+06	16540.8
	2577	2.29592e+06	16540.7
	2578	2.29599e+06	16540.6
	2579	2.29607e+06	16540.5
	2580	2.29615e+06	16540.4
	2581	2.29622e+06	16540.3
	2582	2.2963e+06	16540.2
	2583	2.29638e+06	16540.2
	2584	2.29646e+06	16540.1
	2585	2.29654e+06	16540.1
	2586	2.29662e+06	16540
	2587	2.29671e+06	16540
	2588	2.29679e+06	16539.9
	2589	2.29687e+06	16539.9
	2590	2.29696e+06	16539.9
	2591	2.29704e+06	16539.9
	2592	2.29713e+06	16539.9
	2593	2.29721e+06	16539.9
	2594	2.2973e+06	16539.9
	2595	2.29738e+06	16539.9
	2596	2.29747e+06	16539.9
	2597	2.29756e+06	16539.9
	2598	2.29765e+06	16539.9
	2599	2.29773e+06	16540
	2600	2.29782e+06	16540
	2601	2.29791e+06	16540.1
	2602	2.298e+06	16540.1
	2603	2.29809e+06	16540.2
	2604	2.29818e+06	16540.2
	2605	2.29827e+06	16540.3
	2606	2.29835e+06	16540.4
	2607	2.29844e+06	16540.5
	2608	2.29853e+06	16540.6
	2609	2.29862e+06	16540.6
	2610	2.29871e+06	16540.7
	2611	2.2988e+06	16540.8
	2612	2.29889e+06	16541
	2613	2.29898e+06	16541.1
	2614	2.29907e+06	16541.2
	2615	2.29916e+06	16541.3
	2616	2.29925e+06	16541.5
	2617	2.29934e+06	16541.6
	2618	2.29942e+06	16541.7
	2619	2.29951e+06	16541.9
	2620	2.2996e+06	16542
	2621	2.29969e+06	16542.2
	2622	2.29978e+06	16542.3
	2623	2.29986e+06	16542.5
	2624	2.29995e+06	16542.7
	2625	2.30003e+06	16542.9
	2626	2.30012e+06	16543
	2627	2.30021e+06	16543.2
	2628	2.30029e+06	16543.4
	2629	2.30037e+06	16543.6
	2630	2.30046e+06	16543.8
	2631	2.30054e+06	16544
	2632	2.30062e+06	16544.2
	2633	2.30071e+06	16544.4
	2634	2.30079e+06	16544.6
	2635	2.30087e+06	16544.8
	2636	2.30095e+06	16545.1
	2637	2.30103e+06	16545.3
	2638	2.30111e+06	16545.5
	2639	2.30118e+06	16545.8
	2640	2.30126e+06	16546
	2641	2.30134e+06	16546.2
	2642	2.30141e+06	16546.5
	2643	2.30149e+06	16546.7
	2644	2.30156e+06	16547
	2645	2.30164e+06	16547.2
	2646	2.30171e+06	16547.5
	2647	2.30178e+06	16547.7
	2648	2.30185e+06	16548
	2649	2.30192e+06	16548.2
	2650	2.30199e+06	16548.5
	2651	2.30206e+06	16548.8
	2652	2.30212e+06	16549
	2653	2.30219e+06	16549.3
	2654	2.30225e+06	16549.6
	2655	2.30232e+06	16549.8
	2656	2.30238e+06	16550.1
	2657	2.30244e+06	16550.4
	2658	2.3025e+06	16550.7
	2659	2.30256e+06	16550.9
	2660	2.30262e+06	16551.2
	2661	2.30268e+06	16551.5
	2662	2.30273e+06	16551.8
	2663	2.30279e+06	16552.1
	2664	2.30284e+06	16552.4
	2665	2.30289e+06	16552.7
	2666	2.30295e+06	16552.9
	2667	2.303e+06	16553.2
	2668	2.30304e+06	16553.5
	2669	2.30309e+06	16553.8
	2670	2.30314e+06	16554.1
	2671	2.30319e+06	16554.4
	2672	2.30323e+06	16554.7
	2673	2.30327e+06	16555
	2674	2.30331e+06	16555.3
	2675	2.30335e+06	16555.6
	2676	2.30339e+06	16555.9
	2677	2.30343e+06	16556.1
	2678	2.30347e+06	16556.4
	2679	2.3035e+06	16556.7
	2680	2.30354e+06	16557
	2681	2.30357e+06	16557.3
	2682	2.3036e+06	16557.6
	2683	2.30363e+06	16557.9
	2684	2.30366e+06	16558.2
	2685	2.30369e+06	16558.5
	2686	2.30372e+06	16558.8
	2687	2.30374e+06	16559
	2688	2.30377e+06	16559.3
	2689	2.30379e+06	16559.6
	2690	2.30381e+06	16559.9
	2691	2.30383e+06	16560.2
	2692	2.30385e+06	16560.5
	2693	2.30387e+06	16560.7
	2694	2.30388e+06	16561
	2695	2.3039e+06	16561.3
	2696	2.30391e+06	16561.6
	2697	2.30392e+06	16561.8
	2698	2.30394e+06	16562.1
	2699	2.30394e+06	16562.4
	2700	2.30395e+06	16562.6
	2701	2.30396e+06	16562.9
	2702	2.30397e+06	16563.2
	2703	2.30397e+06	16563.4
	2704	2.30397e+06	16563.7
	2705	2.30398e+06	16563.9
	2706	2.30398e+06	16564.2
	2707	2.30398e+06	16564.4
	2708	2.30397e+06	16564.7
	2709	2.30397e+06	16564.9
	2710	2.30397e+06	16565.2
	2711	2.30396e+06	16565.4
	2712	2.30396e+06	16565.6
	2713	2.30395e+06	16565.9
	2714	2.30394e+06	16566.1
	2715	2.30393e+06	16566.3
	2716	2.30392e+06	16566.5
	2717	2.3039e+06	16566.8
	2718	2.30389e+06	16567
	2719	2.30388e+06	16567.2
	2720	2.30386e+06	16567.4
	2721	2.30384e+06	16567.6
	2722	2.30383e+06	16567.8
	2723	2.30381e+06	16568
	2724	2.30379e+06	16568.2
	2725	2.30376e+06	16568.4
	2726	2.30374e+06	16568.6
	2727	2.30372e+06	16568.8
	2728	2.30369e+06	16569
	2729	2.30367e+06	16569.1
	2730	2.30364e+06	16569.3
	2731	2.30361e+06	16569.5
	2732	2.30358e+06	16569.6
	2733	2.30355e+06	16569.8
	2734	2.30352e+06	16570
	2735	2.30349e+06	16570.1
	2736	2.30346e+06	16570.3
	2737	2.30343e+06	16570.4
	2738	2.30339e+06	16570.6
	2739	2.30336e+06	16570.7
	2740	2.30332e+06	16570.8
	2741	2.30328e+06	16571
	2742	2.30324e+06	16571.1
	2743	2.30321e+06	16571.2
	2744	2.30317e+06	16571.3
	2745	2.30313e+06	16571.5
	2746	2.30309e+06	16571.6
	2747	2.30304e+06	16571.7
	2748	2.303e+06	16571.8
	2749	2.30296e+06	16571.9
	2750	2.30291e+06	16572
	2751	2.30287e+06	16572.1
	2752	2.30282e+06	16572.1
	2753	2.30278e+06	16572.2
	2754	2.30273e+06	16572.3
	2755	2.30268e+06	16572.4
	2756	2.30264e+06	16572.4
	2757	2.30259e+06	16572.5
	2758	2.30254e+06	16572.6
	2759	2.30249e+06	16572.6
	2760	2.30244e+06	16572.7
	2761	2.30239e+06	16572.7
	2762	2.30234e+06	16572.8
	2763	2.30228e+06	16572.8
	2764	2.30223e+06	16572.8
	2765	2.30218e+06	16572.9
	2766	2.30213e+06	16572.9
	2767	2.30207e+06	16572.9
	2768	2.30202e+06	16572.9
	2769	2.30197e+06	16573
	2770	2.30191e+06	16573
	2771	2.30186e+06	16573
	2772	2.3018e+06	16573
	2773	2.30175e+06	16573
	2774	2.30169e+06	16573
	2775	2.30163e+06	16573
	2776	2.30158e+06	16572.9
	2777	2.30152e+06	16572.9
	2778	2.30146e+06	16572.9
	2779	2.30141e+06	16572.9
	2780	2.30135e+06	16572.8
	2781	2.30129e+06	16572.8
	2782	2.30124e+06	16572.8
	2783	2.30118e+06	16572.7
	2784	2.30112e+06	16572.7
	2785	2.30106e+06	16572.6
	2786	2.30101e+06	16572.6
	2787	2.30095e+06	16572.5
	2788	2.30089e+06	16572.5
	2789	2.30083e+06	16572.4
	2790	2.30078e+06	16572.3
	2791	2.30072e+06	16572.3
	2792	2.30066e+06	16572.2
	2793	2.3006e+06	16572.1
	2794	2.30055e+06	16572
	2795	2.30049e+06	16572
	2796	2.30043e+06	16571.9
	2797	2.30038e+06	16571.8
	2798	2.30032e+06	16571.7
	2799	2.30026e+06	16571.6
	2800	2.30021e+06	16571.5
	2801	2.30015e+06	16571.4
	2802	2.30009e+06	16571.3
	2803	2.30004e+06	16571.2
	2804	2.29998e+06	16571
	2805	2.29993e+06	16570.9
	2806	2.29987e+06	16570.8
	2807	2.29982e+06	16570.7
	2808	2.29976e+06	16570.6
	2809	2.29971e+06	16570.4
	2810	2.29966e+06	16570.3
	2811	2.2996e+06	16570.2
	2812	2.29955e+06	16570
	2813	2.2995e+06	16569.9
	2814	2.29945e+06	16569.8
	2815	2.29939e+06	16569.6
	2816	2.29934e+06	16569.5
	2817	2.29929e+06	16569.3
	2818	2.29924e+06	16569.2
	2819	2.29919e+06	16569
	2820	2.29914e+06	16568.9
	2821	2.2991e+06	16568.7
	2822	2.29905e+06	16568.6
	2823	2.299e+06	16568.4
	2824	2.29895e+06	16568.3
	2825	2.29891e+06	16568.1
	2826	2.29886e+06	16567.9
	2827	2.29881e+06	16567.8
	2828	2.29877e+06	16567.6
	2829	2.29873e+06	16567.4
	2830	2.29868e+06	16567.3
	2831	2.29864e+06	16567.1
	2832	2.2986e+06	16566.9
	2833	2.29855e+06	16566.7
	2834	2.29851e+06	16566.6
	2835	2.29847e+06	16566.4
	2836	2.29843e+06	16566.2
	2837	2.29839e+06	16566
	2838	2.29836e+06	16565.8
	2839	2.29832e+06	16565.7
	2840	2.29828e+06	16565.5
	2841	2.29825e+06	16565.3
	2842	2.29821e+06	16565.1
	2843	2.29818e+06	16564.9
	2844	2.29814e+06	16564.7
	2845	2.29811e+06	16564.6
	2846	2.29808e+06	16564.4
	2847	2.29804e+06	16564.2
	2848	2.29801e+06	16564
	2849	2.29798e+06	16563.8
	2850	2.29795e+06	16563.6
	2851	2.29792e+06	16563.4
	2852	2.2979e+06	16563.2
	2853	2.29787e+06	16563.1
	2854	2.29784e+06	16562.9
	2855	2.29782e+06	16562.7
	2856	2.29779e+06	16562.5
	2857	2.29777e+06	16562.3
	2858	2.29775e+06	16562.1
	2859	2.29772e+06	16561.9
	2860	2.2977e+06	16561.7
	2861	2.29768e+06	16561.6
	2862	2.29766e+06	16561.4
	2863	2.29764e+06	16561.2
	2864	2.29763e+06	16561
	2865	2.29761e+06	16560.8
	2866	2.29759e+06	16560.6
	2867	2.29758e+06	16560.4
	2868	2.29756e+06	16560.3
	2869	2.29755e+06	16560.1
	2870	2.29753e+06	16559.9
	2871	2.29752e+06	16559.7
	2872	2.29751e+06	16559.5
	2873	2.2975e+06	16559.4
	2874	2.29749e+06	16559.2
	2875	2.29748e+06	16559
	2876	2.29747e+06	16558.8
	2877	2.29747e+06	16558.7
	2878	2.29746e+06	16558.5
	2879	2.29745e+06	16558.3
	2880	2.29745e+06	16558.2
	2881	2.29744e+06	16558
	2882	2.29744e+06	16557.8
	2883	2.29744e+06	16557.7
	2884	2.29744e+06	16557.5
	2885	2.29744e+06	16557.3
	2886	2.29744e+06	16557.2
	2887	2.29744e+06	16557
	2888	2.29744e+06	16556.9
	2889	2.29744e+06	16556.7
	2890	2.29745e+06	16556.5
	2891	2.29745e+06	16556.4
	2892	2.29745e+06	16556.2
	2893	2.29746e+06	16556.1
	2894	2.29747e+06	16555.9
	2895	2.29747e+06	16555.8
	2896	2.29748e+06	16555.7
	2897	2.29749e+06	16555.5
	2898	2.2975e+06	16555.4
	2899	2.29751e+06	16555.2
	2900	2.29752e+06	16555.1
	2901	2.29753e+06	16555
	2902	2.29754e+06	16554.9
	2903	2.29756e+06	16554.7
	2904	2.29757e+06	16554.6
	2905	2.29758e+06	16554.5
	2906	2.2976e+06	16554.4
	2907	2.29762e+06	16554.2
	2908	2.29763e+06	16554.1
	2909	2.29765e+06	16554
	2910	2.29767e+06	16553.9
	2911	2.29768e+06	16553.8
	2912	2.2977e+06	16553.7
	2913	2.29772e+06	16553.6
	2914	2.29774e+06	16553.5
	2915	2.29776e+06	16553.4
	2916	2.29779e+06	16553.3
	2917	2.29781e+06	16553.2
	2918	2.29783e+06	16553.1
	2919	2.29785e+06	16553
	2920	2.29788e+06	16552.9
	2921	2.2979e+06	16552.8
	2922	2.29793e+06	16552.8
	2923	2.29795e+06	16552.7
	2924	2.29798e+06	16552.6
	2925	2.298e+06	16552.5
	2926	2.29803e+06	16552.5
	2927	2.29806e+06	16552.4
	2928	2.29809e+06	16552.3
	2929	2.29811e+06	16552.3
	2930	2.29814e+06	16552.2
	2931	2.29817e+06	16552.2
	2932	2.2982e+06	16552.1
	2933	2.29823e+06	16552.1
	2934	2.29826e+06	16552
	2935	2.29829e+06	16552
	2936	2.29832e+06	16551.9
	2937	2.29836e+06	16551.9
	2938	2.29839e+06	16551.9
	2939	2.29842e+06	16551.8
	2940	2.29845e+06	16551.8
	2941	2.29849e+06	16551.8
	2942	2.29852e+06	16551.7
	2943	2.29855e+06	16551.7
	2944	2.29859e+06	16551.7
	2945	2.29862e+06	16551.7
	2946	2.29865e+06	16551.7
	2947	2.29869e+06	16551.6
	2948	2.29872e+06	16551.6
	2949	2.29876e+06	16551.6
	2950	2.29879e+06	16551.6
	2951	2.29883e+06	16551.6
	2952	2.29887e+06	16551.6
	2953	2.2989e+06	16551.6
	2954	2.29894e+06	16551.6
	2955	2.29897e+06	16551.6
	2956	2.29901e+06	16551.7
	2957	2.29905e+06	16551.7
	2958	2.29908e+06	16551.7
	2959	2.29912e+06	16551.7
	2960	2.29916e+06	16551.7
	2961	2.29919e+06	16551.7
	2962	2.29923e+06	16551.8
	2963	2.29927e+06	16551.8
	2964	2.29931e+06	16551.8
	2965	2.29934e+06	16551.9
	2966	2.29938e+06	16551.9
	2967	2.29942e+06	16551.9
	2968	2.29945e+06	16552
	2969	2.29949e+06	16552
	2970	2.29953e+06	16552.1
	2971	2.29957e+06	16552.1
	2972	2.2996e+06	16552.2
	2973	2.29964e+06	16552.2
	2974	2.29968e+06	16552.3
	2975	2.29971e+06	16552.3
	2976	2.29975e+06	16552.4
	2977	2.29979e+06	16552.4
	2978	2.29982e+06	16552.5
	2979	2.29986e+06	16552.6
	2980	2.2999e+06	16552.6
	2981	2.29993e+06	16552.7
	2982	2.29997e+06	16552.8
	2983	2.30001e+06	16552.9
	2984	2.30004e+06	16552.9
	2985	2.30008e+06	16553
	2986	2.30011e+06	16553.1
	2987	2.30015e+06	16553.2
	2988	2.30018e+06	16553.2
	2989	2.30022e+06	16553.3
	2990	2.30025e+06	16553.4
	2991	2.30029e+06	16553.5
	2992	2.30032e+06	16553.6
	2993	2.30035e+06	16553.7
	2994	2.30039e+06	16553.8
	2995	2.30042e+06	16553.9
	2996	2.30045e+06	16554
	2997	2.30048e+06	16554.1
	2998	2.30052e+06	16554.1
	2999	2.30055e+06	16554.2
	3000	2.30058e+06	16554.3
	3001	2.30061e+06	16554.4
	3002	2.30064e+06	16554.6
	3003	2.30067e+06	16554.7
	3004	2.3007e+06	16554.8
	3005	2.30073e+06	16554.9
	3006	2.30076e+06	16555
	3007	2.30079e+06	16555.1
	3008	2.30082e+06	16555.2
	3009	2.30085e+06	16555.3
	3010	2.30088e+06	16555.4
	3011	2.3009e+06	16555.5
	3012	2.30093e+06	16555.6
	3013	2.30096e+06	16555.7
	3014	2.30098e+06	16555.9
	3015	2.30101e+06	16556
	3016	2.30103e+06	16556.1
	3017	2.30106e+06	16556.2
	3018	2.30108e+06	16556.3
	3019	2.30111e+06	16556.4
	3020	2.30113e+06	16556.6
	3021	2.30115e+06	16556.7
	3022	2.30118e+06	16556.8
	3023	2.3012e+06	16556.9
	3024	2.30122e+06	16557
	3025	2.30124e+06	16557.2
	3026	2.30126e+06	16557.3
	3027	2.30128e+06	16557.4
	3028	2.3013e+06	16557.5
	3029	2.30132e+06	16557.6
	3030	2.30134e+06	16557.8
	3031	2.30136e+06	16557.9
	3032	2.30138e+06	16558
	3033	2.30139e+06	16558.1
	3034	2.30141e+06	16558.3
	3035	2.30142e+06	16558.4
	3036	2.30144e+06	16558.5
	3037	2.30146e+06	16558.6
	3038	2.30147e+06	16558.7
	3039	2.30148e+06	16558.9
	3040	2.3015e+06	16559
	3041	2.30151e+06	16559.1
	3042	2.30152e+06	16559.2
	3043	2.30153e+06	16559.3
	3044	2.30155e+06	16559.5
	3045	2.30156e+06	16559.6
	3046	2.30157e+06	16559.7
	3047	2.30158e+06	16559.8
	3048	2.30158e+06	16559.9
	3049	2.30159e+06	16560
	3050	2.3016e+06	16560.2
	3051	2.30161e+06	16560.3
	3052	2.30162e+06	16560.4
	3053	2.30162e+06	16560.5
	3054	2.30163e+06	16560.6
	3055	2.30163e+06	16560.7
	3056	2.30164e+06	16560.8
	3057	2.30164e+06	16561
	3058	2.30165e+06	16561.1
	3059	2.30165e+06	16561.2
	3060	2.30165e+06	16561.3
	3061	2.30165e+06	16561.4
	3062	2.30166e+06	16561.5
	3063	2.30166e+06	16561.6
	3064	2.30166e+06	16561.7
	3065	2.30166e+06	16561.8
	3066	2.30166e+06	16561.9
	3067	2.30166e+06	16562
	3068	2.30165e+06	16562.1
	3069	2.30165e+06	16562.2
	3070	2.30165e+06	16562.3
	3071	2.30165e+06	16562.4
	3072	2.30164e+06	16562.5
	3073	2.30164e+06	16562.6
	3074	2.30163e+06	16562.7
	3075	2.30163e+06	16562.8
	3076	2.30162e+06	16562.9
	3077	2.30162e+06	16563
	3078	2.30161e+06	16563.1
	3079	2.3016e+06	16563.2
	3080	2.3016e+06	16563.2
	3081	2.30159e+06	16563.3
	3082	2.30158e+06	16563.4
	3083	2.30157e+06	16563.5
	3084	2.30156e+06	16563.6
	3085	2.30155e+06	16563.6
	3086	2.30154e+06	16563.7
	3087	2.30153e+06	16563.8
	3088	2.30152e+06	16563.9
	3089	2.30151e+06	16563.9
	3090	2.3015e+06	16564
	3091	2.30149e+06	16564.1
	3092	2.30147e+06	16564.1
	3093	2.30146e+06	16564.2
	3094	2.30145e+06	16564.3
	3095	2.30143e+06	16564.3
	3096	2.30142e+06	16564.4
	3097	2.3014e+06	16564.5
	3098	2.30139e+06	16564.5
	3099	2.30137e+06	16564.6
	3100	2.30136e+06	16564.6
	3101	2.30134e+06	16564.7
	3102	2.30133e+06	16564.7
	3103	2.30131e+06	16564.8
	3104	2.30129e+06	16564.8
	3105	2.30127e+06	16564.9
	3106	2.30126e+06	16564.9
	3107	2.30124e+06	16564.9
	3108	2.30122e+06	16565
	3109	2.3012e+06	16565
	3110	2.30118e+06	16565.1
	3111	2.30116e+06	16565.1
	3112	2.30114e+06	16565.1
	3113	2.30113e+06	16565.2
	3114	2.30111e+06	16565.2
	3115	2.30109e+06	16565.2
	3116	2.30106e+06	16565.2
	3117	2.30104e+06	16565.3
	3118	2.30102e+06	16565.3
	3119	2.301e+06	16565.3
	3120	2.30098e+06	16565.3
	3121	2.30096e+06	16565.3
	3122	2.30094e+06	16565.4
	3123	2.30092e+06	16565.4
	3124	2.30089e+06	16565.4
	3125	2.30087e+06	16565.4
	3126	2.30085e+06	16565.4
	3127	2.30083e+06	16565.4
	3128	2.3008e+06	16565.4
	3129	2.30078e+06	16565.4
	3130	2.30076e+06	16565.4
	3131	2.30074e+06	16565.4
	3132	2.30071e+06	16565.4
	3133	2.30069e+06	16565.4
	3134	2.30067e+06	16565.4
	3135	2.30064e+06	16565.4
	3136	2.30062e+06	16565.4
	3137	2.3006e+06	16565.4
	3138	2.30057e+06	16565.4
	3139	2.30055e+06	16565.4
	3140	2.30052e+06	16565.3
	3141	2.3005e+06	16565.3
	3142	2.30048e+06	16565.3
	3143	2.30045e+06	16565.3
	3144	2.30043e+06	16565.3
	3145	2.3004e+06	16565.2
	3146	2.30038e+06	16565.2
	3147	2.30036e+06	16565.2
	3148	2.30033e+06	16565.2
	3149	2.30031e+06	16565.1
	3150	2.30028e+06	16565.1
	3151	2.30026e+06	16565.1
	3152	2.30024e+06	16565
	3153	2.30021e+06	16565
	3154	2.30019e+06	16565
	3155	2.30017e+06	16564.9
	3156	2.30014e+06	16564.9
	3157	2.30012e+06	16564.8
	3158	2.30009e+06	16564.8
	3159	2.30007e+06	16564.8
	3160	2.30005e+06	16564.7
	3161	2.30002e+06	16564.7
	3162	2.3e+06	16564.6
	3163	2.29998e+06	16564.6
	3164	2.29996e+06	16564.5
	3165	2.29993e+06	16564.5
	3166	2.29991e+06	16564.4
	3167	2.29989e+06	16564.4
	3168	2.29986e+06	16564.3
	3169	2.29984e+06	16564.3
	3170	2.29982e+06	16564.2
	3171	2.2998e+06	16564.2
	3172	2.29978e+06	16564.1
	3173	2.29976e+06	16564
	3174	2.29973e+06	16564
	3175	2.29971e+06	16563.9
	3176	2.29969e+06	16563.9
	3177	2.29967e+06	16563.8
	3178	2.29965e+06	16563.7
	3179	2.29963e+06	16563.7
	3180	2.29961e+06	16563.6
	3181	2.29959e+06	16563.5
	3182	2.29957e+06	16563.5
	3183	2.29955e+06	16563.4
	3184	2.29953e+06	16563.3
	3185	2.29951e+06	16563.3
	3186	2.29949e+06	16563.2
	3187	2.29948e+06	16563.1
	3188	2.29946e+06	16563.1
	3189	2.29944e+06	16563
	3190	2.29942e+06	16562.9
	3191	2.2994e+06	16562.8
	3192	2.29939e+06	16562.8
	3193	2.29937e+06	16562.7
	3194	2.29935e+06	16562.6
	3195	2.29934e+06	16562.5
	3196	2.29932e+06	16562.5
	3197	2.29931e+06	16562.4
	3198	2.29929e+06	16562.3
	3199	2.29927e+06	16562.2
	3200	2.29926e+06	16562.2
	3201	2.29925e+06	16562.1
	3202	2.29923e+06	16562
	3203	2.29922e+06	16561.9
	3204	2.2992e+06	16561.9
	3205	2.29919e+06	16561.8
	3206	2.29918e+06	16561.7
	3207	2.29916e+06	16561.6
	3208	2.29915e+06	16561.5
	3209	2.29914e+06	16561.5
	3210	2.29913e+06	16561.4
	3211	2.29912e+06	16561.3
	3212	2.29911e+06	16561.2
	3213	2.29909e+06	16561.2
	3214	2.29908e+06	16561.1
	3215	2.29907e+06	16561
	3216	2.29906e+06	16560.9
	3217	2.29906e+06	16560.8
	3218	2.29905e+06	16560.8
	3219	2.29904e+06	16560.7
	3220	2.29903e+06	16560.6
	3221	2.29902e+06	16560.5
	3222	2.29901e+06	16560.4
	3223	2.29901e+06	16560.4
	3224	2.299e+06	16560.3
	3225	2.29899e+06	16560.2
	3226	2.29899e+06	16560.1
	3227	2.29898e+06	16560.1
	3228	2.29898e+06	16560
	3229	2.29897e+06	16559.9
	3230	2.29897e+06	16559.8
	3231	2.29896e+06	16559.8
	3232	2.29896e+06	16559.7
	3233	2.29895e+06	16559.6
	3234	2.29895e+06	16559.5
	3235	2.29895e+06	16559.5
	3236	2.29894e+06	16559.4
	3237	2.29894e+06	16559.3
	3238	2.29894e+06	16559.3
	3239	2.29894e+06	16559.2
	3240	2.29894e+06	16559.1
	3241	2.29893e+06	16559.1
	3242	2.29893e+06	16559
	3243	2.29893e+06	16558.9
	3244	2.29893e+06	16558.8
	3245	2.29893e+06	16558.8
	3246	2.29893e+06	16558.7
	3247	2.29893e+06	16558.7
	3248	2.29894e+06	16558.6
	3249	2.29894e+06	16558.5
	3250	2.29894e+06	16558.5
	3251	2.29894e+06	16558.4
	3252	2.29894e+06	16558.3
	3253	2.29895e+06	16558.3
	3254	2.29895e+06	16558.2
	3255	2.29895e+06	16558.2
	3256	2.29896e+06	16558.1
	3257	2.29896e+06	16558
	3258	2.29897e+06	16558
	3259	2.29897e+06	16557.9
	3260	2.29898e+06	16557.9
	3261	2.29898e+06	16557.8
	3262	2.29899e+06	16557.8
	3263	2.29899e+06	16557.7
	3264	2.299e+06	16557.7
	3265	2.29901e+06	16557.6
	3266	2.29901e+06	16557.6
	3267	2.29902e+06	16557.5
	3268	2.29903e+06	16557.5
	3269	2.29903e+06	16557.4
	3270	2.29904e+06	16557.4
	3271	2.29905e+06	16557.3
	3272	2.29906e+06	16557.3
	3273	2.29907e+06	16557.3
	3274	2.29908e+06	16557.2
	3275	2.29909e+06	16557.2
	3276	2.29909e+06	16557.1
	3277	2.2991e+06	16557.1
	3278	2.29911e+06	16557.1
	3279	2.29912e+06	16557
	3280	2.29913e+06	16557
	3281	2.29914e+06	16557
	3282	2.29916e+06	16556.9
	3283	2.29917e+06	16556.9
	3284	2.29918e+06	16556.9
	3285	2.29919e+06	16556.9
	3286	2.2992e+06	16556.8
	3287	2.29921e+06	16556.8
	3288	2.29922e+06	16556.8
	3289	2.29924e+06	16556.8
	3290	2.29925e+06	16556.7
	3291	2.29926e+06	16556.7
	3292	2.29927e+06	16556.7
	3293	2.29929e+06	16556.7
	3294	2.2993e+06	16556.7
	3295	2.29931e+06	16556.6
	3296	2.29933e+06	16556.6
	3297	2.29934e+06	16556.6
	3298	2.29935e+06	16556.6
	3299	2.29937e+06	16556.6
	3300	2.29938e+06	16556.6
	3301	2.29939e+06	16556.6
	3302	2.29941e+06	16556.5
	3303	2.29942e+06	16556.5
	3304	2.29944e+06	16556.5
	3305	2.29945e+06	16556.5
	3306	2.29947e+06	16556.5
	3307	2.29948e+06	16556.5
	3308	2.29949e+06	16556.5
	3309	2.29951e+06	16556.5
	3310	2.29952e+06	16556.5
	3311	2.29954e+06	16556.5
	3312	2.29955e+06	16556.5
	3313	2.29957e+06	16556.5
	3314	2.29958e+06	16556.5
	3315	2.2996e+06	16556.5
	3316	2.29962e+06	16556.5
	3317	2.29963e+06	16556.5
	3318	2.29965e+06	16556.6
	3319	2.29966e+06	16556.6
	3320	2.29968e+06	16556.6
	3321	2.29969e+06	16556.6
	3322	2.29971e+06	16556.6
	3323	2.29972e+06	16556.6
	3324	2.29974e+06	16556.6
	3325	2.29975e+06	16556.6
	3326	2.29977e+06	16556.7
	3327	2.29978e+06	16556.7
	3328	2.2998e+06	16556.7
	3329	2.29982e+06	16556.7
	3330	2.29983e+06	16556.7
	3331	2.29985e+06	16556.8
	3332	2.29986e+06	16556.8
	3333	2.29988e+06	16556.8
	3334	2.29989e+06	16556.8
	3335	2.29991e+06	16556.9
	3336	2.29992e+06	16556.9
	3337	2.29994e+06	16556.9
	3338	2.29995e+06	16556.9
	3339	2.29997e+06	16557
	3340	2.29998e+06	16557
	3341	2.3e+06	16557
	3342	2.30001e+06	16557.1
	3343	2.30003e+06	16557.1
	3344	2.30004e+06	16557.1
	3345	2.30006e+06	16557.1
	3346	2.30007e+06	16557.2
	3347	2.30009e+06	16557.2
	3348	2.3001e+06	16557.3
	3349	2.30012e+06	16557.3
	3350	2.30013e+06	16557.3
	3351	2.30014e+06	16557.4
	3352	2.30016e+06	16557.4
	3353	2.30017e+06	16557.4
	3354	2.30019e+06	16557.5
	3355	2.3002e+06	16557.5
	3356	2.30021e+06	16557.6
	3357	2.30023e+06	16557.6
	3358	2.30024e+06	16557.6
	3359	2.30025e+06	16557.7
	3360	2.30026e+06	16557.7
	3361	2.30028e+06	16557.8
	3362	2.30029e+06	16557.8
	3363	2.3003e+06	16557.9
	3364	2.30031e+06	16557.9
	3365	2.30033e+06	16557.9
	3366	2.30034e+06	16558
	3367	2.30035e+06	16558
	3368	2.30036e+06	16558.1
	3369	2.30037e+06	16558.1
	3370	2.30039e+06	16558.2
	3371	2.3004e+06	16558.2
	3372	2.30041e+06	16558.3
	3373	2.30042e+06	16558.3
	3374	2.30043e+06	16558.4
	3375	2.30044e+06	16558.4
	3376	2.30045e+06	16558.5
	3377	2.30046e+06	16558.5
	3378	2.30047e+06	16558.6
	3379	2.30048e+06	16558.6
	3380	2.30049e+06	16558.7
	3381	2.3005e+06	16558.7
	3382	2.30051e+06	16558.8
	3383	2.30052e+06	16558.8
	3384	2.30052e+06	16558.9
	3385	2.30053e+06	16558.9
	3386	2.30054e+06	16559
	3387	2.30055e+06	16559
	3388	2.30056e+06	16559.1
	3389	2.30056e+06	16559.1
	3390	2.30057e+06	16559.2
	3391	2.30058e+06	16559.2
	3392	2.30059e+06	16559.3
	3393	2.30059e+06	16559.3
	3394	2.3006e+06	16559.4
	3395	2.3006e+06	16559.4
	3396	2.30061e+06	16559.5
	3397	2.30062e+06	16559.5
	3398	2.30062e+06	16559.6
	3399	2.30063e+06	16559.6
	3400	2.30063e+06	16559.7
	3401	2.30064e+06	16559.7
	3402	2.30064e+06	16559.8
	3403	2.30065e+06	16559.8
	3404	2.30065e+06	16559.9
	3405	2.30066e+06	16559.9
	3406	2.30066e+06	16560
	3407	2.30066e+06	16560
	3408	2.30067e+06	16560.1
	3409	2.30067e+06	16560.1
	3410	2.30067e+06	16560.2
	3411	2.30068e+06	16560.2
	3412	2.30068e+06	16560.3
	3413	2.30068e+06	16560.3
	3414	2.30068e+06	16560.3
	3415	2.30068e+06	16560.4
	3416	2.30069e+06	16560.4
	3417	2.30069e+06	16560.5
	3418	2.30069e+06	16560.5
	3419	2.30069e+06	16560.6
	3420	2.30069e+06	16560.6
	3421	2.30069e+06	16560.7
	3422	2.30069e+06	16560.7
	3423	2.30069e+06	16560.8
	3424	2.30069e+06	16560.8
	3425	2.30069e+06	16560.8
	3426	2.30069e+06	16560.9
	3427	2.30069e+06	16560.9
	3428	2.30069e+06	16561
	3429	2.30069e+06	16561
	3430	2.30069e+06	16561
	3431	2.30068e+06	16561.1
	3432	2.30068e+06	16561.1
	3433	2.30068e+06	16561.2
	3434	2.30068e+06	16561.2
	3435	2.30068e+06	16561.2
	3436	2.30067e+06	16561.3
	3437	2.30067e+06	16561.3
	3438	2.30067e+06	16561.3
	3439	2.30066e+06	16561.4
	3440	2.30066e+06	16561.4
	3441	2.30066e+06	16561.4
	3442	2.30065e+06	16561.5
	3443	2.30065e+06	16561.5
	3444	2.30064e+06	16561.5
	3445	2.30064e+06	16561.6
	3446	2.30064e+06	16561.6
	3447	2.30063e+06	16561.6
	3448	2.30063e+06	16561.7
	3449	2.30062e+06	16561.7
	3450	2.30062e+06	16561.7
	3451	2.30061e+06	16561.7
	3452	2.3006e+06	16561.8
	3453	2.3006e+06	16561.8
	3454	2.30059e+06	16561.8
	3455	2.30059e+06	16561.9
	3456	2.30058e+06	16561.9
	3457	2.30057e+06	16561.9
	3458	2.30057e+06	16561.9
	3459	2.30056e+06	16561.9
	3460	2.30056e+06	16562
	3461	2.30055e+06	16562
	3462	2.30054e+06	16562
	3463	2.30053e+06	16562
	3464	2.30053e+06	16562
	3465	2.30052e+06	16562.1
	3466	2.30051e+06	16562.1
	3467	2.3005e+06	16562.1
	3468	2.3005e+06	16562.1
	3469	2.30049e+06	16562.1
	3470	2.30048e+06	16562.1
	3471	2.30047e+06	16562.1
	3472	2.30046e+06	16562.2
	3473	2.30046e+06	16562.2
	3474	2.30045e+06	16562.2
	3475	2.30044e+06	16562.2
	3476	2.30043e+06	16562.2
	3477	2.30042e+06	16562.2
	3478	2.30041e+06	16562.2
	3479	2.3004e+06	16562.2
	3480	2.30039e+06	16562.2
	3481	2.30039e+06	16562.2
	3482	2.30038e+06	16562.2
	3483	2.30037e+06	16562.3
	3484	2.30036e+06	16562.3
	3485	2.30035e+06	16562.3
	3486	2.30034e+06	16562.3
	3487	2.30033e+06	16562.3
	3488	2.30032e+06	16562.3
	3489	2.30031e+06	16562.3
	3490	2.3003e+06	16562.3
	3491	2.30029e+06	16562.3
	3492	2.30028e+06	16562.3
	3493	2.30027e+06	16562.3
	3494	2.30026e+06	16562.3
	3495	2.30025e+06	16562.2
	3496	2.30024e+06	16562.2
	3497	2.30023e+06	16562.2
	3498	2.30022e+06	16562.2
	3499	2.30021e+06	16562.2
	3500	2.3002e+06	16562.2
	3501	2.30019e+06	16562.2
	3502	2.30018e+06	16562.2
	3503	2.30017e+06	16562.2
	3504	2.30016e+06	16562.2
	3505	2.30015e+06	16562.2
	3506	2.30014e+06	16562.2
	3507	2.30013e+06	16562.1
	3508	2.30012e+06	16562.1
	3509	2.30011e+06	16562.1
	3510	2.3001e+06	16562.1
	3511	2.30009e+06	16562.1
	3512	2.30008e+06	16562.1
	3513	2.30007e+06	16562.1
	3514	2.30006e+06	16562
	3515	2.30005e+06	16562
	3516	2.30004e+06	16562
	3517	2.30003e+06	16562
	3518	2.30002e+06	16562
	3519	2.30001e+06	16562
	3520	2.3e+06	16561.9
	3521	2.29999e+06	16561.9
	3522	2.29999e+06	16561.9
	3523	2.29998e+06	16561.9
	3524	2.29997e+06	16561.9
	3525	2.29996e+06	16561.8
	3526	2.29995e+06	16561.8
	3527	2.29994e+06	16561.8
	3528	2.29993e+06	16561.8
	3529	2.29992e+06	16561.7
	3530	2.29991e+06	16561.7
	3531	2.2999e+06	16561.7
	3532	2.29989e+06	16561.7
	3533	2.29988e+06	16561.6
	3534	2.29988e+06	16561.6
	3535	2.29987e+06	16561.6
	3536	2.29986e+06	16561.6
	3537	2.29985e+06	16561.5
	3538	2.29984e+06	16561.5
	3539	2.29983e+06	16561.5
	3540	2.29982e+06	16561.5
	3541	2.29982e+06	16561.4
	3542	2.29981e+06	16561.4
	3543	2.2998e+06	16561.4
	3544	2.29979e+06	16561.3
	3545	2.29978e+06	16561.3
	3546	2.29978e+06	16561.3
	3547	2.29977e+06	16561.3
	3548	2.29976e+06	16561.2
	3549	2.29975e+06	16561.2
	3550	2.29975e+06	16561.2
	3551	2.29974e+06	16561.1
	3552	2.29973e+06	16561.1
	3553	2.29973e+06	16561.1
	3554	2.29972e+06	16561
	3555	2.29971e+06	16561
	3556	2.29971e+06	16561
	3557	2.2997e+06	16560.9
	3558	2.29969e+06	16560.9
	3559	2.29969e+06	16560.9
	3560	2.29968e+06	16560.9
	3561	2.29968e+06	16560.8
	3562	2.29967e+06	16560.8
	3563	2.29967e+06	16560.8
	3564	2.29966e+06	16560.7
	3565	2.29965e+06	16560.7
	3566	2.29965e+06	16560.7
	3567	2.29964e+06	16560.6
	3568	2.29964e+06	16560.6
	3569	2.29963e+06	16560.6
	3570	2.29963e+06	16560.5
	3571	2.29963e+06	16560.5
	3572	2.29962e+06	16560.5
	3573	2.29962e+06	16560.4
	3574	2.29961e+06	16560.4
	3575	2.29961e+06	16560.4
	3576	2.2996e+06	16560.3
	3577	2.2996e+06	16560.3
	3578	2.2996e+06	16560.3
	3579	2.29959e+06	16560.2
	3580	2.29959e+06	16560.2
	3581	2.29959e+06	16560.2
	3582	2.29958e+06	16560.1
	3583	2.29958e+06	16560.1
	3584	2.29958e+06	16560.1
	3585	2.29958e+06	16560
	3586	2.29957e+06	16560
	3587	2.29957e+06	16560
	3588	2.29957e+06	16559.9
	3589	2.29957e+06	16559.9
	3590	2.29957e+06	16559.9
	3591	2.29956e+06	16559.9
	3592	2.29956e+06	16559.8
	3593	2.29956e+06	16559.8
	3594	2.29956e+06	16559.8
	3595	2.29956e+06	16559.7
	3596	2.29956e+06	16559.7
	3597	2.29956e+06	16559.7
	3598	2.29956e+06	16559.6
	3599	2.29956e+06	16559.6
	3600	2.29956e+06	16559.6
	3601	2.29956e+06	16559.6
	3602	2.29956e+06	16559.5
	3603	2.29956e+06	16559.5
	3604	2.29956e+06	16559.5
	3605	2.29956e+06	16559.5
	3606	2.29956e+06	16559.4
	3607	2.29956e+06	16559.4
	3608	2.29956e+06	16559.4
	3609	2.29956e+06	16559.3
	3610	2.29956e+06	16559.3
	3611	2.29956e+06	16559.3
	3612	2.29956e+06	16559.3
	3613	2.29956e+06	16559.2
	3614	2.29957e+06	16559.2
	3615	2.29957e+06	16559.2
	3616	2.29957e+06	16559.2
	3617	2.29957e+06	16559.2
	3618	2.29957e+06	16559.1
	3619	2.29958e+06	16559.1
	3620	2.29958e+06	16559.1
	3621	2.29958e+06	16559.1
	3622	2.29958e+06	16559
	3623	2.29959e+06	16559
	3624	2.29959e+06	16559
	3625	2.29959e+06	16559
	3626	2.29959e+06	16559
	3627	2.2996e+06	16558.9
	3628	2.2996e+06	16558.9
	3629	2.2996e+06	16558.9
	3630	2.29961e+06	16558.9
	3631	2.29961e+06	16558.9
	3632	2.29961e+06	16558.9
	3633	2.29962e+06	16558.8
	3634	2.29962e+06	16558.8
	3635	2.29963e+06	16558.8
	3636	2.29963e+06	16558.8
	3637	2.29963e+06	16558.8
	3638	2.29964e+06	16558.8
	3639	2.29964e+06	16558.7
	3640	2.29965e+06	16558.7
	3641	2.29965e+06	16558.7
	3642	2.29966e+06	16558.7
	3643	2.29966e+06	16558.7
	3644	2.29967e+06	16558.7
	3645	2.29967e+06	16558.7
	3646	2.29968e+06	16558.7
	3647	2.29968e+06	16558.7
	3648	2.29969e+06	16558.6
	3649	2.29969e+06	16558.6
	3650	2.2997e+06	16558.6
