	0	5e+06	1125
	1	4.9956e+06	1149.46
	2	4.99498e+06	235.02
	3	4.99439e+06	240.26
	4	4.99381e+06	245.615
	5	4.99325e+06	251.089
	6	4.9927e+06	256.683
	7	4.99216e+06	262.4
	8	4.99164e+06	268.243
	9	4.99113e+06	274.214
	10	4.99063e+06	280.316
	11	4.99013e+06	286.553
	12	4.98965e+06	292.926
	13	4.98917e+06	299.44
	14	4.98869e+06	306.096
	15	4.98822e+06	312.899
	16	4.98776e+06	319.85
	17	4.98729e+06	326.954
	18	4.98683e+06	334.214
	19	4.98637e+06	341.632
	20	4.98591e+06	349.213
	21	4.98545e+06	356.96
	22	4.98499e+06	364.876
	23	4.98453e+06	372.965
	24	4.98406e+06	381.23
	25	4.98359e+06	389.676
	26	4.98312e+06	398.306
	27	4.98265e+06	407.124
	28	4.98217e+06	416.134
	29	4.98169e+06	425.341
	30	4.9812e+06	434.747
	31	4.98071e+06	444.358
	32	4.98021e+06	454.178
	33	4.9797e+06	464.211
	34	4.97919e+06	474.461
	35	4.97867e+06	484.934
	36	4.97814e+06	495.633
	37	4.97761e+06	506.564
	38	4.97706e+06	517.731
	39	4.97651e+06	529.139
	40	4.97595e+06	540.794
	41	4.97537e+06	552.7
	42	4.97479e+06	564.862
	43	4.9742e+06	577.286
	44	4.9736e+06	589.977
	45	4.97298e+06	602.941
	46	4.97236e+06	616.183
	47	4.97172e+06	629.708
	48	4.97107e+06	643.524
	49	4.9704e+06	657.634
	50	4.96973e+06	672.047
	51	4.96904e+06	686.767
	52	4.96834e+06	701.801
	53	4.96762e+06	717.154
	54	4.96689e+06	732.835
	55	4.96614e+06	748.848
	56	4.96538e+06	765.202
	57	4.96461e+06	781.901
	58	4.96381e+06	798.954
	59	4.963e+06	816.368
	60	4.96218e+06	834.148
	61	4.96133e+06	852.304
	62	4.96047e+06	870.841
	63	4.9596e+06	889.768
	64	4.9587e+06	909.092
	65	4.95778e+06	928.821
	66	4.95685e+06	948.962
	67	4.9559e+06	969.524
	68	4.95492e+06	990.514
	69	4.95393e+06	1011.94
	70	4.95291e+06	1033.81
	71	4.95188e+06	1056.14
	72	4.95082e+06	1078.93
	73	4.94974e+06	1102.19
	74	4.94864e+06	1125.92
	75	4.94751e+06	1150.15
	76	4.94636e+06	1174.87
	77	4.94519e+06	1200.11
	78	4.94399e+06	1225.85
	79	4.94276e+06	1252.13
	80	4.94151e+06	1278.93
	81	4.94024e+06	1306.29
	82	4.93894e+06	1334.19
	83	4.93761e+06	1362.66
	84	4.93625e+06	1391.71
	85	4.93486e+06	1421.34
	86	4.93345e+06	1451.57
	87	4.93201e+06	1482.4
	88	4.93053e+06	1513.85
	89	4.92903e+06	1545.92
	90	4.92749e+06	1578.63
	91	4.92593e+06	1611.99
	92	4.92433e+06	1646.01
	93	4.9227e+06	1680.7
	94	4.92103e+06	1716.07
	95	4.91933e+06	1752.13
	96	4.9176e+06	1788.9
	97	4.91583e+06	1826.38
	98	4.91402e+06	1864.59
	99	4.91218e+06	1903.54
	100	4.91029e+06	1943.24
	101	4.90838e+06	1983.7
	102	4.90642e+06	2024.93
	103	4.90442e+06	2066.95
	104	4.90238e+06	2109.77
	105	4.9003e+06	2153.4
	106	4.89818e+06	2197.85
	107	4.89602e+06	2243.13
	108	4.89381e+06	2289.26
	109	4.89156e+06	2336.25
	110	4.88927e+06	2384.11
	111	4.88693e+06	2432.85
	112	4.88454e+06	2482.49
	113	4.88211e+06	2533.03
	114	4.87962e+06	2584.49
	115	4.87709e+06	2636.89
	116	4.87451e+06	2690.23
	117	4.87188e+06	2744.52
	118	4.8692e+06	2799.79
	119	4.86647e+06	2856.03
	120	4.86368e+06	2913.26
	121	4.86084e+06	2971.5
	122	4.85795e+06	3030.76
	123	4.855e+06	3091.04
	124	4.85199e+06	3152.36
	125	4.84893e+06	3214.73
	126	4.84581e+06	3278.17
	127	4.84263e+06	3342.67
	128	4.83939e+06	3408.26
	129	4.83609e+06	3474.95
	130	4.83273e+06	3542.74
	131	4.8293e+06	3611.64
	132	4.82582e+06	3681.67
	133	4.82227e+06	3752.84
	134	4.81865e+06	3825.15
	135	4.81497e+06	3898.62
	136	4.81122e+06	3973.25
	137	4.8074e+06	4049.06
	138	4.80352e+06	4126.04
	139	4.79956e+06	4204.21
	140	4.79554e+06	4283.58
	141	4.79144e+06	4364.16
	142	4.78727e+06	4445.95
	143	4.78303e+06	4528.95
	144	4.77871e+06	4613.18
	145	4.77432e+06	4698.63
	146	4.76986e+06	4785.32
	147	4.76531e+06	4873.26
	148	4.76069e+06	4962.43
	149	4.75599e+06	5052.85
	150	4.75122e+06	5144.52
	151	4.74636e+06	5237.45
	152	4.74142e+06	5331.62
	153	4.7364e+06	5427.06
	154	4.7313e+06	5523.75
	155	4.72611e+06	5621.7
	156	4.72084e+06	5720.9
	157	4.71549e+06	5821.36
	158	4.71005e+06	5923.06
	159	4.70452e+06	6026.02
	160	4.69891e+06	6130.23
	161	4.69321e+06	6235.67
	162	4.68742e+06	6342.36
	163	4.68154e+06	6450.27
	164	4.67557e+06	6559.41
	165	4.66951e+06	6669.76
	166	4.66337e+06	6781.33
	167	4.65713e+06	6894.09
	168	4.65079e+06	7008.04
	169	4.64437e+06	7123.17
	170	4.63785e+06	7239.46
	171	4.63124e+06	7356.91
	172	4.62454e+06	7475.49
	173	4.61774e+06	7595.21
	174	4.61085e+06	7716.03
	175	4.60386e+06	7837.94
	176	4.59678e+06	7960.93
	177	4.5896e+06	8084.98
	178	4.58233e+06	8210.06
	179	4.57496e+06	8336.17
	180	4.56749e+06	8463.26
	181	4.55993e+06	8591.34
	182	4.55227e+06	8720.36
	183	4.54452e+06	8850.31
	184	4.53667e+06	8981.17
	185	4.52872e+06	9112.9
	186	4.52068e+06	9245.47
	187	4.51254e+06	9378.88
	188	4.50431e+06	9513.07
	189	4.49598e+06	9648.03
	190	4.48755e+06	9783.72
	191	4.47903e+06	9920.11
	192	4.47042e+06	10057.2
	193	4.46171e+06	10194.9
	194	4.4529e+06	10333.2
	195	4.44401e+06	10472
	196	4.43502e+06	10611.4
	197	4.42593e+06	10751.3
	198	4.41676e+06	10891.7
	199	4.40749e+06	11032.5
	200	4.39814e+06	11173.6
	201	4.38869e+06	11315.2
	202	4.37916e+06	11457
	203	4.36954e+06	11599.1
	204	4.35983e+06	11741.4
	205	4.35004e+06	11883.9
	206	4.34016e+06	12026.5
	207	4.33019e+06	12169.3
	208	4.32015e+06	12312.1
	209	4.31002e+06	12454.9
	210	4.29981e+06	12597.7
	211	4.28952e+06	12740.5
	212	4.27916e+06	12883.1
	213	4.26871e+06	13025.6
	214	4.2582e+06	13167.9
	215	4.2476e+06	13309.9
	216	4.23694e+06	13451.7
	217	4.22621e+06	13593.1
	218	4.2154e+06	13734.2
	219	4.20453e+06	13874.8
	220	4.19359e+06	14015.1
	221	4.18259e+06	14154.8
	222	4.17153e+06	14293.9
	223	4.1604e+06	14432.5
	224	4.14921e+06	14570.5
	225	4.13797e+06	14707.8
	226	4.12667e+06	14844.4
	227	4.11532e+06	14980.3
	228	4.10392e+06	15115.3
	229	4.09247e+06	15249.6
	230	4.08096e+06	15383
	231	4.06942e+06	15515.4
	232	4.05783e+06	15647
	233	4.04619e+06	15777.6
	234	4.03452e+06	15907.1
	235	4.02281e+06	16035.6
	236	4.01106e+06	16163
	237	3.99929e+06	16289.4
	238	3.98747e+06	16414.5
	239	3.97563e+06	16538.5
	240	3.96377e+06	16661.3
	241	3.95188e+06	16782.8
	242	3.93996e+06	16903.1
	243	3.92802e+06	17022.1
	244	3.91607e+06	17139.7
	245	3.9041e+06	17256
	246	3.89212e+06	17370.9
	247	3.88012e+06	17484.4
	248	3.86812e+06	17596.5
	249	3.8561e+06	17707.2
	250	3.84409e+06	17816.4
	251	3.83207e+06	17924.1
	252	3.82004e+06	18030.3
	253	3.80802e+06	18135
	254	3.79601e+06	18238.1
	255	3.784e+06	18339.7
	256	3.77199e+06	18439.7
	257	3.76e+06	18538.2
	258	3.74802e+06	18635
	259	3.73605e+06	18730.3
	260	3.7241e+06	18823.9
	261	3.71217e+06	18916
	262	3.70026e+06	19006.4
	263	3.68837e+06	19095.1
	264	3.67651e+06	19182.2
	265	3.66467e+06	19267.7
	266	3.65286e+06	19351.6
	267	3.64108e+06	19433.7
	268	3.62934e+06	19514.3
	269	3.61762e+06	19593.2
	270	3.60595e+06	19670.4
	271	3.59431e+06	19746
	272	3.58271e+06	19819.9
	273	3.57116e+06	19892.2
	274	3.55965e+06	19962.8
	275	3.54818e+06	20031.8
	276	3.53676e+06	20099.2
	277	3.52539e+06	20165
	278	3.51407e+06	20229.1
	279	3.5028e+06	20291.7
	280	3.49159e+06	20352.6
	281	3.48043e+06	20411.9
	282	3.46933e+06	20469.7
	283	3.45828e+06	20525.9
	284	3.4473e+06	20580.5
	285	3.43638e+06	20633.6
	286	3.42552e+06	20685.2
	287	3.41472e+06	20735.2
	288	3.40399e+06	20783.8
	289	3.39332e+06	20830.8
	290	3.38273e+06	20876.4
	291	3.3722e+06	20920.5
	292	3.36175e+06	20963.2
	293	3.35136e+06	21004.4
	294	3.34105e+06	21044.2
	295	3.33081e+06	21082.6
	296	3.32065e+06	21119.7
	297	3.31056e+06	21155.4
	298	3.30055e+06	21189.7
	299	3.29062e+06	21222.7
	300	3.28077e+06	21254.4
	301	3.271e+06	21284.8
	302	3.26131e+06	21314
	303	3.2517e+06	21341.9
	304	3.24217e+06	21368.5
	305	3.23273e+06	21394
	306	3.22337e+06	21418.2
	307	3.21409e+06	21441.3
	308	3.20491e+06	21463.2
	309	3.1958e+06	21484
	310	3.18679e+06	21503.7
	311	3.17786e+06	21522.3
	312	3.16903e+06	21539.8
	313	3.16028e+06	21556.3
	314	3.15162e+06	21571.7
	315	3.14305e+06	21586.1
	316	3.13457e+06	21599.5
	317	3.12618e+06	21612
	318	3.11788e+06	21623.5
	319	3.10968e+06	21634
	320	3.10157e+06	21643.6
	321	3.09355e+06	21652.4
	322	3.08562e+06	21660.3
	323	3.07778e+06	21667.3
	324	3.07004e+06	21673.4
	325	3.0624e+06	21678.8
	326	3.05485e+06	21683.4
	327	3.04739e+06	21687.1
	328	3.04003e+06	21690.2
	329	3.03276e+06	21692.5
	330	3.02558e+06	21694
	331	3.01851e+06	21694.9
	332	3.01152e+06	21695.1
	333	3.00464e+06	21694.6
	334	2.99784e+06	21693.4
	335	2.99115e+06	21691.6
	336	2.98454e+06	21689.3
	337	2.97804e+06	21686.3
	338	2.97163e+06	21682.7
	339	2.96531e+06	21678.6
	340	2.95909e+06	21673.9
	341	2.95297e+06	21668.8
	342	2.94694e+06	21663
	343	2.941e+06	21656.9
	344	2.93516e+06	21650.2
	345	2.92942e+06	21643
	346	2.92377e+06	21635.5
	347	2.91821e+06	21627.4
	348	2.91275e+06	21619
	349	2.90738e+06	21610.2
	350	2.90211e+06	21600.9
	351	2.89693e+06	21591.4
	352	2.89184e+06	21581.4
	353	2.88685e+06	21571.1
	354	2.88195e+06	21560.5
	355	2.87714e+06	21549.5
	356	2.87243e+06	21538.3
	357	2.8678e+06	21526.8
	358	2.86327e+06	21514.9
	359	2.85883e+06	21502.9
	360	2.85448e+06	21490.5
	361	2.85022e+06	21478
	362	2.84606e+06	21465.2
	363	2.84198e+06	21452.2
	364	2.83799e+06	21439
	365	2.83408e+06	21425.6
	366	2.83027e+06	21412
	367	2.82655e+06	21398.2
	368	2.82291e+06	21384.3
	369	2.81936e+06	21370.3
	370	2.81589e+06	21356.1
	371	2.81251e+06	21341.8
	372	2.80922e+06	21327.3
	373	2.80601e+06	21312.8
	374	2.80289e+06	21298.1
	375	2.79985e+06	21283.4
	376	2.79689e+06	21268.6
	377	2.79401e+06	21253.7
	378	2.79122e+06	21238.8
	379	2.78851e+06	21223.8
	380	2.78588e+06	21208.7
	381	2.78333e+06	21193.7
	382	2.78085e+06	21178.5
	383	2.77846e+06	21163.4
	384	2.77615e+06	21148.3
	385	2.77391e+06	21133.1
	386	2.77175e+06	21118
	387	2.76966e+06	21102.9
	388	2.76765e+06	21087.7
	389	2.76572e+06	21072.6
	390	2.76385e+06	21057.6
	391	2.76207e+06	21042.5
	392	2.76035e+06	21027.6
	393	2.7587e+06	21012.6
	394	2.75713e+06	20997.7
	395	2.75563e+06	20982.9
	396	2.75419e+06	20968.1
	397	2.75282e+06	20953.4
	398	2.75152e+06	20938.8
	399	2.75029e+06	20924.3
	400	2.74913e+06	20909.8
	401	2.74803e+06	20895.5
	402	2.74699e+06	20881.2
	403	2.74602e+06	20867
	404	2.7451e+06	20853
	405	2.74426e+06	20839
	406	2.74347e+06	20825.2
	407	2.74274e+06	20811.5
	408	2.74207e+06	20797.9
	409	2.74146e+06	20784.4
	410	2.74091e+06	20771
	411	2.74041e+06	20757.8
	412	2.73997e+06	20744.7
	413	2.73958e+06	20731.8
	414	2.73925e+06	20718.9
	415	2.73897e+06	20706.3
	416	2.73875e+06	20693.8
	417	2.73857e+06	20681.4
	418	2.73844e+06	20669.1
	419	2.73837e+06	20657.1
	420	2.73834e+06	20645.2
	421	2.73836e+06	20633.4
	422	2.73842e+06	20621.8
	423	2.73853e+06	20610.3
	424	2.73869e+06	20599.1
	425	2.73889e+06	20588
	426	2.73913e+06	20577
	427	2.73941e+06	20566.2
	428	2.73974e+06	20555.6
	429	2.7401e+06	20545.2
	430	2.74051e+06	20534.9
	431	2.74095e+06	20524.8
	432	2.74143e+06	20514.9
	433	2.74194e+06	20505.1
	434	2.74249e+06	20495.6
	435	2.74307e+06	20486.2
	436	2.74369e+06	20477
	437	2.74434e+06	20467.9
	438	2.74502e+06	20459.1
	439	2.74573e+06	20450.4
	440	2.74648e+06	20441.9
	441	2.74725e+06	20433.5
	442	2.74804e+06	20425.4
	443	2.74887e+06	20417.4
	444	2.74972e+06	20409.6
	445	2.7506e+06	20402
	446	2.7515e+06	20394.6
	447	2.75242e+06	20387.3
	448	2.75336e+06	20380.2
	449	2.75433e+06	20373.3
	450	2.75532e+06	20366.6
	451	2.75633e+06	20360
	452	2.75735e+06	20353.6
	453	2.7584e+06	20347.4
	454	2.75946e+06	20341.4
	455	2.76054e+06	20335.6
	456	2.76163e+06	20329.9
	457	2.76274e+06	20324.4
	458	2.76386e+06	20319
	459	2.765e+06	20313.8
	460	2.76615e+06	20308.8
	461	2.76731e+06	20304
	462	2.76848e+06	20299.3
	463	2.76965e+06	20294.8
	464	2.77084e+06	20290.5
	465	2.77204e+06	20286.3
	466	2.77325e+06	20282.3
	467	2.77446e+06	20278.4
	468	2.77568e+06	20274.7
	469	2.7769e+06	20271.1
	470	2.77813e+06	20267.8
	471	2.77936e+06	20264.5
	472	2.7806e+06	20261.4
	473	2.78184e+06	20258.5
	474	2.78308e+06	20255.7
	475	2.78432e+06	20253
	476	2.78557e+06	20250.5
	477	2.78681e+06	20248.2
	478	2.78805e+06	20246
	479	2.7893e+06	20243.9
	480	2.79054e+06	20241.9
	481	2.79178e+06	20240.1
	482	2.79301e+06	20238.5
	483	2.79425e+06	20236.9
	484	2.79548e+06	20235.5
	485	2.7967e+06	20234.2
	486	2.79792e+06	20233
	487	2.79914e+06	20232
	488	2.80035e+06	20231.1
	489	2.80155e+06	20230.3
	490	2.80274e+06	20229.6
	491	2.80393e+06	20229
	492	2.80512e+06	20228.6
	493	2.80629e+06	20228.3
	494	2.80745e+06	20228
	495	2.80861e+06	20227.9
	496	2.80976e+06	20227.9
	497	2.8109e+06	20228
	498	2.81202e+06	20228.1
	499	2.81314e+06	20228.4
	500	2.81425e+06	20228.8
	501	2.81534e+06	20229.3
	502	2.81643e+06	20229.8
	503	2.8175e+06	20230.5
	504	2.81856e+06	20231.2
	505	2.81961e+06	20232
	506	2.82065e+06	20232.9
	507	2.82167e+06	20233.9
	508	2.82269e+06	20235
	509	2.82368e+06	20236.1
	510	2.82467e+06	20237.3
	511	2.82564e+06	20238.6
	512	2.8266e+06	20240
	513	2.82754e+06	20241.4
	514	2.82847e+06	20242.9
	515	2.82939e+06	20244.5
	516	2.83029e+06	20246.1
	517	2.83118e+06	20247.8
	518	2.83205e+06	20249.5
	519	2.83291e+06	20251.3
	520	2.83375e+06	20253.1
	521	2.83458e+06	20255
	522	2.83539e+06	20257
	523	2.83619e+06	20259
	524	2.83697e+06	20261
	525	2.83774e+06	20263.1
	526	2.83849e+06	20265.3
	527	2.83923e+06	20267.4
	528	2.83995e+06	20269.6
	529	2.84066e+06	20271.9
	530	2.84135e+06	20274.2
	531	2.84203e+06	20276.5
	532	2.84269e+06	20278.8
	533	2.84333e+06	20281.2
	534	2.84396e+06	20283.6
	535	2.84457e+06	20286
	536	2.84517e+06	20288.5
	537	2.84576e+06	20290.9
	538	2.84632e+06	20293.4
	539	2.84688e+06	20296
	540	2.84741e+06	20298.5
	541	2.84794e+06	20301
	542	2.84844e+06	20303.6
	543	2.84894e+06	20306.2
	544	2.84941e+06	20308.8
	545	2.84988e+06	20311.4
	546	2.85033e+06	20314
	547	2.85076e+06	20316.6
	548	2.85118e+06	20319.2
	549	2.85158e+06	20321.8
	550	2.85197e+06	20324.5
	551	2.85235e+06	20327.1
	552	2.85271e+06	20329.7
	553	2.85306e+06	20332.4
	554	2.8534e+06	20335
	555	2.85372e+06	20337.6
	556	2.85403e+06	20340.3
	557	2.85432e+06	20342.9
	558	2.8546e+06	20345.5
	559	2.85487e+06	20348.1
	560	2.85513e+06	20350.7
	561	2.85537e+06	20353.3
	562	2.8556e+06	20355.8
	563	2.85582e+06	20358.4
	564	2.85602e+06	20361
	565	2.85622e+06	20363.5
	566	2.8564e+06	20366
	567	2.85657e+06	20368.5
	568	2.85673e+06	20371
	569	2.85687e+06	20373.5
	570	2.85701e+06	20375.9
	571	2.85713e+06	20378.4
	572	2.85725e+06	20380.8
	573	2.85735e+06	20383.2
	574	2.85744e+06	20385.6
	575	2.85753e+06	20387.9
	576	2.8576e+06	20390.3
	577	2.85766e+06	20392.6
	578	2.85771e+06	20394.9
	579	2.85776e+06	20397.1
	580	2.85779e+06	20399.4
	581	2.85781e+06	20401.6
	582	2.85783e+06	20403.8
	583	2.85784e+06	20405.9
	584	2.85783e+06	20408.1
	585	2.85782e+06	20410.2
	586	2.85781e+06	20412.2
	587	2.85778e+06	20414.3
	588	2.85774e+06	20416.3
	589	2.8577e+06	20418.3
	590	2.85765e+06	20420.3
	591	2.8576e+06	20422.2
	592	2.85753e+06	20424.1
	593	2.85746e+06	20426
	594	2.85738e+06	20427.8
	595	2.8573e+06	20429.7
	596	2.85721e+06	20431.5
	597	2.85711e+06	20433.2
	598	2.85701e+06	20434.9
	599	2.8569e+06	20436.6
	600	2.85679e+06	20438.3
	601	2.85667e+06	20439.9
	602	2.85654e+06	20441.5
	603	2.85641e+06	20443.1
	604	2.85628e+06	20444.6
	605	2.85614e+06	20446.1
	606	2.85599e+06	20447.6
	607	2.85584e+06	20449.1
	608	2.85569e+06	20450.5
	609	2.85553e+06	20451.8
	610	2.85537e+06	20453.2
	611	2.85521e+06	20454.5
	612	2.85504e+06	20455.8
	613	2.85486e+06	20457
	614	2.85469e+06	20458.3
	615	2.85451e+06	20459.5
	616	2.85433e+06	20460.6
	617	2.85414e+06	20461.7
	618	2.85396e+06	20462.8
	619	2.85377e+06	20463.9
	620	2.85358e+06	20464.9
	621	2.85338e+06	20465.9
	622	2.85318e+06	20466.9
	623	2.85299e+06	20467.9
	624	2.85279e+06	20468.8
	625	2.85258e+06	20469.7
	626	2.85238e+06	20470.5
	627	2.85218e+06	20471.4
	628	2.85197e+06	20472.1
	629	2.85176e+06	20472.9
	630	2.85155e+06	20473.7
	631	2.85134e+06	20474.4
	632	2.85113e+06	20475.1
	633	2.85092e+06	20475.7
	634	2.85071e+06	20476.3
	635	2.8505e+06	20476.9
	636	2.85028e+06	20477.5
	637	2.85007e+06	20478.1
	638	2.84986e+06	20478.6
	639	2.84965e+06	20479.1
	640	2.84943e+06	20479.6
	641	2.84922e+06	20480
	642	2.84901e+06	20480.4
	643	2.8488e+06	20480.8
	644	2.84858e+06	20481.2
	645	2.84837e+06	20481.6
	646	2.84816e+06	20481.9
	647	2.84795e+06	20482.2
	648	2.84774e+06	20482.5
	649	2.84753e+06	20482.7
	650	2.84733e+06	20483
	651	2.84712e+06	20483.2
	652	2.84691e+06	20483.4
	653	2.84671e+06	20483.5
	654	2.84651e+06	20483.7
	655	2.84631e+06	20483.8
	656	2.84611e+06	20483.9
	657	2.84591e+06	20484
	658	2.84571e+06	20484.1
	659	2.84551e+06	20484.2
	660	2.84532e+06	20484.2
	661	2.84513e+06	20484.2
	662	2.84494e+06	20484.2
	663	2.84475e+06	20484.2
	664	2.84456e+06	20484.2
	665	2.84438e+06	20484.1
	666	2.84419e+06	20484
	667	2.84401e+06	20484
	668	2.84383e+06	20483.9
	669	2.84365e+06	20483.7
	670	2.84348e+06	20483.6
	671	2.84331e+06	20483.5
	672	2.84313e+06	20483.3
	673	2.84297e+06	20483.2
	674	2.8428e+06	20483
	675	2.84264e+06	20482.8
	676	2.84247e+06	20482.6
	677	2.84231e+06	20482.4
	678	2.84216e+06	20482.1
	679	2.842e+06	20481.9
	680	2.84185e+06	20481.6
	681	2.8417e+06	20481.4
	682	2.84155e+06	20481.1
	683	2.84141e+06	20480.8
	684	2.84126e+06	20480.5
	685	2.84112e+06	20480.2
	686	2.84098e+06	20479.9
	687	2.84085e+06	20479.6
	688	2.84072e+06	20479.3
	689	2.84059e+06	20478.9
	690	2.84046e+06	20478.6
	691	2.84033e+06	20478.3
	692	2.84021e+06	20477.9
	693	2.84009e+06	20477.5
	694	2.83997e+06	20477.2
	695	2.83986e+06	20476.8
	696	2.83975e+06	20476.4
	697	2.83964e+06	20476
	698	2.83953e+06	20475.6
	699	2.83942e+06	20475.2
	700	2.83932e+06	20474.8
	701	2.83922e+06	20474.4
	702	2.83912e+06	20474
	703	2.83903e+06	20473.6
	704	2.83894e+06	20473.2
	705	2.83885e+06	20472.8
	706	2.83876e+06	20472.4
	707	2.83867e+06	20471.9
	708	2.83859e+06	20471.5
	709	2.83851e+06	20471.1
	710	2.83843e+06	20470.7
	711	2.83836e+06	20470.2
	712	2.83828e+06	20469.8
	713	2.83821e+06	20469.4
	714	2.83815e+06	20468.9
	715	2.83808e+06	20468.5
	716	2.83802e+06	20468.1
	717	2.83796e+06	20467.6
	718	2.8379e+06	20467.2
	719	2.83784e+06	20466.8
	720	2.83779e+06	20466.3
	721	2.83773e+06	20465.9
	722	2.83768e+06	20465.5
	723	2.83764e+06	20465
	724	2.83759e+06	20464.6
	725	2.83755e+06	20464.2
	726	2.8375e+06	20463.8
	727	2.83747e+06	20463.3
	728	2.83743e+06	20462.9
	729	2.83739e+06	20462.5
	730	2.83736e+06	20462.1
	731	2.83733e+06	20461.7
	732	2.8373e+06	20461.2
	733	2.83727e+06	20460.8
	734	2.83725e+06	20460.4
	735	2.83722e+06	20460
	736	2.8372e+06	20459.6
	737	2.83718e+06	20459.2
	738	2.83716e+06	20458.8
	739	2.83714e+06	20458.4
	740	2.83713e+06	20458
	741	2.83712e+06	20457.6
	742	2.8371e+06	20457.3
	743	2.83709e+06	20456.9
	744	2.83709e+06	20456.5
	745	2.83708e+06	20456.1
	746	2.83707e+06	20455.8
	747	2.83707e+06	20455.4
	748	2.83707e+06	20455.1
	749	2.83707e+06	20454.7
	750	2.83707e+06	20454.4
	751	2.83707e+06	20454
	752	2.83707e+06	20453.7
	753	2.83708e+06	20453.3
	754	2.83708e+06	20453
	755	2.83709e+06	20452.7
	756	2.8371e+06	20452.4
	757	2.83711e+06	20452
	758	2.83712e+06	20451.7
	759	2.83713e+06	20451.4
	760	2.83714e+06	20451.1
	761	2.83715e+06	20450.8
	762	2.83717e+06	20450.5
	763	2.83719e+06	20450.2
	764	2.8372e+06	20450
	765	2.83722e+06	20449.7
	766	2.83724e+06	20449.4
	767	2.83726e+06	20449.1
	768	2.83728e+06	20448.9
	769	2.8373e+06	20448.6
	770	2.83732e+06	20448.4
	771	2.83735e+06	20448.1
	772	2.83737e+06	20447.9
	773	2.8374e+06	20447.7
	774	2.83742e+06	20447.4
	775	2.83745e+06	20447.2
	776	2.83747e+06	20447
	777	2.8375e+06	20446.8
	778	2.83753e+06	20446.6
	779	2.83756e+06	20446.4
	780	2.83759e+06	20446.2
	781	2.83762e+06	20446
	782	2.83765e+06	20445.8
	783	2.83768e+06	20445.6
	784	2.83771e+06	20445.4
	785	2.83774e+06	20445.2
	786	2.83777e+06	20445.1
	787	2.8378e+06	20444.9
	788	2.83783e+06	20444.8
	789	2.83787e+06	20444.6
	790	2.8379e+06	20444.5
	791	2.83793e+06	20444.3
	792	2.83797e+06	20444.2
	793	2.838e+06	20444
	794	2.83803e+06	20443.9
	795	2.83807e+06	20443.8
	796	2.8381e+06	20443.7
	797	2.83814e+06	20443.5
	798	2.83817e+06	20443.4
	799	2.83821e+06	20443.3
	800	2.83824e+06	20443.2
	801	2.83828e+06	20443.1
	802	2.83831e+06	20443
	803	2.83835e+06	20442.9
	804	2.83838e+06	20442.9
	805	2.83842e+06	20442.8
	806	2.83845e+06	20442.7
	807	2.83849e+06	20442.6
	808	2.83852e+06	20442.6
	809	2.83856e+06	20442.5
	810	2.83859e+06	20442.4
	811	2.83863e+06	20442.4
	812	2.83866e+06	20442.3
	813	2.8387e+06	20442.3
	814	2.83873e+06	20442.2
	815	2.83877e+06	20442.2
	816	2.8388e+06	20442.2
	817	2.83884e+06	20442.1
	818	2.83887e+06	20442.1
	819	2.8389e+06	20442.1
	820	2.83894e+06	20442.1
	821	2.83897e+06	20442
	822	2.839e+06	20442
	823	2.83904e+06	20442
	824	2.83907e+06	20442
	825	2.8391e+06	20442
	826	2.83913e+06	20442
	827	2.83917e+06	20442
	828	2.8392e+06	20442
	829	2.83923e+06	20442
	830	2.83926e+06	20442
	831	2.83929e+06	20442
	832	2.83932e+06	20442
	833	2.83935e+06	20442
	834	2.83938e+06	20442
	835	2.83941e+06	20442.1
	836	2.83944e+06	20442.1
	837	2.83947e+06	20442.1
	838	2.83949e+06	20442.1
	839	2.83952e+06	20442.2
	840	2.83955e+06	20442.2
	841	2.83958e+06	20442.2
	842	2.8396e+06	20442.3
	843	2.83963e+06	20442.3
	844	2.83966e+06	20442.3
	845	2.83968e+06	20442.4
	846	2.83971e+06	20442.4
	847	2.83973e+06	20442.5
	848	2.83976e+06	20442.5
	849	2.83978e+06	20442.6
	850	2.8398e+06	20442.6
	851	2.83983e+06	20442.7
	852	2.83985e+06	20442.7
	853	2.83987e+06	20442.8
	854	2.83989e+06	20442.8
	855	2.83992e+06	20442.9
	856	2.83994e+06	20442.9
	857	2.83996e+06	20443
	858	2.83998e+06	20443.1
	859	2.84e+06	20443.1
	860	2.84002e+06	20443.2
	861	2.84004e+06	20443.2
	862	2.84005e+06	20443.3
	863	2.84007e+06	20443.4
	864	2.84009e+06	20443.4
	865	2.84011e+06	20443.5
	866	2.84012e+06	20443.6
	867	2.84014e+06	20443.6
	868	2.84016e+06	20443.7
	869	2.84017e+06	20443.8
	870	2.84019e+06	20443.8
	871	2.8402e+06	20443.9
	872	2.84022e+06	20444
	873	2.84023e+06	20444.1
	874	2.84024e+06	20444.1
	875	2.84026e+06	20444.2
	876	2.84027e+06	20444.3
	877	2.84028e+06	20444.3
	878	2.84029e+06	20444.4
	879	2.8403e+06	20444.5
	880	2.84032e+06	20444.6
	881	2.84033e+06	20444.6
	882	2.84034e+06	20444.7
	883	2.84035e+06	20444.8
	884	2.84036e+06	20444.8
	885	2.84037e+06	20444.9
	886	2.84037e+06	20445
	887	2.84038e+06	20445.1
	888	2.84039e+06	20445.1
	889	2.8404e+06	20445.2
	890	2.84041e+06	20445.3
	891	2.84041e+06	20445.3
	892	2.84042e+06	20445.4
	893	2.84043e+06	20445.5
	894	2.84043e+06	20445.6
	895	2.84044e+06	20445.6
	896	2.84044e+06	20445.7
	897	2.84045e+06	20445.8
	898	2.84045e+06	20445.8
	899	2.84046e+06	20445.9
	900	2.84046e+06	20446
	901	2.84047e+06	20446
	902	2.84047e+06	20446.1
	903	2.84047e+06	20446.2
	904	2.84048e+06	20446.2
	905	2.84048e+06	20446.3
	906	2.84048e+06	20446.4
	907	2.84048e+06	20446.4
	908	2.84048e+06	20446.5
	909	2.84049e+06	20446.6
	910	2.84049e+06	20446.6
	911	2.84049e+06	20446.7
	912	2.84049e+06	20446.7
	913	2.84049e+06	20446.8
	914	2.84049e+06	20446.9
	915	2.84049e+06	20446.9
	916	2.84049e+06	20447
	917	2.84049e+06	20447
	918	2.84049e+06	20447.1
	919	2.84049e+06	20447.1
	920	2.84049e+06	20447.2
	921	2.84049e+06	20447.3
	922	2.84048e+06	20447.3
	923	2.84048e+06	20447.4
	924	2.84048e+06	20447.4
	925	2.84048e+06	20447.5
	926	2.84048e+06	20447.5
	927	2.84047e+06	20447.6
	928	2.84047e+06	20447.6
	929	2.84047e+06	20447.7
	930	2.84047e+06	20447.7
	931	2.84046e+06	20447.8
	932	2.84046e+06	20447.8
	933	2.84046e+06	20447.8
	934	2.84045e+06	20447.9
	935	2.84045e+06	20447.9
	936	2.84044e+06	20448
	937	2.84044e+06	20448
	938	2.84044e+06	20448
	939	2.84043e+06	20448.1
	940	2.84043e+06	20448.1
	941	2.84042e+06	20448.2
	942	2.84042e+06	20448.2
	943	2.84041e+06	20448.2
	944	2.84041e+06	20448.3
	945	2.84041e+06	20448.3
	946	2.8404e+06	20448.3
	947	2.8404e+06	20448.4
	948	2.84039e+06	20448.4
	949	2.84039e+06	20448.4
	950	2.84038e+06	20448.5
	951	2.84037e+06	20448.5
	952	2.84037e+06	20448.5
	953	2.84036e+06	20448.5
	954	2.84036e+06	20448.6
	955	2.84035e+06	20448.6
	956	2.84035e+06	20448.6
	957	2.84034e+06	20448.6
	958	2.84034e+06	20448.7
	959	2.84033e+06	20448.7
	960	2.84033e+06	20448.7
	961	2.84032e+06	20448.7
	962	2.84031e+06	20448.7
	963	2.84031e+06	20448.8
	964	2.8403e+06	20448.8
	965	2.8403e+06	20448.8
	966	2.84029e+06	20448.8
	967	2.84028e+06	20448.8
	968	2.84028e+06	20448.8
	969	2.84027e+06	20448.9
	970	2.84027e+06	20448.9
	971	2.84026e+06	20448.9
	972	2.84026e+06	20448.9
	973	2.84025e+06	20448.9
	974	2.84024e+06	20448.9
	975	2.84024e+06	20448.9
	976	2.84023e+06	20448.9
	977	2.84023e+06	20448.9
	978	2.84022e+06	20449
	979	2.84021e+06	20449
	980	2.84021e+06	20449
	981	2.8402e+06	20449
	982	2.8402e+06	20449
	983	2.84019e+06	20449
	984	2.84019e+06	20449
	985	2.84018e+06	20449
	986	2.84018e+06	20449
	987	2.84017e+06	20449
	988	2.84016e+06	20449
	989	2.84016e+06	20449
	990	2.84015e+06	20449
	991	2.84015e+06	20449
	992	2.84014e+06	20449
	993	2.84014e+06	20449
	994	2.84013e+06	20449
	995	2.84013e+06	20449
	996	2.84012e+06	20449
	997	2.84012e+06	20449
	998	2.84011e+06	20449
	999	2.84011e+06	20449
	1000	2.8401e+06	20449
	1001	2.8401e+06	20449
	1002	2.84009e+06	20449
	1003	2.84009e+06	20449
	1004	2.84008e+06	20449
	1005	2.84008e+06	20449
	1006	2.84007e+06	20449
	1007	2.84007e+06	20449
	1008	2.84006e+06	20449
	1009	2.84006e+06	20449
	1010	2.84006e+06	20448.9
	1011	2.84005e+06	20448.9
	1012	2.84005e+06	20448.9
	1013	2.84004e+06	20448.9
	1014	2.84004e+06	20448.9
	1015	2.84004e+06	20448.9
	1016	2.84003e+06	20448.9
	1017	2.84003e+06	20448.9
	1018	2.84002e+06	20448.9
	1019	2.84002e+06	20448.9
	1020	2.84002e+06	20448.9
	1021	2.84001e+06	20448.9
	1022	2.84001e+06	20448.8
	1023	2.84001e+06	20448.8
	1024	2.84e+06	20448.8
	1025	2.84e+06	20448.8
	1026	2.84e+06	20448.8
	1027	2.83999e+06	20448.8
	1028	2.83999e+06	20448.8
	1029	2.83999e+06	20448.8
	1030	2.83998e+06	20448.8
	1031	2.83998e+06	20448.7
	1032	2.83998e+06	20448.7
	1033	2.83998e+06	20448.7
	1034	2.83997e+06	20448.7
	1035	2.83997e+06	20448.7
	1036	2.83997e+06	20448.7
	1037	2.83997e+06	20448.7
	1038	2.83996e+06	20448.7
	1039	2.83996e+06	20448.7
	1040	2.83996e+06	20448.6
	1041	2.83996e+06	20448.6
	1042	2.83996e+06	20448.6
	1043	2.83995e+06	20448.6
	1044	2.83995e+06	20448.6
	1045	2.83995e+06	20448.6
	1046	2.83995e+06	20448.6
	1047	2.83995e+06	20448.6
	1048	2.83994e+06	20448.6
	1049	2.83994e+06	20448.5
	1050	2.83994e+06	20448.5
	1051	2.83994e+06	20448.5
	1052	2.83994e+06	20448.5
	1053	2.83994e+06	20448.5
	1054	2.83994e+06	20448.5
	1055	2.83993e+06	20448.5
	1056	2.83993e+06	20448.5
	1057	2.83993e+06	20448.4
	1058	2.83993e+06	20448.4
	1059	2.83993e+06	20448.4
	1060	2.83993e+06	20448.4
	1061	2.83993e+06	20448.4
	1062	2.83993e+06	20448.4
	1063	2.83993e+06	20448.4
	1064	2.83993e+06	20448.4
	1065	2.83992e+06	20448.4
	1066	2.83992e+06	20448.3
	1067	2.83992e+06	20448.3
	1068	2.83992e+06	20448.3
	1069	2.83992e+06	20448.3
	1070	2.83992e+06	20448.3
	1071	2.83992e+06	20448.3
	1072	2.83992e+06	20448.3
	1073	2.83992e+06	20448.3
	1074	2.83992e+06	20448.3
	1075	2.83992e+06	20448.2
	1076	2.83992e+06	20448.2
	1077	2.83992e+06	20448.2
	1078	2.83992e+06	20448.2
	1079	2.83992e+06	20448.2
	1080	2.83992e+06	20448.2
	1081	2.83992e+06	20448.2
	1082	2.83992e+06	20448.2
	1083	2.83992e+06	20448.2
	1084	2.83992e+06	20448.2
	1085	2.83992e+06	20448.1
	1086	2.83992e+06	20448.1
	1087	2.83992e+06	20448.1
	1088	2.83992e+06	20448.1
	1089	2.83992e+06	20448.1
	1090	2.83992e+06	20448.1
	1091	2.83992e+06	20448.1
	1092	2.83992e+06	20448.1
	1093	2.83992e+06	20448.1
	1094	2.83992e+06	20448.1
	1095	2.83992e+06	20448.1
	1096	2.83992e+06	20448.1
	1097	2.83992e+06	20448
	1098	2.83993e+06	20448
	1099	2.83993e+06	20448
	1100	2.83993e+06	20448
	1101	2.83993e+06	20448
	1102	2.83993e+06	20448
	1103	2.83993e+06	20448
	1104	2.83993e+06	20448
	1105	2.83993e+06	20448
	1106	2.83993e+06	20448
	1107	2.83993e+06	20448
	1108	2.83993e+06	20448
	1109	2.83993e+06	20448
	1110	2.83993e+06	20448
	1111	2.83993e+06	20448
	1112	2.83994e+06	20448
	1113	2.83994e+06	20447.9
	1114	2.83994e+06	20447.9
	1115	2.83994e+06	20447.9
	1116	2.83994e+06	20447.9
	1117	2.83994e+06	20447.9
	1118	2.83994e+06	20447.9
	1119	2.83994e+06	20447.9
	1120	2.83994e+06	20447.9
	1121	2.83994e+06	20447.9
	1122	2.83994e+06	20447.9
	1123	2.83994e+06	20447.9
	1124	2.83995e+06	20447.9
	1125	2.83995e+06	20447.9
	1126	2.83995e+06	20447.9
	1127	2.83995e+06	20447.9
	1128	2.83995e+06	20447.9
	1129	2.83995e+06	20447.9
	1130	2.83995e+06	20447.9
	1131	2.83995e+06	20447.9
	1132	2.83995e+06	20447.9
	1133	2.83995e+06	20447.9
	1134	2.83996e+06	20447.9
	1135	2.83996e+06	20447.9
	1136	2.83996e+06	20447.9
	1137	2.83996e+06	20447.9
	1138	2.83996e+06	20447.9
	1139	2.83996e+06	20447.9
	1140	2.83996e+06	20447.9
	1141	2.83996e+06	20447.9
	1142	2.83996e+06	20447.9
	1143	2.83996e+06	20447.9
	1144	2.83997e+06	20447.8
	1145	2.83997e+06	20447.8
	1146	2.83997e+06	20447.8
	1147	2.83997e+06	20447.8
	1148	2.83997e+06	20447.8
	1149	2.83997e+06	20447.8
	1150	2.83997e+06	20447.8
	1151	2.83997e+06	20447.8
	1152	2.83997e+06	20447.8
	1153	2.83997e+06	20447.8
	1154	2.83997e+06	20447.8
	1155	2.83998e+06	20447.8
	1156	2.83998e+06	20447.8
	1157	2.83998e+06	20447.8
	1158	2.83998e+06	20447.8
	1159	2.83998e+06	20447.8
	1160	2.83998e+06	20447.8
	1161	2.83998e+06	20447.8
	1162	2.83998e+06	20447.8
	1163	2.83998e+06	20447.8
	1164	2.83998e+06	20447.8
	1165	2.83998e+06	20447.8
	1166	2.83998e+06	20447.8
	1167	2.83999e+06	20447.8
	1168	2.83999e+06	20447.8
	1169	2.83999e+06	20447.8
	1170	2.83999e+06	20447.8
	1171	2.83999e+06	20447.8
	1172	2.83999e+06	20447.8
	1173	2.83999e+06	20447.8
	1174	2.83999e+06	20447.9
	1175	2.83999e+06	20447.9
	1176	2.83999e+06	20447.9
	1177	2.83999e+06	20447.9
	1178	2.83999e+06	20447.9
	1179	2.83999e+06	20447.9
	1180	2.83999e+06	20447.9
	1181	2.84e+06	20447.9
	1182	2.84e+06	20447.9
	1183	2.84e+06	20447.9
	1184	2.84e+06	20447.9
	1185	2.84e+06	20447.9
	1186	2.84e+06	20447.9
	1187	2.84e+06	20447.9
	1188	2.84e+06	20447.9
	1189	2.84e+06	20447.9
	1190	2.84e+06	20447.9
	1191	2.84e+06	20447.9
	1192	2.84e+06	20447.9
	1193	2.84e+06	20447.9
	1194	2.84e+06	20447.9
	1195	2.84e+06	20447.9
	1196	2.84e+06	20447.9
	1197	2.84e+06	20447.9
	1198	2.84e+06	20447.9
	1199	2.84001e+06	20447.9
	1200	2.84001e+06	20447.9
	1201	2.84001e+06	20447.9
	1202	2.84001e+06	20447.9
	1203	2.84001e+06	20447.9
	1204	2.84001e+06	20447.9
	1205	2.84001e+06	20447.9
	1206	2.84001e+06	20447.9
	1207	2.84001e+06	20447.9
	1208	2.84001e+06	20447.9
	1209	2.84001e+06	20447.9
	1210	2.84001e+06	20447.9
	1211	2.84001e+06	20447.9
	1212	2.84001e+06	20447.9
	1213	2.84001e+06	20447.9
	1214	2.84001e+06	20447.9
	1215	2.84001e+06	20447.9
	1216	2.84001e+06	20447.9
	1217	2.84001e+06	20447.9
	1218	2.84001e+06	20447.9
	1219	2.84001e+06	20447.9
	1220	2.84001e+06	20447.9
	1221	2.84001e+06	20447.9
	1222	2.84001e+06	20447.9
	1223	2.84001e+06	20447.9
	1224	2.84001e+06	20447.9
	1225	2.84001e+06	20447.9
	1226	2.84001e+06	20447.9
	1227	2.84001e+06	20447.9
	1228	2.84001e+06	20447.9
	1229	2.84001e+06	20447.9
	1230	2.84001e+06	20447.9
	1231	2.84001e+06	20448
	1232	2.84001e+06	20448
	1233	2.84001e+06	20448
	1234	2.84001e+06	20448
	1235	2.84001e+06	20448
	1236	2.84001e+06	20448
	1237	2.84001e+06	20448
	1238	2.84001e+06	20448
	1239	2.84001e+06	20448
	1240	2.84001e+06	20448
	1241	2.84001e+06	20448
	1242	2.84001e+06	20448
	1243	2.84001e+06	20448
	1244	2.84001e+06	20448
	1245	2.84001e+06	20448
	1246	2.84001e+06	20448
	1247	2.84001e+06	20448
	1248	2.84001e+06	20448
	1249	2.84001e+06	20448
	1250	2.84001e+06	20448
	1251	2.84001e+06	20448
	1252	2.84001e+06	20448
	1253	2.84001e+06	20448
	1254	2.84001e+06	20448
	1255	2.84001e+06	20448
	1256	2.84001e+06	20448
	1257	2.84001e+06	20448
	1258	2.84001e+06	20448
	1259	2.84001e+06	20448
	1260	2.84001e+06	20448
	1261	2.84001e+06	20448
	1262	2.84001e+06	20448
	1263	2.84001e+06	20448
	1264	2.84001e+06	20448
	1265	2.84001e+06	20448
	1266	2.84001e+06	20448
	1267	2.84001e+06	20448
	1268	2.84001e+06	20448
	1269	2.84001e+06	20448
	1270	2.84001e+06	20448
	1271	2.84001e+06	20448
	1272	2.84001e+06	20448
	1273	2.84001e+06	20448
	1274	2.84001e+06	20448
	1275	2.84001e+06	20448
	1276	2.84001e+06	20448
	1277	2.84001e+06	20448
	1278	2.84001e+06	20448
	1279	2.84001e+06	20448
	1280	2.84001e+06	20448
	1281	2.84001e+06	20448
	1282	2.84001e+06	20448
	1283	2.84001e+06	20448
	1284	2.84001e+06	20448
	1285	2.84001e+06	20448
	1286	2.84001e+06	20448
	1287	2.84001e+06	20448
	1288	2.84001e+06	20448
	1289	2.84001e+06	20448
	1290	2.84001e+06	20448
	1291	2.84001e+06	20448
	1292	2.84001e+06	20448
	1293	2.84001e+06	20448
	1294	2.84001e+06	20448
	1295	2.84001e+06	20448
	1296	2.84001e+06	20448
	1297	2.84001e+06	20448
	1298	2.84001e+06	20448
	1299	2.84001e+06	20448
	1300	2.84001e+06	20448
	1301	2.84001e+06	20448
	1302	2.84001e+06	20448
	1303	2.84001e+06	20448
	1304	2.84001e+06	20448
	1305	2.84001e+06	20448
	1306	2.84001e+06	20448
	1307	2.84001e+06	20448
	1308	2.84001e+06	20448
	1309	2.84001e+06	20448
	1310	2.84001e+06	20448
	1311	2.84001e+06	20448
	1312	2.84001e+06	20448
	1313	2.84001e+06	20448
	1314	2.84001e+06	20448
	1315	2.84001e+06	20448
	1316	2.84001e+06	20448
	1317	2.84001e+06	20448
	1318	2.84001e+06	20448
	1319	2.84001e+06	20448
	1320	2.84001e+06	20448
	1321	2.84001e+06	20448
	1322	2.84001e+06	20448
	1323	2.84e+06	20448
	1324	2.84e+06	20448
	1325	2.84e+06	20448
	1326	2.84e+06	20448
	1327	2.84e+06	20448
	1328	2.84e+06	20448
	1329	2.84e+06	20448
	1330	2.84e+06	20448
	1331	2.84e+06	20448
	1332	2.84e+06	20448
	1333	2.84e+06	20448
	1334	2.84e+06	20448
	1335	2.84e+06	20448
	1336	2.84e+06	20448
	1337	2.84e+06	20448
	1338	2.84e+06	20448
	1339	2.84e+06	20448
	1340	2.84e+06	20448
	1341	2.84e+06	20448
	1342	2.84e+06	20448
	1343	2.84e+06	20448
	1344	2.84e+06	20448
	1345	2.84e+06	20448
	1346	2.84e+06	20448
	1347	2.84e+06	20448
	1348	2.84e+06	20448
	1349	2.84e+06	20448
	1350	2.84e+06	20448
	1351	2.84e+06	20448
	1352	2.84e+06	20448
	1353	2.84e+06	20448
	1354	2.84e+06	20448
	1355	2.84e+06	20448
	1356	2.84e+06	20448
	1357	2.84e+06	20448
	1358	2.84e+06	20448
	1359	2.84e+06	20448
	1360	2.84e+06	20448
	1361	2.84e+06	20448
	1362	2.84e+06	20448
	1363	2.84e+06	20448
	1364	2.84e+06	20448
	1365	2.84e+06	20448
	1366	2.84e+06	20448
	1367	2.84e+06	20448
	1368	2.84e+06	20448
	1369	2.84e+06	20448
	1370	2.84e+06	20448
	1371	2.84e+06	20448
	1372	2.84e+06	20448
	1373	2.84e+06	20448
	1374	2.84e+06	20448
	1375	2.84e+06	20448
	1376	2.84e+06	20448
	1377	2.84e+06	20448
	1378	2.84e+06	20448
	1379	2.84e+06	20448
	1380	2.84e+06	20448
	1381	2.84e+06	20448
	1382	2.84e+06	20448
	1383	2.84e+06	20448
	1384	2.84e+06	20448
	1385	2.84e+06	20448
	1386	2.84e+06	20448
	1387	2.84e+06	20448
	1388	2.84e+06	20448
	1389	2.84e+06	20448
	1390	2.84e+06	20448
	1391	2.84e+06	20448
	1392	2.84e+06	20448
	1393	2.84e+06	20448
	1394	2.84e+06	20448
	1395	2.84e+06	20448
	1396	2.84e+06	20448
	1397	2.84e+06	20448
	1398	2.84e+06	20448
	1399	2.84e+06	20448
	1400	2.84e+06	20448
	1401	2.84e+06	20448
	1402	2.84e+06	20448
	1403	2.84e+06	20448
	1404	2.84e+06	20448
	1405	2.84e+06	20448
	1406	2.84e+06	20448
	1407	2.84e+06	20448
	1408	2.84e+06	20448
	1409	2.84e+06	20448
	1410	2.84e+06	20448
	1411	2.84e+06	20448
	1412	2.84e+06	20448
	1413	2.84e+06	20448
	1414	2.84e+06	20448
	1415	2.84e+06	20448
	1416	2.84e+06	20448
	1417	2.84e+06	20448
	1418	2.84e+06	20448
	1419	2.84e+06	20448
	1420	2.84e+06	20448
	1421	2.84e+06	20448
	1422	2.84e+06	20448
	1423	2.84e+06	20448
	1424	2.84e+06	20448
	1425	2.84e+06	20448
	1426	2.84e+06	20448
	1427	2.84e+06	20448
	1428	2.84e+06	20448
	1429	2.84e+06	20448
	1430	2.84e+06	20448
	1431	2.84e+06	20448
	1432	2.84e+06	20448
	1433	2.84e+06	20448
	1434	2.84e+06	20448
	1435	2.84e+06	20448
	1436	2.84e+06	20448
	1437	2.84e+06	20448
	1438	2.84e+06	20448
	1439	2.84e+06	20448
	1440	2.84e+06	20448
	1441	2.84e+06	20448
	1442	2.84e+06	20448
	1443	2.84e+06	20448
	1444	2.84e+06	20448
	1445	2.84e+06	20448
	1446	2.84e+06	20448
	1447	2.84e+06	20448
	1448	2.84e+06	20448
	1449	2.84e+06	20448
	1450	2.84e+06	20448
	1451	2.84e+06	20448
	1452	2.84e+06	20448
	1453	2.84e+06	20448
	1454	2.84e+06	20448
	1455	2.84e+06	20448
	1456	2.84e+06	20448
	1457	2.84e+06	20448
	1458	2.84e+06	20448
	1459	2.84e+06	20448
	1460	2.84e+06	20448
	1461	2.84e+06	20448
	1462	2.84e+06	20448
	1463	2.84e+06	20448
	1464	2.84e+06	20448
	1465	2.84e+06	20448
	1466	2.84e+06	20448
	1467	2.84e+06	20448
	1468	2.84e+06	20448
	1469	2.84e+06	20448
	1470	2.84e+06	20448
	1471	2.84e+06	20448
	1472	2.84e+06	20448
	1473	2.84e+06	20448
	1474	2.84e+06	20448
	1475	2.84e+06	20448
	1476	2.84e+06	20448
	1477	2.84e+06	20448
	1478	2.84e+06	20448
	1479	2.84e+06	20448
	1480	2.84e+06	20448
	1481	2.84e+06	20448
	1482	2.84e+06	20448
	1483	2.84e+06	20448
	1484	2.84e+06	20448
	1485	2.84e+06	20448
	1486	2.84e+06	20448
	1487	2.84e+06	20448
	1488	2.84e+06	20448
	1489	2.84e+06	20448
	1490	2.84e+06	20448
	1491	2.84e+06	20448
	1492	2.84e+06	20448
	1493	2.84e+06	20448
	1494	2.84e+06	20448
	1495	2.84e+06	20448
	1496	2.84e+06	20448
	1497	2.84e+06	20448
	1498	2.84e+06	20448
	1499	2.84e+06	20448
	1500	2.84e+06	20448
	1501	2.84e+06	20448
	1502	2.84e+06	20448
	1503	2.84e+06	20448
	1504	2.84e+06	20448
	1505	2.84e+06	20448
	1506	2.84e+06	20448
	1507	2.84e+06	20448
	1508	2.84e+06	20448
	1509	2.84e+06	20448
	1510	2.84e+06	20448
	1511	2.84e+06	20448
	1512	2.84e+06	20448
	1513	2.84e+06	20448
	1514	2.84e+06	20448
	1515	2.84e+06	20448
	1516	2.84e+06	20448
	1517	2.84e+06	20448
	1518	2.84e+06	20448
	1519	2.84e+06	20448
	1520	2.84e+06	20448
	1521	2.84e+06	20448
	1522	2.84e+06	20448
	1523	2.84e+06	20448
	1524	2.84e+06	20448
	1525	2.84e+06	20448
	1526	2.84e+06	20448
	1527	2.84e+06	20448
	1528	2.84e+06	20448
	1529	2.84e+06	20448
	1530	2.84e+06	20448
	1531	2.84e+06	20448
	1532	2.84e+06	20448
	1533	2.84e+06	20448
	1534	2.84e+06	20448
	1535	2.84e+06	20448
	1536	2.84e+06	20448
	1537	2.84e+06	20448
	1538	2.84e+06	20448
	1539	2.84e+06	20448
	1540	2.84e+06	20448
	1541	2.84e+06	20448
	1542	2.84e+06	20448
	1543	2.84e+06	20448
	1544	2.84e+06	20448
	1545	2.84e+06	20448
	1546	2.84e+06	20448
	1547	2.84e+06	20448
	1548	2.84e+06	20448
	1549	2.84e+06	20448
	1550	2.84e+06	20448
	1551	2.84e+06	20448
	1552	2.84e+06	20448
	1553	2.84e+06	20448
	1554	2.84e+06	20448
	1555	2.84e+06	20448
	1556	2.84e+06	20448
	1557	2.84e+06	20448
	1558	2.84e+06	20448
	1559	2.84e+06	20448
	1560	2.84e+06	20448
	1561	2.84e+06	20448
	1562	2.84e+06	20448
	1563	2.84e+06	20448
	1564	2.84e+06	20448
	1565	2.84e+06	20448
	1566	2.84e+06	20448
	1567	2.84e+06	20448
	1568	2.84e+06	20448
	1569	2.84e+06	20448
	1570	2.84e+06	20448
	1571	2.84e+06	20448
	1572	2.84e+06	20448
	1573	2.84e+06	20448
	1574	2.84e+06	20448
	1575	2.84e+06	20448
	1576	2.84e+06	20448
	1577	2.84e+06	20448
	1578	2.84e+06	20448
	1579	2.84e+06	20448
	1580	2.84e+06	20448
	1581	2.84e+06	20448
	1582	2.84e+06	20448
	1583	2.84e+06	20448
	1584	2.84e+06	20448
	1585	2.84e+06	20448
	1586	2.84e+06	20448
	1587	2.84e+06	20448
	1588	2.84e+06	20448
	1589	2.84e+06	20448
	1590	2.84e+06	20448
	1591	2.84e+06	20448
	1592	2.84e+06	20448
	1593	2.84e+06	20448
	1594	2.84e+06	20448
	1595	2.84e+06	20448
	1596	2.84e+06	20448
	1597	2.84e+06	20448
	1598	2.84e+06	20448
	1599	2.84e+06	20448
	1600	2.84e+06	20448
	1601	2.84e+06	20448
	1602	2.84e+06	20448
	1603	2.84e+06	20448
	1604	2.84e+06	20448
	1605	2.84e+06	20448
	1606	2.84e+06	20448
	1607	2.84e+06	20448
	1608	2.84e+06	20448
	1609	2.84e+06	20448
	1610	2.84e+06	20448
	1611	2.84e+06	20448
	1612	2.84e+06	20448
	1613	2.84e+06	20448
	1614	2.84e+06	20448
	1615	2.84e+06	20448
	1616	2.84e+06	20448
	1617	2.84e+06	20448
	1618	2.84e+06	20448
	1619	2.84e+06	20448
	1620	2.84e+06	20448
	1621	2.84e+06	20448
	1622	2.84e+06	20448
	1623	2.84e+06	20448
	1624	2.84e+06	20448
	1625	2.84e+06	20448
	1626	2.84e+06	20448
	1627	2.84e+06	20448
	1628	2.84e+06	20448
	1629	2.84e+06	20448
	1630	2.84e+06	20448
	1631	2.84e+06	20448
	1632	2.84e+06	20448
	1633	2.84e+06	20448
	1634	2.84e+06	20448
	1635	2.84e+06	20448
	1636	2.84e+06	20448
	1637	2.84e+06	20448
	1638	2.84e+06	20448
	1639	2.84e+06	20448
	1640	2.84e+06	20448
	1641	2.84e+06	20448
	1642	2.84e+06	20448
	1643	2.84e+06	20448
	1644	2.84e+06	20448
	1645	2.84e+06	20448
	1646	2.84e+06	20448
	1647	2.84e+06	20448
	1648	2.84e+06	20448
	1649	2.84e+06	20448
	1650	2.84e+06	20448
	1651	2.84e+06	20448
	1652	2.84e+06	20448
	1653	2.84e+06	20448
	1654	2.84e+06	20448
	1655	2.84e+06	20448
	1656	2.84e+06	20448
	1657	2.84e+06	20448
	1658	2.84e+06	20448
	1659	2.84e+06	20448
	1660	2.84e+06	20448
	1661	2.84e+06	20448
	1662	2.84e+06	20448
	1663	2.84e+06	20448
	1664	2.84e+06	20448
	1665	2.84e+06	20448
	1666	2.84e+06	20448
	1667	2.84e+06	20448
	1668	2.84e+06	20448
	1669	2.84e+06	20448
	1670	2.84e+06	20448
	1671	2.84e+06	20448
	1672	2.84e+06	20448
	1673	2.84e+06	20448
	1674	2.84e+06	20448
	1675	2.84e+06	20448
	1676	2.84e+06	20448
	1677	2.84e+06	20448
	1678	2.84e+06	20448
	1679	2.84e+06	20448
	1680	2.84e+06	20448
	1681	2.84e+06	20448
	1682	2.84e+06	20448
	1683	2.84e+06	20448
	1684	2.84e+06	20448
	1685	2.84e+06	20448
	1686	2.84e+06	20448
	1687	2.84e+06	20448
	1688	2.84e+06	20448
	1689	2.84e+06	20448
	1690	2.84e+06	20448
	1691	2.84e+06	20448
	1692	2.84e+06	20448
	1693	2.84e+06	20448
	1694	2.84e+06	20448
	1695	2.84e+06	20448
	1696	2.84e+06	20448
	1697	2.84e+06	20448
	1698	2.84e+06	20448
	1699	2.84e+06	20448
	1700	2.84e+06	20448
	1701	2.84e+06	20448
	1702	2.84e+06	20448
	1703	2.84e+06	20448
	1704	2.84e+06	20448
	1705	2.84e+06	20448
	1706	2.84e+06	20448
	1707	2.84e+06	20448
	1708	2.84e+06	20448
	1709	2.84e+06	20448
	1710	2.84e+06	20448
	1711	2.84e+06	20448
	1712	2.84e+06	20448
	1713	2.84e+06	20448
	1714	2.84e+06	20448
	1715	2.84e+06	20448
	1716	2.84e+06	20448
	1717	2.84e+06	20448
	1718	2.84e+06	20448
	1719	2.84e+06	20448
	1720	2.84e+06	20448
	1721	2.84e+06	20448
	1722	2.84e+06	20448
	1723	2.84e+06	20448
	1724	2.84e+06	20448
	1725	2.84e+06	20448
	1726	2.84e+06	20448
	1727	2.84e+06	20448
	1728	2.84e+06	20448
	1729	2.84e+06	20448
	1730	2.84e+06	20448
	1731	2.84e+06	20448
	1732	2.84e+06	20448
	1733	2.84e+06	20448
	1734	2.84e+06	20448
	1735	2.84e+06	20448
	1736	2.84e+06	20448
	1737	2.84e+06	20448
	1738	2.84e+06	20448
	1739	2.84e+06	20448
	1740	2.84e+06	20448
	1741	2.84e+06	20448
	1742	2.84e+06	20448
	1743	2.84e+06	20448
	1744	2.84e+06	20448
	1745	2.84e+06	20448
	1746	2.84e+06	20448
	1747	2.84e+06	20448
	1748	2.84e+06	20448
	1749	2.84e+06	20448
	1750	2.84e+06	20448
	1751	2.84e+06	20448
	1752	2.84e+06	20448
	1753	2.84e+06	20448
	1754	2.84e+06	20448
	1755	2.84e+06	20448
	1756	2.84e+06	20448
	1757	2.84e+06	20448
	1758	2.84e+06	20448
	1759	2.84e+06	20448
	1760	2.84e+06	20448
	1761	2.84e+06	20448
	1762	2.84e+06	20448
	1763	2.84e+06	20448
	1764	2.84e+06	20448
	1765	2.84e+06	20448
	1766	2.84e+06	20448
	1767	2.84e+06	20448
	1768	2.84e+06	20448
	1769	2.84e+06	20448
	1770	2.84e+06	20448
	1771	2.84e+06	20448
	1772	2.84e+06	20448
	1773	2.84e+06	20448
	1774	2.84e+06	20448
	1775	2.84e+06	20448
	1776	2.84e+06	20448
	1777	2.84e+06	20448
	1778	2.84e+06	20448
	1779	2.84e+06	20448
	1780	2.84e+06	20448
	1781	2.84e+06	20448
	1782	2.84e+06	20448
	1783	2.84e+06	20448
	1784	2.84e+06	20448
	1785	2.84e+06	20448
	1786	2.84e+06	20448
	1787	2.84e+06	20448
	1788	2.84e+06	20448
	1789	2.84e+06	20448
	1790	2.84e+06	20448
	1791	2.84e+06	20448
	1792	2.84e+06	20448
	1793	2.84e+06	20448
	1794	2.84e+06	20448
	1795	2.84e+06	20448
	1796	2.84e+06	20448
	1797	2.84e+06	20448
	1798	2.84e+06	20448
	1799	2.84e+06	20448
	1800	2.84e+06	20448
	1801	2.84e+06	20448
	1802	2.84e+06	20448
	1803	2.84e+06	20448
	1804	2.84e+06	20448
	1805	2.84e+06	20448
	1806	2.84e+06	20448
	1807	2.84e+06	20448
	1808	2.84e+06	20448
	1809	2.84e+06	20448
	1810	2.84e+06	20448
	1811	2.84e+06	20448
	1812	2.84e+06	20448
	1813	2.84e+06	20448
	1814	2.84e+06	20448
	1815	2.84e+06	20448
	1816	2.84e+06	20448
	1817	2.84e+06	20448
	1818	2.84e+06	20448
	1819	2.84e+06	20448
	1820	2.84e+06	20448
	1821	2.84e+06	20448
	1822	2.84e+06	20448
	1823	2.84e+06	20448
	1824	2.84e+06	20448
	1825	2.84e+06	20448
	1826	2.84e+06	20448
	1827	2.84e+06	20448
	1828	2.84e+06	20448
	1829	2.84e+06	20448
	1830	2.84e+06	20448
	1831	2.84e+06	20448
	1832	2.84e+06	20448
	1833	2.84e+06	20448
	1834	2.84e+06	20448
	1835	2.84e+06	20448
	1836	2.84e+06	20448
	1837	2.84e+06	20448
	1838	2.84e+06	20448
	1839	2.84e+06	20448
	1840	2.84e+06	20448
	1841	2.84e+06	20448
	1842	2.84e+06	20448
	1843	2.84e+06	20448
	1844	2.84e+06	20448
	1845	2.84e+06	20448
	1846	2.84e+06	20448
	1847	2.84e+06	20448
	1848	2.84e+06	20448
	1849	2.84e+06	20448
	1850	2.84e+06	20448
	1851	2.84e+06	20448
	1852	2.84e+06	20448
	1853	2.84e+06	20448
	1854	2.84e+06	20448
	1855	2.84e+06	20448
	1856	2.84e+06	20448
	1857	2.84e+06	20448
	1858	2.84e+06	20448
	1859	2.84e+06	20448
	1860	2.84e+06	20448
	1861	2.84e+06	20448
	1862	2.84e+06	20448
	1863	2.84e+06	20448
	1864	2.84e+06	20448
	1865	2.84e+06	20448
	1866	2.84e+06	20448
	1867	2.84e+06	20448
	1868	2.84e+06	20448
	1869	2.84e+06	20448
	1870	2.84e+06	20448
	1871	2.84e+06	20448
	1872	2.84e+06	20448
	1873	2.84e+06	20448
	1874	2.84e+06	20448
	1875	2.84e+06	20448
	1876	2.84e+06	20448
	1877	2.84e+06	20448
	1878	2.84e+06	20448
	1879	2.84e+06	20448
	1880	2.84e+06	20448
	1881	2.84e+06	20448
	1882	2.84e+06	20448
	1883	2.84e+06	20448
	1884	2.84e+06	20448
	1885	2.84e+06	20448
	1886	2.84e+06	20448
	1887	2.84e+06	20448
	1888	2.84e+06	20448
	1889	2.84e+06	20448
	1890	2.84e+06	20448
	1891	2.84e+06	20448
	1892	2.84e+06	20448
	1893	2.84e+06	20448
	1894	2.84e+06	20448
	1895	2.84e+06	20448
	1896	2.84e+06	20448
	1897	2.84e+06	20448
	1898	2.84e+06	20448
	1899	2.84e+06	20448
	1900	2.84e+06	20448
	1901	2.84e+06	20448
	1902	2.84e+06	20448
	1903	2.84e+06	20448
	1904	2.84e+06	20448
	1905	2.84e+06	20448
	1906	2.84e+06	20448
	1907	2.84e+06	20448
	1908	2.84e+06	20448
	1909	2.84e+06	20448
	1910	2.84e+06	20448
	1911	2.84e+06	20448
	1912	2.84e+06	20448
	1913	2.84e+06	20448
	1914	2.84e+06	20448
	1915	2.84e+06	20448
	1916	2.84e+06	20448
	1917	2.84e+06	20448
	1918	2.84e+06	20448
	1919	2.84e+06	20448
	1920	2.84e+06	20448
	1921	2.84e+06	20448
	1922	2.84e+06	20448
	1923	2.84e+06	20448
	1924	2.84e+06	20448
	1925	2.84e+06	20448
	1926	2.84e+06	20448
	1927	2.84e+06	20448
	1928	2.84e+06	20448
	1929	2.84e+06	20448
	1930	2.84e+06	20448
	1931	2.84e+06	20448
	1932	2.84e+06	20448
	1933	2.84e+06	20448
	1934	2.84e+06	20448
	1935	2.84e+06	20448
	1936	2.84e+06	20448
	1937	2.84e+06	20448
	1938	2.84e+06	20448
	1939	2.84e+06	20448
	1940	2.84e+06	20448
	1941	2.84e+06	20448
	1942	2.84e+06	20448
	1943	2.84e+06	20448
	1944	2.84e+06	20448
	1945	2.84e+06	20448
	1946	2.84e+06	20448
	1947	2.84e+06	20448
	1948	2.84e+06	20448
	1949	2.84e+06	20448
	1950	2.84e+06	20448
	1951	2.84e+06	20448
	1952	2.84e+06	20448
	1953	2.84e+06	20448
	1954	2.84e+06	20448
	1955	2.84e+06	20448
	1956	2.84e+06	20448
	1957	2.84e+06	20448
	1958	2.84e+06	20448
	1959	2.84e+06	20448
	1960	2.84e+06	20448
	1961	2.84e+06	20448
	1962	2.84e+06	20448
	1963	2.84e+06	20448
	1964	2.84e+06	20448
	1965	2.84e+06	20448
	1966	2.84e+06	20448
	1967	2.84e+06	20448
	1968	2.84e+06	20448
	1969	2.84e+06	20448
	1970	2.84e+06	20448
	1971	2.84e+06	20448
	1972	2.84e+06	20448
	1973	2.84e+06	20448
	1974	2.84e+06	20448
	1975	2.84e+06	20448
	1976	2.84e+06	20448
	1977	2.84e+06	20448
	1978	2.84e+06	20448
	1979	2.84e+06	20448
	1980	2.84e+06	20448
	1981	2.84e+06	20448
	1982	2.84e+06	20448
	1983	2.84e+06	20448
	1984	2.84e+06	20448
	1985	2.84e+06	20448
	1986	2.84e+06	20448
	1987	2.84e+06	20448
	1988	2.84e+06	20448
	1989	2.84e+06	20448
	1990	2.84e+06	20448
	1991	2.84e+06	20448
	1992	2.84e+06	20448
	1993	2.84e+06	20448
	1994	2.84e+06	20448
	1995	2.84e+06	20448
	1996	2.84e+06	20448
	1997	2.84e+06	20448
	1998	2.84e+06	20448
	1999	2.84e+06	20448
	2000	2.84e+06	20448
	2001	2.84e+06	20448
	2002	2.90504e+06	4131.65
	2003	2.9692e+06	4175.22
	2004	3.0324e+06	4220.33
	2005	3.09452e+06	4267
	2006	3.15547e+06	4315.23
	2007	3.21518e+06	4365.05
	2008	3.27356e+06	4416.46
	2009	3.33053e+06	4469.48
	2010	3.38605e+06	4524.12
	2011	3.44006e+06	4580.38
	2012	3.4925e+06	4638.28
	2013	3.54334e+06	4697.82
	2014	3.59254e+06	4759
	2015	3.64009e+06	4821.83
	2016	3.68597e+06	4886.31
	2017	3.73016e+06	4952.45
	2018	3.77266e+06	5020.24
	2019	3.81347e+06	5089.69
	2020	3.85261e+06	5160.79
	2021	3.89007e+06	5233.54
	2022	3.92588e+06	5307.94
	2023	3.96007e+06	5383.99
	2024	3.99264e+06	5461.67
	2025	4.02364e+06	5540.99
	2026	4.05308e+06	5621.94
	2027	4.08102e+06	5704.51
	2028	4.10747e+06	5788.7
	2029	4.13248e+06	5874.49
	2030	4.15609e+06	5961.88
	2031	4.17833e+06	6050.86
	2032	4.19925e+06	6141.41
	2033	4.21888e+06	6233.53
	2034	4.23727e+06	6327.2
	2035	4.25446e+06	6422.41
	2036	4.27049e+06	6519.15
	2037	4.2854e+06	6617.4
	2038	4.29923e+06	6717.15
	2039	4.31201e+06	6818.39
	2040	4.3238e+06	6921.1
	2041	4.33462e+06	7025.25
	2042	4.34452e+06	7130.84
	2043	4.35353e+06	7237.85
	2044	4.36168e+06	7346.25
	2045	4.36901e+06	7456.03
	2046	4.37556e+06	7567.17
	2047	4.38135e+06	7679.65
	2048	4.38641e+06	7793.44
	2049	4.39078e+06	7908.52
	2050	4.39449e+06	8024.88
	2051	4.39755e+06	8142.48
	2052	4.4e+06	8261.3
	2053	4.40187e+06	8381.32
	2054	4.40317e+06	8502.51
	2055	4.40393e+06	8624.84
	2056	4.40418e+06	8748.29
	2057	4.40393e+06	8872.83
	2058	4.40321e+06	8998.42
	2059	4.40202e+06	9125.05
	2060	4.40041e+06	9252.67
	2061	4.39837e+06	9381.26
	2062	4.39593e+06	9510.78
	2063	4.3931e+06	9641.21
	2064	4.3899e+06	9772.5
	2065	4.38634e+06	9904.63
	2066	4.38245e+06	10037.6
	2067	4.37822e+06	10171.2
	2068	4.37368e+06	10305.7
	2069	4.36883e+06	10440.8
	2070	4.36369e+06	10576.5
	2071	4.35826e+06	10712.9
	2072	4.35257e+06	10849.8
	2073	4.34661e+06	10987.3
	2074	4.34041e+06	11125.3
	2075	4.33396e+06	11263.7
	2076	4.32728e+06	11402.6
	2077	4.32037e+06	11541.8
	2078	4.31324e+06	11681.4
	2079	4.30591e+06	11821.2
	2080	4.29838e+06	11961.3
	2081	4.29065e+06	12101.6
	2082	4.28273e+06	12242
	2083	4.27463e+06	12382.6
	2084	4.26635e+06	12523.2
	2085	4.25791e+06	12663.8
	2086	4.24931e+06	12804.5
	2087	4.24054e+06	12945.1
	2088	4.23163e+06	13085.5
	2089	4.22257e+06	13225.9
	2090	4.21336e+06	13366
	2091	4.20402e+06	13505.9
	2092	4.19455e+06	13645.5
	2093	4.18495e+06	13784.7
	2094	4.17523e+06	13923.7
	2095	4.1654e+06	14062.1
	2096	4.15544e+06	14200.2
	2097	4.14538e+06	14337.7
	2098	4.13522e+06	14474.7
	2099	4.12495e+06	14611.1
	2100	4.11458e+06	14746.8
	2101	4.10412e+06	14881.9
	2102	4.09358e+06	15016.3
	2103	4.08294e+06	15149.9
	2104	4.07223e+06	15282.8
	2105	4.06143e+06	15414.8
	2106	4.05056e+06	15545.9
	2107	4.03962e+06	15676.1
	2108	4.02861e+06	15805.4
	2109	4.01753e+06	15933.7
	2110	4.0064e+06	16061
	2111	3.9952e+06	16187.2
	2112	3.98395e+06	16312.3
	2113	3.97265e+06	16436.3
	2114	3.96129e+06	16559.2
	2115	3.9499e+06	16680.9
	2116	3.93846e+06	16801.3
	2117	3.92698e+06	16920.6
	2118	3.91546e+06	17038.5
	2119	3.90391e+06	17155.1
	2120	3.89233e+06	17270.5
	2121	3.88072e+06	17384.4
	2122	3.86908e+06	17497
	2123	3.85743e+06	17608.2
	2124	3.84575e+06	17718
	2125	3.83405e+06	17826.3
	2126	3.82235e+06	17933.2
	2127	3.81063e+06	18038.6
	2128	3.7989e+06	18142.5
	2129	3.78716e+06	18244.9
	2130	3.77543e+06	18345.7
	2131	3.76369e+06	18445
	2132	3.75195e+06	18542.8
	2133	3.74022e+06	18638.9
	2134	3.72849e+06	18733.5
	2135	3.71677e+06	18826.5
	2136	3.70506e+06	18917.9
	2137	3.69337e+06	19007.7
	2138	3.68169e+06	19095.9
	2139	3.67003e+06	19182.5
	2140	3.65839e+06	19267.4
	2141	3.64678e+06	19350.7
	2142	3.63519e+06	19432.4
	2143	3.62362e+06	19512.5
	2144	3.61209e+06	19590.9
	2145	3.60058e+06	19667.6
	2146	3.58911e+06	19742.8
	2147	3.57768e+06	19816.3
	2148	3.56628e+06	19888.2
	2149	3.55492e+06	19958.4
	2150	3.5436e+06	20027.1
	2151	3.53233e+06	20094.1
	2152	3.5211e+06	20159.5
	2153	3.50992e+06	20223.3
	2154	3.49878e+06	20285.5
	2155	3.4877e+06	20346.2
	2156	3.47666e+06	20405.2
	2157	3.46569e+06	20462.7
	2158	3.45476e+06	20518.7
	2159	3.44389e+06	20573.1
	2160	3.43309e+06	20625.9
	2161	3.42234e+06	20677.3
	2162	3.41165e+06	20727.1
	2163	3.40102e+06	20775.5
	2164	3.39046e+06	20822.3
	2165	3.37997e+06	20867.7
	2166	3.36954e+06	20911.7
	2167	3.35918e+06	20954.2
	2168	3.34889e+06	20995.3
	2169	3.33867e+06	21035
	2170	3.32852e+06	21073.3
	2171	3.31844e+06	21110.2
	2172	3.30844e+06	21145.8
	2173	3.29851e+06	21180.1
	2174	3.28866e+06	21213
	2175	3.27889e+06	21244.7
	2176	3.2692e+06	21275
	2177	3.25958e+06	21304.1
	2178	3.25004e+06	21332
	2179	3.24059e+06	21358.6
	2180	3.23122e+06	21384
	2181	3.22193e+06	21408.2
	2182	3.21272e+06	21431.3
	2183	3.2036e+06	21453.2
	2184	3.19456e+06	21474
	2185	3.18561e+06	21493.7
	2186	3.17674e+06	21512.3
	2187	3.16796e+06	21529.8
	2188	3.15927e+06	21546.3
	2189	3.15067e+06	21561.8
	2190	3.14216e+06	21576.2
	2191	3.13373e+06	21589.7
	2192	3.12539e+06	21602.2
	2193	3.11715e+06	21613.7
	2194	3.109e+06	21624.3
	2195	3.10093e+06	21634
	2196	3.09296e+06	21642.8
	2197	3.08508e+06	21650.8
	2198	3.07729e+06	21657.9
	2199	3.0696e+06	21664.1
	2200	3.06199e+06	21669.5
	2201	3.05449e+06	21674.2
	2202	3.04707e+06	21678.1
	2203	3.03975e+06	21681.2
	2204	3.03252e+06	21683.6
	2205	3.02538e+06	21685.2
	2206	3.01834e+06	21686.2
	2207	3.0114e+06	21686.5
	2208	3.00454e+06	21686.1
	2209	2.99779e+06	21685
	2210	2.99112e+06	21683.4
	2211	2.98455e+06	21681.1
	2212	2.97808e+06	21678.2
	2213	2.9717e+06	21674.8
	2214	2.96541e+06	21670.8
	2215	2.95922e+06	21666.2
	2216	2.95313e+06	21661.2
	2217	2.94713e+06	21655.6
	2218	2.94122e+06	21649.5
	2219	2.9354e+06	21642.9
	2220	2.92969e+06	21635.9
	2221	2.92406e+06	21628.5
	2222	2.91853e+06	21620.6
	2223	2.91309e+06	21612.3
	2224	2.90775e+06	21603.6
	2225	2.9025e+06	21594.5
	2226	2.89734e+06	21585
	2227	2.89227e+06	21575.2
	2228	2.8873e+06	21565
	2229	2.88242e+06	21554.5
	2230	2.87763e+06	21543.7
	2231	2.87293e+06	21532.6
	2232	2.86833e+06	21521.2
	2233	2.86381e+06	21509.5
	2234	2.85939e+06	21497.5
	2235	2.85506e+06	21485.3
	2236	2.85081e+06	21472.9
	2237	2.84666e+06	21460.2
	2238	2.84259e+06	21447.4
	2239	2.83862e+06	21434.3
	2240	2.83473e+06	21421
	2241	2.83093e+06	21407.5
	2242	2.82721e+06	21393.9
	2243	2.82359e+06	21380.1
	2244	2.82005e+06	21366.2
	2245	2.81659e+06	21352.1
	2246	2.81322e+06	21337.9
	2247	2.80994e+06	21323.6
	2248	2.80674e+06	21309.2
	2249	2.80362e+06	21294.6
	2250	2.80059e+06	21280
	2251	2.79764e+06	21265.3
	2252	2.79477e+06	21250.6
	2253	2.79198e+06	21235.7
	2254	2.78928e+06	21220.9
	2255	2.78665e+06	21205.9
	2256	2.78411e+06	21191
	2257	2.78164e+06	21176
	2258	2.77925e+06	21160.9
	2259	2.77694e+06	21145.9
	2260	2.7747e+06	21130.9
	2261	2.77255e+06	21115.8
	2262	2.77046e+06	21100.8
	2263	2.76845e+06	21085.8
	2264	2.76652e+06	21070.8
	2265	2.76466e+06	21055.8
	2266	2.76287e+06	21040.9
	2267	2.76116e+06	21026
	2268	2.75951e+06	21011.2
	2269	2.75794e+06	20996.4
	2270	2.75643e+06	20981.6
	2271	2.755e+06	20967
	2272	2.75363e+06	20952.4
	2273	2.75233e+06	20937.8
	2274	2.7511e+06	20923.4
	2275	2.74993e+06	20909
	2276	2.74883e+06	20894.7
	2277	2.74779e+06	20880.6
	2278	2.74681e+06	20866.5
	2279	2.7459e+06	20852.5
	2280	2.74504e+06	20838.6
	2281	2.74425e+06	20824.9
	2282	2.74352e+06	20811.2
	2283	2.74285e+06	20797.7
	2284	2.74223e+06	20784.3
	2285	2.74168e+06	20771
	2286	2.74117e+06	20757.8
	2287	2.74073e+06	20744.8
	2288	2.74034e+06	20731.9
	2289	2.74e+06	20719.2
	2290	2.73971e+06	20706.6
	2291	2.73948e+06	20694.1
	2292	2.7393e+06	20681.8
	2293	2.73917e+06	20669.6
	2294	2.73908e+06	20657.6
	2295	2.73905e+06	20645.8
	2296	2.73906e+06	20634.1
	2297	2.73912e+06	20622.5
	2298	2.73922e+06	20611.1
	2299	2.73937e+06	20599.9
	2300	2.73956e+06	20588.8
	2301	2.73979e+06	20577.9
	2302	2.74007e+06	20567.2
	2303	2.74039e+06	20556.6
	2304	2.74074e+06	20546.2
	2305	2.74114e+06	20536
	2306	2.74157e+06	20526
	2307	2.74204e+06	20516.1
	2308	2.74254e+06	20506.4
	2309	2.74309e+06	20496.8
	2310	2.74366e+06	20487.5
	2311	2.74427e+06	20478.3
	2312	2.74491e+06	20469.3
	2313	2.74558e+06	20460.5
	2314	2.74628e+06	20451.8
	2315	2.74702e+06	20443.3
	2316	2.74778e+06	20435
	2317	2.74857e+06	20426.9
	2318	2.74938e+06	20419
	2319	2.75022e+06	20411.2
	2320	2.75109e+06	20403.6
	2321	2.75198e+06	20396.2
	2322	2.75289e+06	20388.9
	2323	2.75383e+06	20381.9
	2324	2.75478e+06	20375
	2325	2.75576e+06	20368.3
	2326	2.75676e+06	20361.7
	2327	2.75778e+06	20355.4
	2328	2.75881e+06	20349.2
	2329	2.75986e+06	20343.2
	2330	2.76093e+06	20337.3
	2331	2.76202e+06	20331.7
	2332	2.76311e+06	20326.2
	2333	2.76423e+06	20320.8
	2334	2.76535e+06	20315.7
	2335	2.76649e+06	20310.7
	2336	2.76764e+06	20305.8
	2337	2.7688e+06	20301.2
	2338	2.76997e+06	20296.7
	2339	2.77115e+06	20292.3
	2340	2.77234e+06	20288.2
	2341	2.77353e+06	20284.1
	2342	2.77474e+06	20280.3
	2343	2.77594e+06	20276.6
	2344	2.77716e+06	20273
	2345	2.77838e+06	20269.6
	2346	2.7796e+06	20266.4
	2347	2.78083e+06	20263.3
	2348	2.78206e+06	20260.3
	2349	2.78329e+06	20257.5
	2350	2.78453e+06	20254.9
	2351	2.78576e+06	20252.4
	2352	2.787e+06	20250
	2353	2.78823e+06	20247.8
	2354	2.78946e+06	20245.7
	2355	2.7907e+06	20243.8
	2356	2.79193e+06	20241.9
	2357	2.79316e+06	20240.3
	2358	2.79438e+06	20238.7
	2359	2.7956e+06	20237.3
	2360	2.79682e+06	20236
	2361	2.79803e+06	20234.8
	2362	2.79924e+06	20233.8
	2363	2.80044e+06	20232.8
	2364	2.80164e+06	20232
	2365	2.80282e+06	20231.3
	2366	2.80401e+06	20230.7
	2367	2.80518e+06	20230.3
	2368	2.80635e+06	20229.9
	2369	2.8075e+06	20229.7
	2370	2.80865e+06	20229.5
	2371	2.80979e+06	20229.5
	2372	2.81093e+06	20229.5
	2373	2.81205e+06	20229.7
	2374	2.81316e+06	20230
	2375	2.81426e+06	20230.3
	2376	2.81535e+06	20230.8
	2377	2.81643e+06	20231.3
	2378	2.81749e+06	20232
	2379	2.81855e+06	20232.7
	2380	2.81959e+06	20233.5
	2381	2.82063e+06	20234.4
	2382	2.82164e+06	20235.3
	2383	2.82265e+06	20236.4
	2384	2.82364e+06	20237.5
	2385	2.82462e+06	20238.7
	2386	2.82559e+06	20240
	2387	2.82654e+06	20241.3
	2388	2.82748e+06	20242.7
	2389	2.82841e+06	20244.2
	2390	2.82932e+06	20245.7
	2391	2.83022e+06	20247.3
	2392	2.8311e+06	20249
	2393	2.83197e+06	20250.7
	2394	2.83282e+06	20252.4
	2395	2.83366e+06	20254.3
	2396	2.83449e+06	20256.1
	2397	2.8353e+06	20258.1
	2398	2.83609e+06	20260.1
	2399	2.83687e+06	20262.1
	2400	2.83764e+06	20264.1
	2401	2.83839e+06	20266.2
	2402	2.83912e+06	20268.4
	2403	2.83984e+06	20270.6
	2404	2.84054e+06	20272.8
	2405	2.84123e+06	20275.1
	2406	2.8419e+06	20277.4
	2407	2.84256e+06	20279.7
	2408	2.8432e+06	20282
	2409	2.84383e+06	20284.4
	2410	2.84444e+06	20286.8
	2411	2.84504e+06	20289.2
	2412	2.84562e+06	20291.7
	2413	2.84619e+06	20294.2
	2414	2.84674e+06	20296.7
	2415	2.84727e+06	20299.2
	2416	2.84779e+06	20301.7
	2417	2.8483e+06	20304.3
	2418	2.84879e+06	20306.8
	2419	2.84927e+06	20309.4
	2420	2.84973e+06	20312
	2421	2.85018e+06	20314.6
	2422	2.85061e+06	20317.1
	2423	2.85103e+06	20319.7
	2424	2.85143e+06	20322.4
	2425	2.85182e+06	20325
	2426	2.8522e+06	20327.6
	2427	2.85256e+06	20330.2
	2428	2.85291e+06	20332.8
	2429	2.85325e+06	20335.4
	2430	2.85357e+06	20338
	2431	2.85388e+06	20340.6
	2432	2.85417e+06	20343.2
	2433	2.85445e+06	20345.8
	2434	2.85472e+06	20348.4
	2435	2.85498e+06	20351
	2436	2.85522e+06	20353.6
	2437	2.85545e+06	20356.1
	2438	2.85567e+06	20358.7
	2439	2.85587e+06	20361.2
	2440	2.85607e+06	20363.7
	2441	2.85625e+06	20366.2
	2442	2.85642e+06	20368.7
	2443	2.85658e+06	20371.2
	2444	2.85673e+06	20373.6
	2445	2.85686e+06	20376.1
	2446	2.85699e+06	20378.5
	2447	2.8571e+06	20380.9
	2448	2.85721e+06	20383.3
	2449	2.8573e+06	20385.7
	2450	2.85738e+06	20388
	2451	2.85746e+06	20390.3
	2452	2.85752e+06	20392.6
	2453	2.85758e+06	20394.9
	2454	2.85762e+06	20397.1
	2455	2.85765e+06	20399.4
	2456	2.85768e+06	20401.6
	2457	2.8577e+06	20403.7
	2458	2.85771e+06	20405.9
	2459	2.8577e+06	20408
	2460	2.8577e+06	20410.1
	2461	2.85768e+06	20412.2
	2462	2.85765e+06	20414.2
	2463	2.85762e+06	20416.2
	2464	2.85758e+06	20418.2
	2465	2.85753e+06	20420.2
	2466	2.85748e+06	20422.1
	2467	2.85741e+06	20424
	2468	2.85735e+06	20425.9
	2469	2.85727e+06	20427.7
	2470	2.85719e+06	20429.5
	2471	2.8571e+06	20431.3
	2472	2.857e+06	20433
	2473	2.8569e+06	20434.8
	2474	2.85679e+06	20436.4
	2475	2.85668e+06	20438.1
	2476	2.85656e+06	20439.7
	2477	2.85644e+06	20441.3
	2478	2.85631e+06	20442.9
	2479	2.85618e+06	20444.4
	2480	2.85604e+06	20445.9
	2481	2.8559e+06	20447.4
	2482	2.85575e+06	20448.8
	2483	2.8556e+06	20450.2
	2484	2.85544e+06	20451.6
	2485	2.85528e+06	20452.9
	2486	2.85512e+06	20454.3
	2487	2.85495e+06	20455.5
	2488	2.85478e+06	20456.8
	2489	2.85461e+06	20458
	2490	2.85443e+06	20459.2
	2491	2.85425e+06	20460.3
	2492	2.85407e+06	20461.5
	2493	2.85389e+06	20462.6
	2494	2.8537e+06	20463.6
	2495	2.85351e+06	20464.7
	2496	2.85331e+06	20465.7
	2497	2.85312e+06	20466.6
	2498	2.85292e+06	20467.6
	2499	2.85272e+06	20468.5
	2500	2.85252e+06	20469.4
	2501	2.85232e+06	20470.2
	2502	2.85212e+06	20471.1
	2503	2.85191e+06	20471.8
	2504	2.85171e+06	20472.6
	2505	2.8515e+06	20473.4
	2506	2.85129e+06	20474.1
	2507	2.85109e+06	20474.8
	2508	2.85088e+06	20475.4
	2509	2.85067e+06	20476
	2510	2.85046e+06	20476.6
	2511	2.85024e+06	20477.2
	2512	2.85003e+06	20477.8
	2513	2.84982e+06	20478.3
	2514	2.84961e+06	20478.8
	2515	2.8494e+06	20479.3
	2516	2.84919e+06	20479.7
	2517	2.84898e+06	20480.1
	2518	2.84877e+06	20480.5
	2519	2.84855e+06	20480.9
	2520	2.84834e+06	20481.3
	2521	2.84814e+06	20481.6
	2522	2.84793e+06	20481.9
	2523	2.84772e+06	20482.2
	2524	2.84751e+06	20482.4
	2525	2.84731e+06	20482.7
	2526	2.8471e+06	20482.9
	2527	2.8469e+06	20483.1
	2528	2.84669e+06	20483.3
	2529	2.84649e+06	20483.4
	2530	2.84629e+06	20483.5
	2531	2.84609e+06	20483.7
	2532	2.8459e+06	20483.8
	2533	2.8457e+06	20483.8
	2534	2.8455e+06	20483.9
	2535	2.84531e+06	20483.9
	2536	2.84512e+06	20483.9
	2537	2.84493e+06	20483.9
	2538	2.84474e+06	20483.9
	2539	2.84456e+06	20483.9
	2540	2.84437e+06	20483.9
	2541	2.84419e+06	20483.8
	2542	2.84401e+06	20483.7
	2543	2.84383e+06	20483.6
	2544	2.84366e+06	20483.5
	2545	2.84348e+06	20483.4
	2546	2.84331e+06	20483.2
	2547	2.84314e+06	20483.1
	2548	2.84297e+06	20482.9
	2549	2.84281e+06	20482.8
	2550	2.84264e+06	20482.6
	2551	2.84248e+06	20482.4
	2552	2.84232e+06	20482.1
	2553	2.84217e+06	20481.9
	2554	2.84201e+06	20481.7
	2555	2.84186e+06	20481.4
	2556	2.84171e+06	20481.2
	2557	2.84156e+06	20480.9
	2558	2.84142e+06	20480.6
	2559	2.84128e+06	20480.3
	2560	2.84114e+06	20480
	2561	2.841e+06	20479.7
	2562	2.84086e+06	20479.4
	2563	2.84073e+06	20479.1
	2564	2.8406e+06	20478.8
	2565	2.84048e+06	20478.4
	2566	2.84035e+06	20478.1
	2567	2.84023e+06	20477.7
	2568	2.84011e+06	20477.4
	2569	2.83999e+06	20477
	2570	2.83988e+06	20476.6
	2571	2.83976e+06	20476.3
	2572	2.83966e+06	20475.9
	2573	2.83955e+06	20475.5
	2574	2.83944e+06	20475.1
	2575	2.83934e+06	20474.7
	2576	2.83924e+06	20474.3
	2577	2.83914e+06	20473.9
	2578	2.83905e+06	20473.5
	2579	2.83896e+06	20473.1
	2580	2.83887e+06	20472.7
	2581	2.83878e+06	20472.3
	2582	2.8387e+06	20471.8
	2583	2.83861e+06	20471.4
	2584	2.83853e+06	20471
	2585	2.83846e+06	20470.6
	2586	2.83838e+06	20470.1
	2587	2.83831e+06	20469.7
	2588	2.83824e+06	20469.3
	2589	2.83817e+06	20468.9
	2590	2.8381e+06	20468.4
	2591	2.83804e+06	20468
	2592	2.83798e+06	20467.6
	2593	2.83792e+06	20467.1
	2594	2.83786e+06	20466.7
	2595	2.83781e+06	20466.3
	2596	2.83776e+06	20465.8
	2597	2.83771e+06	20465.4
	2598	2.83766e+06	20465
	2599	2.83761e+06	20464.6
	2600	2.83757e+06	20464.1
	2601	2.83753e+06	20463.7
	2602	2.83749e+06	20463.3
	2603	2.83745e+06	20462.9
	2604	2.83742e+06	20462.5
	2605	2.83738e+06	20462
	2606	2.83735e+06	20461.6
	2607	2.83732e+06	20461.2
	2608	2.83729e+06	20460.8
	2609	2.83727e+06	20460.4
	2610	2.83725e+06	20460
	2611	2.83722e+06	20459.6
	2612	2.8372e+06	20459.2
	2613	2.83718e+06	20458.8
	2614	2.83717e+06	20458.4
	2615	2.83715e+06	20458
	2616	2.83714e+06	20457.6
	2617	2.83713e+06	20457.3
	2618	2.83712e+06	20456.9
	2619	2.83711e+06	20456.5
	2620	2.8371e+06	20456.1
	2621	2.83709e+06	20455.8
	2622	2.83709e+06	20455.4
	2623	2.83709e+06	20455.1
	2624	2.83709e+06	20454.7
	2625	2.83709e+06	20454.4
	2626	2.83709e+06	20454
	2627	2.83709e+06	20453.7
	2628	2.8371e+06	20453.3
	2629	2.8371e+06	20453
	2630	2.83711e+06	20452.7
	2631	2.83712e+06	20452.4
	2632	2.83713e+06	20452.1
	2633	2.83714e+06	20451.7
	2634	2.83715e+06	20451.4
	2635	2.83716e+06	20451.1
	2636	2.83717e+06	20450.8
	2637	2.83719e+06	20450.6
	2638	2.8372e+06	20450.3
	2639	2.83722e+06	20450
	2640	2.83724e+06	20449.7
	2641	2.83726e+06	20449.4
	2642	2.83728e+06	20449.2
	2643	2.8373e+06	20448.9
	2644	2.83732e+06	20448.7
	2645	2.83734e+06	20448.4
	2646	2.83736e+06	20448.2
	2647	2.83739e+06	20447.9
	2648	2.83741e+06	20447.7
	2649	2.83744e+06	20447.5
	2650	2.83746e+06	20447.2
	2651	2.83749e+06	20447
	2652	2.83751e+06	20446.8
	2653	2.83754e+06	20446.6
	2654	2.83757e+06	20446.4
	2655	2.8376e+06	20446.2
	2656	2.83763e+06	20446
	2657	2.83766e+06	20445.8
	2658	2.83769e+06	20445.6
	2659	2.83772e+06	20445.5
	2660	2.83775e+06	20445.3
	2661	2.83778e+06	20445.1
	2662	2.83781e+06	20445
	2663	2.83784e+06	20444.8
	2664	2.83788e+06	20444.6
	2665	2.83791e+06	20444.5
	2666	2.83794e+06	20444.4
	2667	2.83798e+06	20444.2
	2668	2.83801e+06	20444.1
	2669	2.83804e+06	20444
	2670	2.83808e+06	20443.8
	2671	2.83811e+06	20443.7
	2672	2.83815e+06	20443.6
	2673	2.83818e+06	20443.5
	2674	2.83822e+06	20443.4
	2675	2.83825e+06	20443.3
	2676	2.83828e+06	20443.2
	2677	2.83832e+06	20443.1
	2678	2.83835e+06	20443
	2679	2.83839e+06	20442.9
	2680	2.83842e+06	20442.8
	2681	2.83846e+06	20442.8
	2682	2.83849e+06	20442.7
	2683	2.83853e+06	20442.6
	2684	2.83856e+06	20442.6
	2685	2.8386e+06	20442.5
	2686	2.83863e+06	20442.4
	2687	2.83867e+06	20442.4
	2688	2.8387e+06	20442.3
	2689	2.83874e+06	20442.3
	2690	2.83877e+06	20442.3
	2691	2.83881e+06	20442.2
	2692	2.83884e+06	20442.2
	2693	2.83887e+06	20442.2
	2694	2.83891e+06	20442.1
	2695	2.83894e+06	20442.1
	2696	2.83897e+06	20442.1
	2697	2.83901e+06	20442.1
	2698	2.83904e+06	20442.1
	2699	2.83907e+06	20442
	2700	2.8391e+06	20442
	2701	2.83913e+06	20442
	2702	2.83917e+06	20442
	2703	2.8392e+06	20442
	2704	2.83923e+06	20442
	2705	2.83926e+06	20442
	2706	2.83929e+06	20442
	2707	2.83932e+06	20442.1
	2708	2.83935e+06	20442.1
	2709	2.83938e+06	20442.1
	2710	2.83941e+06	20442.1
	2711	2.83944e+06	20442.1
	2712	2.83947e+06	20442.2
	2713	2.83949e+06	20442.2
	2714	2.83952e+06	20442.2
	2715	2.83955e+06	20442.2
	2716	2.83958e+06	20442.3
	2717	2.8396e+06	20442.3
	2718	2.83963e+06	20442.3
	2719	2.83965e+06	20442.4
	2720	2.83968e+06	20442.4
	2721	2.83971e+06	20442.5
	2722	2.83973e+06	20442.5
	2723	2.83975e+06	20442.6
	2724	2.83978e+06	20442.6
	2725	2.8398e+06	20442.7
	2726	2.83982e+06	20442.7
	2727	2.83985e+06	20442.8
	2728	2.83987e+06	20442.8
	2729	2.83989e+06	20442.9
	2730	2.83991e+06	20442.9
	2731	2.83993e+06	20443
	2732	2.83995e+06	20443
	2733	2.83997e+06	20443.1
	2734	2.83999e+06	20443.1
	2735	2.84001e+06	20443.2
	2736	2.84003e+06	20443.3
	2737	2.84005e+06	20443.3
	2738	2.84007e+06	20443.4
	2739	2.84009e+06	20443.5
	2740	2.8401e+06	20443.5
	2741	2.84012e+06	20443.6
	2742	2.84014e+06	20443.7
	2743	2.84015e+06	20443.7
	2744	2.84017e+06	20443.8
	2745	2.84018e+06	20443.9
	2746	2.8402e+06	20443.9
	2747	2.84021e+06	20444
	2748	2.84023e+06	20444.1
	2749	2.84024e+06	20444.1
	2750	2.84025e+06	20444.2
	2751	2.84027e+06	20444.3
	2752	2.84028e+06	20444.4
	2753	2.84029e+06	20444.4
	2754	2.8403e+06	20444.5
	2755	2.84031e+06	20444.6
	2756	2.84032e+06	20444.6
	2757	2.84033e+06	20444.7
	2758	2.84034e+06	20444.8
	2759	2.84035e+06	20444.9
	2760	2.84036e+06	20444.9
	2761	2.84037e+06	20445
	2762	2.84038e+06	20445.1
	2763	2.84039e+06	20445.1
	2764	2.84039e+06	20445.2
	2765	2.8404e+06	20445.3
	2766	2.84041e+06	20445.4
	2767	2.84042e+06	20445.4
	2768	2.84042e+06	20445.5
	2769	2.84043e+06	20445.6
	2770	2.84043e+06	20445.6
	2771	2.84044e+06	20445.7
	2772	2.84044e+06	20445.8
	2773	2.84045e+06	20445.8
	2774	2.84045e+06	20445.9
	2775	2.84046e+06	20446
	2776	2.84046e+06	20446
	2777	2.84047e+06	20446.1
	2778	2.84047e+06	20446.2
	2779	2.84047e+06	20446.2
	2780	2.84047e+06	20446.3
	2781	2.84048e+06	20446.4
	2782	2.84048e+06	20446.4
	2783	2.84048e+06	20446.5
	2784	2.84048e+06	20446.6
	2785	2.84048e+06	20446.6
	2786	2.84048e+06	20446.7
	2787	2.84049e+06	20446.7
	2788	2.84049e+06	20446.8
	2789	2.84049e+06	20446.9
	2790	2.84049e+06	20446.9
	2791	2.84049e+06	20447
	2792	2.84049e+06	20447
	2793	2.84048e+06	20447.1
	2794	2.84048e+06	20447.1
	2795	2.84048e+06	20447.2
	2796	2.84048e+06	20447.3
	2797	2.84048e+06	20447.3
	2798	2.84048e+06	20447.4
	2799	2.84048e+06	20447.4
	2800	2.84047e+06	20447.5
	2801	2.84047e+06	20447.5
	2802	2.84047e+06	20447.6
	2803	2.84047e+06	20447.6
	2804	2.84047e+06	20447.7
	2805	2.84046e+06	20447.7
	2806	2.84046e+06	20447.7
	2807	2.84046e+06	20447.8
	2808	2.84045e+06	20447.8
	2809	2.84045e+06	20447.9
	2810	2.84045e+06	20447.9
	2811	2.84044e+06	20448
	2812	2.84044e+06	20448
	2813	2.84043e+06	20448
	2814	2.84043e+06	20448.1
	2815	2.84043e+06	20448.1
	2816	2.84042e+06	20448.2
	2817	2.84042e+06	20448.2
	2818	2.84041e+06	20448.2
	2819	2.84041e+06	20448.3
	2820	2.8404e+06	20448.3
	2821	2.8404e+06	20448.3
	2822	2.84039e+06	20448.4
	2823	2.84039e+06	20448.4
	2824	2.84038e+06	20448.4
	2825	2.84038e+06	20448.4
	2826	2.84037e+06	20448.5
	2827	2.84037e+06	20448.5
	2828	2.84036e+06	20448.5
	2829	2.84036e+06	20448.6
	2830	2.84035e+06	20448.6
	2831	2.84035e+06	20448.6
	2832	2.84034e+06	20448.6
	2833	2.84033e+06	20448.6
	2834	2.84033e+06	20448.7
	2835	2.84032e+06	20448.7
	2836	2.84032e+06	20448.7
	2837	2.84031e+06	20448.7
	2838	2.84031e+06	20448.7
	2839	2.8403e+06	20448.8
	2840	2.8403e+06	20448.8
	2841	2.84029e+06	20448.8
	2842	2.84028e+06	20448.8
	2843	2.84028e+06	20448.8
	2844	2.84027e+06	20448.8
	2845	2.84027e+06	20448.9
	2846	2.84026e+06	20448.9
	2847	2.84025e+06	20448.9
	2848	2.84025e+06	20448.9
	2849	2.84024e+06	20448.9
	2850	2.84024e+06	20448.9
	2851	2.84023e+06	20448.9
	2852	2.84023e+06	20448.9
	2853	2.84022e+06	20448.9
	2854	2.84021e+06	20449
	2855	2.84021e+06	20449
	2856	2.8402e+06	20449
	2857	2.8402e+06	20449
	2858	2.84019e+06	20449
	2859	2.84019e+06	20449
	2860	2.84018e+06	20449
	2861	2.84017e+06	20449
	2862	2.84017e+06	20449
	2863	2.84016e+06	20449
	2864	2.84016e+06	20449
	2865	2.84015e+06	20449
	2866	2.84015e+06	20449
	2867	2.84014e+06	20449
	2868	2.84014e+06	20449
	2869	2.84013e+06	20449
	2870	2.84013e+06	20449
	2871	2.84012e+06	20449
	2872	2.84012e+06	20449
	2873	2.84011e+06	20449
	2874	2.84011e+06	20449
	2875	2.8401e+06	20449
	2876	2.8401e+06	20449
	2877	2.84009e+06	20449
	2878	2.84009e+06	20449
	2879	2.84008e+06	20449
	2880	2.84008e+06	20449
	2881	2.84007e+06	20449
	2882	2.84007e+06	20449
	2883	2.84007e+06	20449
	2884	2.84006e+06	20448.9
	2885	2.84006e+06	20448.9
	2886	2.84005e+06	20448.9
	2887	2.84005e+06	20448.9
	2888	2.84004e+06	20448.9
	2889	2.84004e+06	20448.9
	2890	2.84004e+06	20448.9
	2891	2.84003e+06	20448.9
	2892	2.84003e+06	20448.9
	2893	2.84002e+06	20448.9
	2894	2.84002e+06	20448.9
	2895	2.84002e+06	20448.9
	2896	2.84001e+06	20448.8
	2897	2.84001e+06	20448.8
	2898	2.84001e+06	20448.8
	2899	2.84e+06	20448.8
	2900	2.84e+06	20448.8
	2901	2.84e+06	20448.8
	2902	2.83999e+06	20448.8
	2903	2.83999e+06	20448.8
	2904	2.83999e+06	20448.8
	2905	2.83999e+06	20448.8
	2906	2.83998e+06	20448.7
	2907	2.83998e+06	20448.7
	2908	2.83998e+06	20448.7
	2909	2.83997e+06	20448.7
	2910	2.83997e+06	20448.7
	2911	2.83997e+06	20448.7
	2912	2.83997e+06	20448.7
	2913	2.83996e+06	20448.7
	2914	2.83996e+06	20448.7
	2915	2.83996e+06	20448.6
	2916	2.83996e+06	20448.6
	2917	2.83996e+06	20448.6
	2918	2.83995e+06	20448.6
	2919	2.83995e+06	20448.6
	2920	2.83995e+06	20448.6
	2921	2.83995e+06	20448.6
	2922	2.83995e+06	20448.6
	2923	2.83995e+06	20448.5
	2924	2.83994e+06	20448.5
	2925	2.83994e+06	20448.5
	2926	2.83994e+06	20448.5
	2927	2.83994e+06	20448.5
	2928	2.83994e+06	20448.5
	2929	2.83994e+06	20448.5
	2930	2.83994e+06	20448.5
	2931	2.83993e+06	20448.5
	2932	2.83993e+06	20448.4
	2933	2.83993e+06	20448.4
	2934	2.83993e+06	20448.4
	2935	2.83993e+06	20448.4
	2936	2.83993e+06	20448.4
	2937	2.83993e+06	20448.4
	2938	2.83993e+06	20448.4
	2939	2.83993e+06	20448.4
	2940	2.83993e+06	20448.4
	2941	2.83992e+06	20448.3
	2942	2.83992e+06	20448.3
	2943	2.83992e+06	20448.3
	2944	2.83992e+06	20448.3
	2945	2.83992e+06	20448.3
	2946	2.83992e+06	20448.3
	2947	2.83992e+06	20448.3
	2948	2.83992e+06	20448.3
	2949	2.83992e+06	20448.3
	2950	2.83992e+06	20448.2
	2951	2.83992e+06	20448.2
	2952	2.83992e+06	20448.2
	2953	2.83992e+06	20448.2
	2954	2.83992e+06	20448.2
	2955	2.83992e+06	20448.2
	2956	2.83992e+06	20448.2
	2957	2.83992e+06	20448.2
	2958	2.83992e+06	20448.2
	2959	2.83992e+06	20448.2
	2960	2.83992e+06	20448.1
	2961	2.83992e+06	20448.1
	2962	2.83992e+06	20448.1
	2963	2.83992e+06	20448.1
	2964	2.83992e+06	20448.1
	2965	2.83992e+06	20448.1
	2966	2.83992e+06	20448.1
	2967	2.83992e+06	20448.1
	2968	2.83992e+06	20448.1
	2969	2.83992e+06	20448.1
	2970	2.83992e+06	20448.1
	2971	2.83992e+06	20448.1
	2972	2.83993e+06	20448
	2973	2.83993e+06	20448
	2974	2.83993e+06	20448
	2975	2.83993e+06	20448
	2976	2.83993e+06	20448
	2977	2.83993e+06	20448
	2978	2.83993e+06	20448
	2979	2.83993e+06	20448
	2980	2.83993e+06	20448
	2981	2.83993e+06	20448
	2982	2.83993e+06	20448
	2983	2.83993e+06	20448
	2984	2.83993e+06	20448
	2985	2.83993e+06	20448
	2986	2.83993e+06	20448
	2987	2.83994e+06	20448
	2988	2.83994e+06	20447.9
	2989	2.83994e+06	20447.9
	2990	2.83994e+06	20447.9
	2991	2.83994e+06	20447.9
	2992	2.83994e+06	20447.9
	2993	2.83994e+06	20447.9
	2994	2.83994e+06	20447.9
	2995	2.83994e+06	20447.9
	2996	2.83994e+06	20447.9
	2997	2.83994e+06	20447.9
	2998	2.83995e+06	20447.9
	2999	2.83995e+06	20447.9
	3000	2.83995e+06	20447.9
	3001	2.83995e+06	20447.9
	3002	2.83995e+06	20447.9
	3003	2.83995e+06	20447.9
	3004	2.83995e+06	20447.9
	3005	2.83995e+06	20447.9
	3006	2.83995e+06	20447.9
	3007	2.83995e+06	20447.9
	3008	2.83995e+06	20447.9
	3009	2.83996e+06	20447.9
	3010	2.83996e+06	20447.9
	3011	2.83996e+06	20447.9
	3012	2.83996e+06	20447.9
	3013	2.83996e+06	20447.9
	3014	2.83996e+06	20447.9
	3015	2.83996e+06	20447.9
	3016	2.83996e+06	20447.9
	3017	2.83996e+06	20447.9
	3018	2.83996e+06	20447.9
	3019	2.83997e+06	20447.9
	3020	2.83997e+06	20447.9
	3021	2.83997e+06	20447.8
	3022	2.83997e+06	20447.8
	3023	2.83997e+06	20447.8
	3024	2.83997e+06	20447.8
	3025	2.83997e+06	20447.8
	3026	2.83997e+06	20447.8
	3027	2.83997e+06	20447.8
	3028	2.83997e+06	20447.8
	3029	2.83997e+06	20447.8
	3030	2.83998e+06	20447.8
	3031	2.83998e+06	20447.8
	3032	2.83998e+06	20447.8
	3033	2.83998e+06	20447.8
	3034	2.83998e+06	20447.8
	3035	2.83998e+06	20447.8
	3036	2.83998e+06	20447.8
	3037	2.83998e+06	20447.8
	3038	2.83998e+06	20447.8
	3039	2.83998e+06	20447.8
	3040	2.83998e+06	20447.8
	3041	2.83998e+06	20447.8
	3042	2.83999e+06	20447.8
	3043	2.83999e+06	20447.8
	3044	2.83999e+06	20447.8
	3045	2.83999e+06	20447.8
	3046	2.83999e+06	20447.8
	3047	2.83999e+06	20447.8
	3048	2.83999e+06	20447.9
	3049	2.83999e+06	20447.9
	3050	2.83999e+06	20447.9
	3051	2.83999e+06	20447.9
	3052	2.83999e+06	20447.9
	3053	2.83999e+06	20447.9
	3054	2.83999e+06	20447.9
	3055	2.83999e+06	20447.9
	3056	2.84e+06	20447.9
	3057	2.84e+06	20447.9
	3058	2.84e+06	20447.9
	3059	2.84e+06	20447.9
	3060	2.84e+06	20447.9
	3061	2.84e+06	20447.9
	3062	2.84e+06	20447.9
	3063	2.84e+06	20447.9
	3064	2.84e+06	20447.9
	3065	2.84e+06	20447.9
	3066	2.84e+06	20447.9
	3067	2.84e+06	20447.9
	3068	2.84e+06	20447.9
	3069	2.84e+06	20447.9
	3070	2.84e+06	20447.9
	3071	2.84e+06	20447.9
	3072	2.84e+06	20447.9
	3073	2.84e+06	20447.9
	3074	2.84001e+06	20447.9
	3075	2.84001e+06	20447.9
	3076	2.84001e+06	20447.9
	3077	2.84001e+06	20447.9
	3078	2.84001e+06	20447.9
	3079	2.84001e+06	20447.9
	3080	2.84001e+06	20447.9
	3081	2.84001e+06	20447.9
	3082	2.84001e+06	20447.9
	3083	2.84001e+06	20447.9
	3084	2.84001e+06	20447.9
	3085	2.84001e+06	20447.9
	3086	2.84001e+06	20447.9
	3087	2.84001e+06	20447.9
	3088	2.84001e+06	20447.9
	3089	2.84001e+06	20447.9
	3090	2.84001e+06	20447.9
	3091	2.84001e+06	20447.9
	3092	2.84001e+06	20447.9
	3093	2.84001e+06	20447.9
	3094	2.84001e+06	20447.9
	3095	2.84001e+06	20447.9
	3096	2.84001e+06	20447.9
	3097	2.84001e+06	20447.9
	3098	2.84001e+06	20447.9
	3099	2.84001e+06	20447.9
	3100	2.84001e+06	20447.9
	3101	2.84001e+06	20447.9
	3102	2.84001e+06	20447.9
	3103	2.84001e+06	20447.9
	3104	2.84001e+06	20447.9
	3105	2.84001e+06	20447.9
	3106	2.84001e+06	20448
	3107	2.84001e+06	20448
	3108	2.84001e+06	20448
	3109	2.84001e+06	20448
	3110	2.84001e+06	20448
	3111	2.84001e+06	20448
	3112	2.84001e+06	20448
	3113	2.84001e+06	20448
	3114	2.84001e+06	20448
	3115	2.84001e+06	20448
	3116	2.84001e+06	20448
	3117	2.84001e+06	20448
	3118	2.84001e+06	20448
	3119	2.84001e+06	20448
	3120	2.84001e+06	20448
	3121	2.84001e+06	20448
	3122	2.84001e+06	20448
	3123	2.84001e+06	20448
	3124	2.84001e+06	20448
	3125	2.84001e+06	20448
	3126	2.84001e+06	20448
	3127	2.84001e+06	20448
	3128	2.84001e+06	20448
	3129	2.84001e+06	20448
	3130	2.84001e+06	20448
	3131	2.84001e+06	20448
	3132	2.84001e+06	20448
	3133	2.84001e+06	20448
	3134	2.84001e+06	20448
	3135	2.84001e+06	20448
	3136	2.84001e+06	20448
	3137	2.84001e+06	20448
	3138	2.84001e+06	20448
	3139	2.84001e+06	20448
	3140	2.84001e+06	20448
	3141	2.84001e+06	20448
	3142	2.84001e+06	20448
	3143	2.84001e+06	20448
	3144	2.84001e+06	20448
	3145	2.84001e+06	20448
	3146	2.84001e+06	20448
	3147	2.84001e+06	20448
	3148	2.84001e+06	20448
	3149	2.84001e+06	20448
	3150	2.84001e+06	20448
	3151	2.84001e+06	20448
	3152	2.84001e+06	20448
	3153	2.84001e+06	20448
	3154	2.84001e+06	20448
	3155	2.84001e+06	20448
	3156	2.84001e+06	20448
	3157	2.84001e+06	20448
	3158	2.84001e+06	20448
	3159	2.84001e+06	20448
	3160	2.84001e+06	20448
	3161	2.84001e+06	20448
	3162	2.84001e+06	20448
	3163	2.84001e+06	20448
	3164	2.84001e+06	20448
	3165	2.84001e+06	20448
	3166	2.84001e+06	20448
	3167	2.84001e+06	20448
	3168	2.84001e+06	20448
	3169	2.84001e+06	20448
	3170	2.84001e+06	20448
	3171	2.84001e+06	20448
	3172	2.84001e+06	20448
	3173	2.84001e+06	20448
	3174	2.84001e+06	20448
	3175	2.84001e+06	20448
	3176	2.84001e+06	20448
	3177	2.84001e+06	20448
	3178	2.84001e+06	20448
	3179	2.84001e+06	20448
	3180	2.84001e+06	20448
	3181	2.84001e+06	20448
	3182	2.84001e+06	20448
	3183	2.84001e+06	20448
	3184	2.84001e+06	20448
	3185	2.84001e+06	20448
	3186	2.84001e+06	20448
	3187	2.84001e+06	20448
	3188	2.84001e+06	20448
	3189	2.84001e+06	20448
	3190	2.84001e+06	20448
	3191	2.84001e+06	20448
	3192	2.84001e+06	20448
	3193	2.84001e+06	20448
	3194	2.84001e+06	20448
	3195	2.84001e+06	20448
	3196	2.84001e+06	20448
	3197	2.84001e+06	20448
	3198	2.84e+06	20448
	3199	2.84e+06	20448
	3200	2.84e+06	20448
	3201	2.84e+06	20448
	3202	2.84e+06	20448
	3203	2.84e+06	20448
	3204	2.84e+06	20448
	3205	2.84e+06	20448
	3206	2.84e+06	20448
	3207	2.84e+06	20448
	3208	2.84e+06	20448
	3209	2.84e+06	20448
	3210	2.84e+06	20448
	3211	2.84e+06	20448
	3212	2.84e+06	20448
	3213	2.84e+06	20448
	3214	2.84e+06	20448
	3215	2.84e+06	20448
	3216	2.84e+06	20448
	3217	2.84e+06	20448
	3218	2.84e+06	20448
	3219	2.84e+06	20448
	3220	2.84e+06	20448
	3221	2.84e+06	20448
	3222	2.84e+06	20448
	3223	2.84e+06	20448
	3224	2.84e+06	20448
	3225	2.84e+06	20448
	3226	2.84e+06	20448
	3227	2.84e+06	20448
	3228	2.84e+06	20448
	3229	2.84e+06	20448
	3230	2.84e+06	20448
	3231	2.84e+06	20448
	3232	2.84e+06	20448
	3233	2.84e+06	20448
	3234	2.84e+06	20448
	3235	2.84e+06	20448
	3236	2.84e+06	20448
	3237	2.84e+06	20448
	3238	2.84e+06	20448
	3239	2.84e+06	20448
	3240	2.84e+06	20448
	3241	2.84e+06	20448
	3242	2.84e+06	20448
	3243	2.84e+06	20448
	3244	2.84e+06	20448
	3245	2.84e+06	20448
	3246	2.84e+06	20448
	3247	2.84e+06	20448
	3248	2.84e+06	20448
	3249	2.84e+06	20448
	3250	2.84e+06	20448
	3251	2.84e+06	20448
	3252	2.84e+06	20448
	3253	2.84e+06	20448
	3254	2.84e+06	20448
	3255	2.84e+06	20448
	3256	2.84e+06	20448
	3257	2.84e+06	20448
	3258	2.84e+06	20448
	3259	2.84e+06	20448
	3260	2.84e+06	20448
	3261	2.84e+06	20448
	3262	2.84e+06	20448
	3263	2.84e+06	20448
	3264	2.84e+06	20448
	3265	2.84e+06	20448
	3266	2.84e+06	20448
	3267	2.84e+06	20448
	3268	2.84e+06	20448
	3269	2.84e+06	20448
	3270	2.84e+06	20448
	3271	2.84e+06	20448
	3272	2.84e+06	20448
	3273	2.84e+06	20448
	3274	2.84e+06	20448
	3275	2.84e+06	20448
	3276	2.84e+06	20448
	3277	2.84e+06	20448
	3278	2.84e+06	20448
	3279	2.84e+06	20448
	3280	2.84e+06	20448
	3281	2.84e+06	20448
	3282	2.84e+06	20448
	3283	2.84e+06	20448
	3284	2.84e+06	20448
	3285	2.84e+06	20448
	3286	2.84e+06	20448
	3287	2.84e+06	20448
	3288	2.84e+06	20448
	3289	2.84e+06	20448
	3290	2.84e+06	20448
	3291	2.84e+06	20448
	3292	2.84e+06	20448
	3293	2.84e+06	20448
	3294	2.84e+06	20448
	3295	2.84e+06	20448
	3296	2.84e+06	20448
	3297	2.84e+06	20448
	3298	2.84e+06	20448
	3299	2.84e+06	20448
	3300	2.84e+06	20448
	3301	2.84e+06	20448
	3302	2.84e+06	20448
	3303	2.84e+06	20448
	3304	2.84e+06	20448
	3305	2.84e+06	20448
	3306	2.84e+06	20448
	3307	2.84e+06	20448
	3308	2.84e+06	20448
	3309	2.84e+06	20448
	3310	2.84e+06	20448
	3311	2.84e+06	20448
	3312	2.84e+06	20448
	3313	2.84e+06	20448
	3314	2.84e+06	20448
	3315	2.84e+06	20448
	3316	2.84e+06	20448
	3317	2.84e+06	20448
	3318	2.84e+06	20448
	3319	2.84e+06	20448
	3320	2.84e+06	20448
	3321	2.84e+06	20448
	3322	2.84e+06	20448
	3323	2.84e+06	20448
	3324	2.84e+06	20448
	3325	2.84e+06	20448
	3326	2.84e+06	20448
	3327	2.84e+06	20448
	3328	2.84e+06	20448
	3329	2.84e+06	20448
	3330	2.84e+06	20448
	3331	2.84e+06	20448
	3332	2.84e+06	20448
	3333	2.84e+06	20448
	3334	2.84e+06	20448
	3335	2.84e+06	20448
	3336	2.84e+06	20448
	3337	2.84e+06	20448
	3338	2.84e+06	20448
	3339	2.84e+06	20448
	3340	2.84e+06	20448
	3341	2.84e+06	20448
	3342	2.84e+06	20448
	3343	2.84e+06	20448
	3344	2.84e+06	20448
	3345	2.84e+06	20448
	3346	2.84e+06	20448
	3347	2.84e+06	20448
	3348	2.84e+06	20448
	3349	2.84e+06	20448
	3350	2.84e+06	20448
	3351	2.84e+06	20448
	3352	2.84e+06	20448
	3353	2.84e+06	20448
	3354	2.84e+06	20448
	3355	2.84e+06	20448
	3356	2.84e+06	20448
	3357	2.84e+06	20448
	3358	2.84e+06	20448
	3359	2.84e+06	20448
	3360	2.84e+06	20448
	3361	2.84e+06	20448
	3362	2.84e+06	20448
	3363	2.84e+06	20448
	3364	2.84e+06	20448
	3365	2.84e+06	20448
	3366	2.84e+06	20448
	3367	2.84e+06	20448
	3368	2.84e+06	20448
	3369	2.84e+06	20448
	3370	2.84e+06	20448
	3371	2.84e+06	20448
	3372	2.84e+06	20448
	3373	2.84e+06	20448
	3374	2.84e+06	20448
	3375	2.84e+06	20448
	3376	2.84e+06	20448
	3377	2.84e+06	20448
	3378	2.84e+06	20448
	3379	2.84e+06	20448
	3380	2.84e+06	20448
	3381	2.84e+06	20448
	3382	2.84e+06	20448
	3383	2.84e+06	20448
	3384	2.84e+06	20448
	3385	2.84e+06	20448
	3386	2.84e+06	20448
	3387	2.84e+06	20448
	3388	2.84e+06	20448
	3389	2.84e+06	20448
	3390	2.84e+06	20448
	3391	2.84e+06	20448
	3392	2.84e+06	20448
	3393	2.84e+06	20448
	3394	2.84e+06	20448
	3395	2.84e+06	20448
	3396	2.84e+06	20448
	3397	2.84e+06	20448
	3398	2.84e+06	20448
	3399	2.84e+06	20448
	3400	2.84e+06	20448
	3401	2.84e+06	20448
	3402	2.84e+06	20448
	3403	2.84e+06	20448
	3404	2.84e+06	20448
	3405	2.84e+06	20448
	3406	2.84e+06	20448
	3407	2.84e+06	20448
	3408	2.84e+06	20448
	3409	2.84e+06	20448
	3410	2.84e+06	20448
	3411	2.84e+06	20448
	3412	2.84e+06	20448
	3413	2.84e+06	20448
	3414	2.84e+06	20448
	3415	2.84e+06	20448
	3416	2.84e+06	20448
	3417	2.84e+06	20448
	3418	2.84e+06	20448
	3419	2.84e+06	20448
	3420	2.84e+06	20448
	3421	2.84e+06	20448
	3422	2.84e+06	20448
	3423	2.84e+06	20448
	3424	2.84e+06	20448
	3425	2.84e+06	20448
	3426	2.84e+06	20448
	3427	2.84e+06	20448
	3428	2.84e+06	20448
	3429	2.84e+06	20448
	3430	2.84e+06	20448
	3431	2.84e+06	20448
	3432	2.84e+06	20448
	3433	2.84e+06	20448
	3434	2.84e+06	20448
	3435	2.84e+06	20448
	3436	2.84e+06	20448
	3437	2.84e+06	20448
	3438	2.84e+06	20448
	3439	2.84e+06	20448
	3440	2.84e+06	20448
	3441	2.84e+06	20448
	3442	2.84e+06	20448
	3443	2.84e+06	20448
	3444	2.84e+06	20448
	3445	2.84e+06	20448
	3446	2.84e+06	20448
	3447	2.84e+06	20448
	3448	2.84e+06	20448
	3449	2.84e+06	20448
	3450	2.84e+06	20448
	3451	2.84e+06	20448
	3452	2.84e+06	20448
	3453	2.84e+06	20448
	3454	2.84e+06	20448
	3455	2.84e+06	20448
	3456	2.84e+06	20448
	3457	2.84e+06	20448
	3458	2.84e+06	20448
	3459	2.84e+06	20448
	3460	2.84e+06	20448
	3461	2.84e+06	20448
	3462	2.84e+06	20448
	3463	2.84e+06	20448
	3464	2.84e+06	20448
	3465	2.84e+06	20448
	3466	2.84e+06	20448
	3467	2.84e+06	20448
	3468	2.84e+06	20448
	3469	2.84e+06	20448
	3470	2.84e+06	20448
	3471	2.84e+06	20448
	3472	2.84e+06	20448
	3473	2.84e+06	20448
	3474	2.84e+06	20448
	3475	2.84e+06	20448
	3476	2.84e+06	20448
	3477	2.84e+06	20448
	3478	2.84e+06	20448
	3479	2.84e+06	20448
	3480	2.84e+06	20448
	3481	2.84e+06	20448
	3482	2.84e+06	20448
	3483	2.84e+06	20448
	3484	2.84e+06	20448
	3485	2.84e+06	20448
	3486	2.84e+06	20448
	3487	2.84e+06	20448
	3488	2.84e+06	20448
	3489	2.84e+06	20448
	3490	2.84e+06	20448
	3491	2.84e+06	20448
	3492	2.84e+06	20448
	3493	2.84e+06	20448
	3494	2.84e+06	20448
	3495	2.84e+06	20448
	3496	2.84e+06	20448
	3497	2.84e+06	20448
	3498	2.84e+06	20448
	3499	2.84e+06	20448
	3500	2.84e+06	20448
	3501	2.84e+06	20448
	3502	2.84e+06	20448
	3503	2.84e+06	20448
	3504	2.84e+06	20448
	3505	2.84e+06	20448
	3506	2.84e+06	20448
	3507	2.84e+06	20448
	3508	2.84e+06	20448
	3509	2.84e+06	20448
	3510	2.84e+06	20448
	3511	2.84e+06	20448
	3512	2.84e+06	20448
	3513	2.84e+06	20448
	3514	2.84e+06	20448
	3515	2.84e+06	20448
	3516	2.84e+06	20448
	3517	2.84e+06	20448
	3518	2.84e+06	20448
	3519	2.84e+06	20448
	3520	2.84e+06	20448
	3521	2.84e+06	20448
	3522	2.84e+06	20448
	3523	2.84e+06	20448
	3524	2.84e+06	20448
	3525	2.84e+06	20448
	3526	2.84e+06	20448
	3527	2.84e+06	20448
	3528	2.84e+06	20448
	3529	2.84e+06	20448
	3530	2.84e+06	20448
	3531	2.84e+06	20448
	3532	2.84e+06	20448
	3533	2.84e+06	20448
	3534	2.84e+06	20448
	3535	2.84e+06	20448
	3536	2.84e+06	20448
	3537	2.84e+06	20448
	3538	2.84e+06	20448
	3539	2.84e+06	20448
	3540	2.84e+06	20448
	3541	2.84e+06	20448
	3542	2.84e+06	20448
	3543	2.84e+06	20448
	3544	2.84e+06	20448
	3545	2.84e+06	20448
	3546	2.84e+06	20448
	3547	2.84e+06	20448
	3548	2.84e+06	20448
	3549	2.84e+06	20448
	3550	2.84e+06	20448
	3551	2.84e+06	20448
	3552	2.84e+06	20448
	3553	2.84e+06	20448
	3554	2.84e+06	20448
	3555	2.84e+06	20448
	3556	2.84e+06	20448
	3557	2.84e+06	20448
	3558	2.84e+06	20448
	3559	2.84e+06	20448
	3560	2.84e+06	20448
	3561	2.84e+06	20448
	3562	2.84e+06	20448
	3563	2.84e+06	20448
	3564	2.84e+06	20448
	3565	2.84e+06	20448
	3566	2.84e+06	20448
	3567	2.84e+06	20448
	3568	2.84e+06	20448
	3569	2.84e+06	20448
	3570	2.84e+06	20448
	3571	2.84e+06	20448
	3572	2.84e+06	20448
	3573	2.84e+06	20448
	3574	2.84e+06	20448
	3575	2.84e+06	20448
	3576	2.84e+06	20448
	3577	2.84e+06	20448
	3578	2.84e+06	20448
	3579	2.84e+06	20448
	3580	2.84e+06	20448
	3581	2.84e+06	20448
	3582	2.84e+06	20448
	3583	2.84e+06	20448
	3584	2.84e+06	20448
	3585	2.84e+06	20448
	3586	2.84e+06	20448
	3587	2.84e+06	20448
	3588	2.84e+06	20448
	3589	2.84e+06	20448
	3590	2.84e+06	20448
	3591	2.84e+06	20448
	3592	2.84e+06	20448
	3593	2.84e+06	20448
	3594	2.84e+06	20448
	3595	2.84e+06	20448
	3596	2.84e+06	20448
	3597	2.84e+06	20448
	3598	2.84e+06	20448
	3599	2.84e+06	20448
	3600	2.84e+06	20448
	3601	2.84e+06	20448
	3602	2.84e+06	20448
	3603	2.84e+06	20448
	3604	2.84e+06	20448
	3605	2.84e+06	20448
	3606	2.84e+06	20448
	3607	2.84e+06	20448
	3608	2.84e+06	20448
	3609	2.84e+06	20448
	3610	2.84e+06	20448
	3611	2.84e+06	20448
	3612	2.84e+06	20448
	3613	2.84e+06	20448
	3614	2.84e+06	20448
	3615	2.84e+06	20448
	3616	2.84e+06	20448
	3617	2.84e+06	20448
	3618	2.84e+06	20448
	3619	2.84e+06	20448
	3620	2.84e+06	20448
	3621	2.84e+06	20448
	3622	2.84e+06	20448
	3623	2.84e+06	20448
	3624	2.84e+06	20448
	3625	2.84e+06	20448
	3626	2.84e+06	20448
	3627	2.84e+06	20448
	3628	2.84e+06	20448
	3629	2.84e+06	20448
	3630	2.84e+06	20448
	3631	2.84e+06	20448
	3632	2.84e+06	20448
	3633	2.84e+06	20448
	3634	2.84e+06	20448
	3635	2.84e+06	20448
	3636	2.84e+06	20448
	3637	2.84e+06	20448
	3638	2.84e+06	20448
	3639	2.84e+06	20448
	3640	2.84e+06	20448
	3641	2.84e+06	20448
	3642	2.84e+06	20448
	3643	2.84e+06	20448
	3644	2.84e+06	20448
	3645	2.84e+06	20448
	3646	2.84e+06	20448
	3647	2.84e+06	20448
	3648	2.84e+06	20448
	3649	2.84e+06	20448
	3650	2.84e+06	20448
