	0	5e+06	1125
	1	4.9945e+06	1149.46
	2	4.99036e+06	939.659
	3	4.98638e+06	960.161
	4	4.98256e+06	981.081
	5	4.97888e+06	1002.43
	6	4.97534e+06	1024.21
	7	4.97191e+06	1046.43
	8	4.96859e+06	1069.11
	9	4.96538e+06	1092.24
	10	4.96225e+06	1115.84
	11	4.95921e+06	1139.92
	12	4.95624e+06	1164.49
	13	4.95335e+06	1189.56
	14	4.95051e+06	1215.12
	15	4.94773e+06	1241.21
	16	4.94499e+06	1267.81
	17	4.9423e+06	1294.95
	18	4.93965e+06	1322.64
	19	4.93702e+06	1350.87
	20	4.93443e+06	1379.67
	21	4.93185e+06	1409.04
	22	4.9293e+06	1438.99
	23	4.92676e+06	1469.54
	24	4.92422e+06	1500.68
	25	4.9217e+06	1532.45
	26	4.91917e+06	1564.83
	27	4.91665e+06	1597.85
	28	4.91412e+06	1631.51
	29	4.91159e+06	1665.83
	30	4.90904e+06	1700.82
	31	4.90649e+06	1736.48
	32	4.90391e+06	1772.83
	33	4.90132e+06	1809.88
	34	4.89871e+06	1847.64
	35	4.89608e+06	1886.13
	36	4.89342e+06	1925.34
	37	4.89073e+06	1965.3
	38	4.88801e+06	2006.02
	39	4.88527e+06	2047.5
	40	4.88249e+06	2089.76
	41	4.87967e+06	2132.8
	42	4.87681e+06	2176.65
	43	4.87392e+06	2221.31
	44	4.87099e+06	2266.8
	45	4.86801e+06	2313.12
	46	4.86499e+06	2360.29
	47	4.86192e+06	2408.32
	48	4.85881e+06	2457.21
	49	4.85564e+06	2506.99
	50	4.85243e+06	2557.66
	51	4.84916e+06	2609.24
	52	4.84584e+06	2661.73
	53	4.84247e+06	2715.15
	54	4.83903e+06	2769.5
	55	4.83554e+06	2824.81
	56	4.83199e+06	2881.07
	57	4.82838e+06	2938.31
	58	4.8247e+06	2996.53
	59	4.82097e+06	3055.74
	60	4.81716e+06	3115.95
	61	4.81329e+06	3177.18
	62	4.80936e+06	3239.43
	63	4.80535e+06	3302.71
	64	4.80127e+06	3367.04
	65	4.79712e+06	3432.41
	66	4.7929e+06	3498.85
	67	4.7886e+06	3566.37
	68	4.78423e+06	3634.96
	69	4.77978e+06	3704.64
	70	4.77525e+06	3775.42
	71	4.77065e+06	3847.3
	72	4.76596e+06	3920.29
	73	4.76119e+06	3994.41
	74	4.75633e+06	4069.65
	75	4.7514e+06	4146.02
	76	4.74637e+06	4223.53
	77	4.74126e+06	4302.19
	78	4.73606e+06	4382
	79	4.73078e+06	4462.96
	80	4.7254e+06	4545.08
	81	4.71993e+06	4628.37
	82	4.71436e+06	4712.82
	83	4.70871e+06	4798.44
	84	4.70296e+06	4885.23
	85	4.69711e+06	4973.2
	86	4.69116e+06	5062.34
	87	4.68512e+06	5152.66
	88	4.67898e+06	5244.15
	89	4.67273e+06	5336.81
	90	4.66639e+06	5430.65
	91	4.65994e+06	5525.66
	92	4.65339e+06	5621.84
	93	4.64673e+06	5719.18
	94	4.63997e+06	5817.68
	95	4.6331e+06	5917.34
	96	4.62613e+06	6018.14
	97	4.61904e+06	6120.09
	98	4.61185e+06	6223.18
	99	4.60455e+06	6327.39
	100	4.59713e+06	6432.73
	101	4.58961e+06	6539.17
	102	4.58197e+06	6646.71
	103	4.57422e+06	6755.33
	104	4.56635e+06	6865.03
	105	4.55837e+06	6975.79
	106	4.55028e+06	7087.6
	107	4.54206e+06	7200.44
	108	4.53374e+06	7314.3
	109	4.52529e+06	7429.15
	110	4.51673e+06	7544.99
	111	4.50805e+06	7661.79
	112	4.49925e+06	7779.53
	113	4.49034e+06	7898.19
	114	4.4813e+06	8017.76
	115	4.47214e+06	8138.2
	116	4.46287e+06	8259.5
	117	4.45347e+06	8381.62
	118	4.44396e+06	8504.56
	119	4.43432e+06	8628.27
	120	4.42456e+06	8752.73
	121	4.41469e+06	8877.92
	122	4.40469e+06	9003.8
	123	4.39457e+06	9130.35
	124	4.38434e+06	9257.53
	125	4.37398e+06	9385.31
	126	4.3635e+06	9513.67
	127	4.35291e+06	9642.56
	128	4.34219e+06	9771.96
	129	4.33136e+06	9901.83
	130	4.3204e+06	10032.1
	131	4.30933e+06	10162.8
	132	4.29814e+06	10293.9
	133	4.28684e+06	10425.3
	134	4.27542e+06	10557
	135	4.26388e+06	10688.9
	136	4.25223e+06	10821
	137	4.24046e+06	10953.3
	138	4.22858e+06	11085.8
	139	4.21659e+06	11218.3
	140	4.20449e+06	11350.8
	141	4.19227e+06	11483.4
	142	4.17995e+06	11616
	143	4.16752e+06	11748.4
	144	4.15499e+06	11880.8
	145	4.14234e+06	12012.9
	146	4.1296e+06	12144.9
	147	4.11675e+06	12276.6
	148	4.10379e+06	12408.1
	149	4.09074e+06	12539.2
	150	4.07759e+06	12669.9
	151	4.06434e+06	12800.2
	152	4.051e+06	12930
	153	4.03756e+06	13059.4
	154	4.02403e+06	13188.2
	155	4.01041e+06	13316.4
	156	3.9967e+06	13443.9
	157	3.9829e+06	13570.8
	158	3.96902e+06	13697
	159	3.95505e+06	13822.4
	160	3.941e+06	13947.1
	161	3.92687e+06	14070.8
	162	3.91267e+06	14193.8
	163	3.89839e+06	14315.8
	164	3.88403e+06	14436.8
	165	3.86961e+06	14556.9
	166	3.85511e+06	14675.9
	167	3.84055e+06	14793.9
	168	3.82592e+06	14910.7
	169	3.81122e+06	15026.4
	170	3.79647e+06	15141
	171	3.78166e+06	15254.4
	172	3.76679e+06	15366.5
	173	3.75187e+06	15477.3
	174	3.73689e+06	15586.9
	175	3.72187e+06	15695.1
	176	3.7068e+06	15802
	177	3.69168e+06	15907.5
	178	3.67652e+06	16011.6
	179	3.66132e+06	16114.3
	180	3.64608e+06	16215.5
	181	3.63081e+06	16315.2
	182	3.6155e+06	16413.4
	183	3.60016e+06	16510.1
	184	3.58479e+06	16605.2
	185	3.56939e+06	16698.8
	186	3.55397e+06	16790.8
	187	3.53853e+06	16881.1
	188	3.52307e+06	16969.9
	189	3.50759e+06	17057
	190	3.49209e+06	17142.5
	191	3.47658e+06	17226.4
	192	3.46106e+06	17308.5
	193	3.44553e+06	17389
	194	3.43e+06	17467.8
	195	3.41446e+06	17544.9
	196	3.39892e+06	17620.3
	197	3.38338e+06	17693.9
	198	3.36784e+06	17765.9
	199	3.3523e+06	17836.1
	200	3.33677e+06	17904.6
	201	3.32125e+06	17971.4
	202	3.30574e+06	18036.4
	203	3.29024e+06	18099.8
	204	3.27476e+06	18161.3
	205	3.25929e+06	18221.2
	206	3.24384e+06	18279.3
	207	3.22841e+06	18335.8
	208	3.213e+06	18390.5
	209	3.19761e+06	18443.5
	210	3.18225e+06	18494.7
	211	3.16692e+06	18544.3
	212	3.15162e+06	18592.2
	213	3.13634e+06	18638.4
	214	3.1211e+06	18683
	215	3.10589e+06	18725.8
	216	3.09072e+06	18767
	217	3.07559e+06	18806.6
	218	3.06049e+06	18844.5
	219	3.04543e+06	18880.8
	220	3.03041e+06	18915.5
	221	3.01544e+06	18948.6
	222	3.00051e+06	18980.2
	223	2.98563e+06	19010.1
	224	2.97079e+06	19038.5
	225	2.956e+06	19065.4
	226	2.94126e+06	19090.7
	227	2.92656e+06	19114.6
	228	2.91193e+06	19136.9
	229	2.89734e+06	19157.8
	230	2.8828e+06	19177.2
	231	2.86833e+06	19195.2
	232	2.8539e+06	19211.7
	233	2.83954e+06	19226.9
	234	2.82523e+06	19240.6
	235	2.81098e+06	19253
	236	2.79678e+06	19264.1
	237	2.78265e+06	19273.8
	238	2.76858e+06	19282.2
	239	2.75457e+06	19289.3
	240	2.74063e+06	19295.2
	241	2.72675e+06	19299.7
	242	2.71293e+06	19303.1
	243	2.69917e+06	19305.2
	244	2.68548e+06	19306.2
	245	2.67186e+06	19305.9
	246	2.6583e+06	19304.5
	247	2.64481e+06	19302
	248	2.63139e+06	19298.4
	249	2.61804e+06	19293.6
	250	2.60475e+06	19287.8
	251	2.59153e+06	19280.9
	252	2.57838e+06	19273
	253	2.56531e+06	19264.1
	254	2.5523e+06	19254.1
	255	2.53936e+06	19243.2
	256	2.52649e+06	19231.3
	257	2.51369e+06	19218.5
	258	2.50097e+06	19204.8
	259	2.48831e+06	19190.1
	260	2.47573e+06	19174.6
	261	2.46322e+06	19158.2
	262	2.45078e+06	19140.9
	263	2.43841e+06	19122.9
	264	2.42611e+06	19104
	265	2.41389e+06	19084.3
	266	2.40174e+06	19063.8
	267	2.38966e+06	19042.6
	268	2.37766e+06	19020.6
	269	2.36572e+06	18997.9
	270	2.35386e+06	18974.6
	271	2.34208e+06	18950.5
	272	2.33036e+06	18925.7
	273	2.31872e+06	18900.3
	274	2.30715e+06	18874.3
	275	2.29565e+06	18847.6
	276	2.28423e+06	18820.3
	277	2.27287e+06	18792.4
	278	2.26159e+06	18764
	279	2.25038e+06	18735
	280	2.23925e+06	18705.4
	281	2.22818e+06	18675.3
	282	2.21719e+06	18644.7
	283	2.20627e+06	18613.6
	284	2.19542e+06	18582
	285	2.18464e+06	18550
	286	2.17393e+06	18517.5
	287	2.1633e+06	18484.5
	288	2.15273e+06	18451.1
	289	2.14224e+06	18417.3
	290	2.13181e+06	18383
	291	2.12146e+06	18348.4
	292	2.11118e+06	18313.4
	293	2.10096e+06	18278
	294	2.09082e+06	18242.3
	295	2.08074e+06	18206.2
	296	2.07073e+06	18169.8
	297	2.06079e+06	18133.1
	298	2.05092e+06	18096.1
	299	2.04112e+06	18058.7
	300	2.03139e+06	18021.1
	301	2.02172e+06	17983.2
	302	2.01212e+06	17945
	303	2.00259e+06	17906.6
	304	1.99313e+06	17867.9
	305	1.98373e+06	17829
	306	1.9744e+06	17789.9
	307	1.96513e+06	17750.5
	308	1.95593e+06	17710.9
	309	1.94679e+06	17671.2
	310	1.93772e+06	17631.2
	311	1.92872e+06	17591.1
	312	1.91978e+06	17550.8
	313	1.9109e+06	17510.3
	314	1.90208e+06	17469.7
	315	1.89333e+06	17428.9
	316	1.88465e+06	17388
	317	1.87602e+06	17346.9
	318	1.86746e+06	17305.7
	319	1.85896e+06	17264.5
	320	1.85053e+06	17223.1
	321	1.84215e+06	17181.5
	322	1.83384e+06	17139.9
	323	1.82558e+06	17098.3
	324	1.81739e+06	17056.5
	325	1.80926e+06	17014.6
	326	1.80119e+06	16972.7
	327	1.79318e+06	16930.7
	328	1.78523e+06	16888.7
	329	1.77733e+06	16846.6
	330	1.7695e+06	16804.5
	331	1.76173e+06	16762.3
	332	1.75401e+06	16720.1
	333	1.74635e+06	16677.8
	334	1.73875e+06	16635.6
	335	1.73121e+06	16593.3
	336	1.72372e+06	16551
	337	1.7163e+06	16508.7
	338	1.70893e+06	16466.4
	339	1.70161e+06	16424.1
	340	1.69435e+06	16381.8
	341	1.68715e+06	16339.5
	342	1.68001e+06	16297.2
	343	1.67292e+06	16255
	344	1.66588e+06	16212.7
	345	1.6589e+06	16170.5
	346	1.65198e+06	16128.4
	347	1.64511e+06	16086.2
	348	1.63829e+06	16044.1
	349	1.63153e+06	16002.1
	350	1.62482e+06	15960.1
	351	1.61817e+06	15918.1
	352	1.61157e+06	15876.2
	353	1.60503e+06	15834.4
	354	1.59854e+06	15792.6
	355	1.5921e+06	15750.9
	356	1.58571e+06	15709.2
	357	1.57938e+06	15667.6
	358	1.5731e+06	15626.1
	359	1.56688e+06	15584.7
	360	1.5607e+06	15543.3
	361	1.55458e+06	15502
	362	1.54852e+06	15460.9
	363	1.5425e+06	15419.8
	364	1.53654e+06	15378.7
	365	1.53063e+06	15337.8
	366	1.52477e+06	15297
	367	1.51896e+06	15256.3
	368	1.51321e+06	15215.6
	369	1.5075e+06	15175.1
	370	1.50185e+06	15134.7
	371	1.49626e+06	15094.4
	372	1.49071e+06	15054.1
	373	1.48522e+06	15014
	374	1.47978e+06	14974.1
	375	1.47439e+06	14934.2
	376	1.46905e+06	14894.4
	377	1.46377e+06	14854.8
	378	1.45853e+06	14815.3
	379	1.45336e+06	14775.9
	380	1.44823e+06	14736.6
	381	1.44316e+06	14697.5
	382	1.43814e+06	14658.5
	383	1.43317e+06	14619.6
	384	1.42826e+06	14580.9
	385	1.4234e+06	14542.3
	386	1.41859e+06	14503.8
	387	1.41384e+06	14465.4
	388	1.40915e+06	14427.2
	389	1.4045e+06	14389.2
	390	1.39992e+06	14351.3
	391	1.39539e+06	14313.5
	392	1.39091e+06	14275.9
	393	1.38649e+06	14238.4
	394	1.38213e+06	14201.1
	395	1.37783e+06	14163.9
	396	1.37358e+06	14126.9
	397	1.36939e+06	14090
	398	1.36526e+06	14053.3
	399	1.36119e+06	14016.7
	400	1.35717e+06	13980.3
	401	1.35322e+06	13944.1
	402	1.34933e+06	13908
	403	1.3455e+06	13872.1
	404	1.34173e+06	13836.3
	405	1.33803e+06	13800.8
	406	1.33439e+06	13765.3
	407	1.33081e+06	13730.1
	408	1.3273e+06	13695
	409	1.32386e+06	13660.1
	410	1.32048e+06	13625.4
	411	1.31717e+06	13590.9
	412	1.31393e+06	13556.5
	413	1.31076e+06	13522.3
	414	1.30766e+06	13488.3
	415	1.30463e+06	13454.5
	416	1.30167e+06	13420.8
	417	1.29879e+06	13387.4
	418	1.29599e+06	13354.1
	419	1.29326e+06	13321.1
	420	1.29061e+06	13288.2
	421	1.28805e+06	13255.5
	422	1.28556e+06	13223
	423	1.28315e+06	13190.8
	424	1.28083e+06	13158.7
	425	1.2786e+06	13126.8
	426	1.27645e+06	13095.1
	427	1.27439e+06	13063.7
	428	1.27242e+06	13032.4
	429	1.27055e+06	13001.4
	430	1.26877e+06	12970.6
	431	1.26708e+06	12940
	432	1.2655e+06	12909.6
	433	1.26402e+06	12879.5
	434	1.26263e+06	12849.5
	435	1.26136e+06	12819.8
	436	1.26019e+06	12790.4
	437	1.25913e+06	12761.1
	438	1.25819e+06	12732.1
	439	1.25736e+06	12703.4
	440	1.25664e+06	12674.9
	441	1.25605e+06	12646.6
	442	1.25558e+06	12618.6
	443	1.25524e+06	12590.9
	444	1.25502e+06	12563.4
	445	1.25494e+06	12536.2
	446	1.25499e+06	12509.2
	447	1.25518e+06	12482.6
	448	1.25551e+06	12456.1
	449	1.25598e+06	12430
	450	1.25661e+06	12404.2
	451	1.25738e+06	12378.6
	452	1.25831e+06	12353.4
	453	1.2594e+06	12328.4
	454	1.26066e+06	12303.7
	455	1.26207e+06	12279.4
	456	1.26366e+06	12255.3
	457	1.26543e+06	12231.6
	458	1.26737e+06	12208.2
	459	1.2695e+06	12185.1
	460	1.27181e+06	12162.4
	461	1.27432e+06	12140
	462	1.27702e+06	12118
	463	1.27992e+06	12096.3
	464	1.28303e+06	12075
	465	1.28635e+06	12054
	466	1.28988e+06	12033.4
	467	1.29363e+06	12013.2
	468	1.29761e+06	11993.4
	469	1.30181e+06	11974
	470	1.30625e+06	11954.9
	471	1.31093e+06	11936.3
	472	1.31585e+06	11918.1
	473	1.32102e+06	11900.4
	474	1.32645e+06	11883
	475	1.33214e+06	11866.1
	476	1.33809e+06	11849.7
	477	1.34431e+06	11833.7
	478	1.3508e+06	11818.2
	479	1.35757e+06	11803.2
	480	1.36463e+06	11788.7
	481	1.37198e+06	11774.6
	482	1.37962e+06	11761.1
	483	1.38756e+06	11748.1
	484	1.39581e+06	11735.6
	485	1.40436e+06	11723.7
	486	1.41323e+06	11712.3
	487	1.42241e+06	11701.5
	488	1.43192e+06	11691.2
	489	1.44175e+06	11681.5
	490	1.45191e+06	11672.4
	491	1.4624e+06	11664
	492	1.47323e+06	11656.1
	493	1.48439e+06	11648.9
	494	1.4959e+06	11642.3
	495	1.50775e+06	11636.4
	496	1.51995e+06	11631.1
	497	1.53249e+06	11626.5
	498	1.54539e+06	11622.6
	499	1.55863e+06	11619.4
	500	1.57223e+06	11616.9
	501	1.58618e+06	11615.1
	502	1.60048e+06	11614.1
	503	1.61513e+06	11613.8
	504	1.63013e+06	11614.3
	505	1.64547e+06	11615.6
	506	1.66116e+06	11617.6
	507	1.6772e+06	11620.5
	508	1.69357e+06	11624.2
	509	1.71028e+06	11628.7
	510	1.72732e+06	11634
	511	1.74468e+06	11640.2
	512	1.76237e+06	11647.3
	513	1.78036e+06	11655.2
	514	1.79867e+06	11664
	515	1.81727e+06	11673.7
	516	1.83617e+06	11684.3
	517	1.85534e+06	11695.9
	518	1.87479e+06	11708.4
	519	1.8945e+06	11721.8
	520	1.91446e+06	11736.1
	521	1.93466e+06	11751.4
	522	1.95508e+06	11767.7
	523	1.97572e+06	11785
	524	1.99656e+06	11803.2
	525	2.01759e+06	11822.5
	526	2.0388e+06	11842.7
	527	2.06016e+06	11863.9
	528	2.08166e+06	11886.2
	529	2.10329e+06	11909.5
	530	2.12503e+06	11933.8
	531	2.14686e+06	11959.1
	532	2.16877e+06	11985.4
	533	2.19074e+06	12012.8
	534	2.21276e+06	12041.2
	535	2.23479e+06	12070.6
	536	2.25683e+06	12101.1
	537	2.27887e+06	12132.6
	538	2.30087e+06	12165.1
	539	2.32282e+06	12198.7
	540	2.3447e+06	12233.3
	541	2.3665e+06	12268.9
	542	2.3882e+06	12305.5
	543	2.40977e+06	12343.2
	544	2.43121e+06	12381.8
	545	2.45249e+06	12421.5
	546	2.4736e+06	12462.1
	547	2.49451e+06	12503.7
	548	2.51522e+06	12546.3
	549	2.5357e+06	12589.9
	550	2.55595e+06	12634.4
	551	2.57594e+06	12679.9
	552	2.59566e+06	12726.3
	553	2.61509e+06	12773.6
	554	2.63423e+06	12821.7
	555	2.65306e+06	12870.8
	556	2.67156e+06	12920.8
	557	2.68973e+06	12971.5
	558	2.70755e+06	13023.2
	559	2.72501e+06	13075.6
	560	2.74211e+06	13128.8
	561	2.75882e+06	13182.8
	562	2.77516e+06	13237.5
	563	2.79109e+06	13293
	564	2.80663e+06	13349.2
	565	2.82176e+06	13406
	566	2.83648e+06	13463.5
	567	2.85077e+06	13521.7
	568	2.86464e+06	13580.4
	569	2.87809e+06	13639.8
	570	2.8911e+06	13699.7
	571	2.90368e+06	13760.1
	572	2.91582e+06	13821.1
	573	2.92752e+06	13882.5
	574	2.93879e+06	13944.4
	575	2.94961e+06	14006.7
	576	2.95999e+06	14069.4
	577	2.96994e+06	14132.5
	578	2.97945e+06	14195.9
	579	2.98852e+06	14259.7
	580	2.99715e+06	14323.7
	581	3.00536e+06	14388
	582	3.01313e+06	14452.5
	583	3.02048e+06	14517.2
	584	3.02741e+06	14582
	585	3.03391e+06	14647
	586	3.04e+06	14712.2
	587	3.04568e+06	14777.4
	588	3.05096e+06	14842.6
	589	3.05583e+06	14907.9
	590	3.06031e+06	14973.2
	591	3.06439e+06	15038.4
	592	3.0681e+06	15103.6
	593	3.07142e+06	15168.7
	594	3.07437e+06	15233.7
	595	3.07695e+06	15298.5
	596	3.07918e+06	15363.1
	597	3.08105e+06	15427.6
	598	3.08257e+06	15491.8
	599	3.08375e+06	15555.8
	600	3.08459e+06	15619.4
	601	3.08511e+06	15682.8
	602	3.0853e+06	15745.9
	603	3.08518e+06	15808.6
	604	3.08476e+06	15870.9
	605	3.08403e+06	15932.8
	606	3.083e+06	15994.2
	607	3.08169e+06	16055.2
	608	3.08009e+06	16115.8
	609	3.07823e+06	16175.8
	610	3.07609e+06	16235.3
	611	3.07369e+06	16294.3
	612	3.07104e+06	16352.7
	613	3.06814e+06	16410.6
	614	3.06499e+06	16467.8
	615	3.06162e+06	16524.4
	616	3.05801e+06	16580.4
	617	3.05418e+06	16635.7
	618	3.05013e+06	16690.4
	619	3.04587e+06	16744.3
	620	3.04141e+06	16797.6
	621	3.03675e+06	16850.1
	622	3.03189e+06	16901.9
	623	3.02685e+06	16952.9
	624	3.02163e+06	17003.2
	625	3.01623e+06	17052.7
	626	3.01067e+06	17101.4
	627	3.00494e+06	17149.3
	628	2.99904e+06	17196.3
	629	2.993e+06	17242.6
	630	2.98681e+06	17288
	631	2.98047e+06	17332.6
	632	2.97399e+06	17376.3
	633	2.96738e+06	17419.2
	634	2.96064e+06	17461.2
	635	2.95378e+06	17502.3
	636	2.9468e+06	17542.5
	637	2.9397e+06	17581.9
	638	2.93249e+06	17620.3
	639	2.92518e+06	17657.9
	640	2.91776e+06	17694.5
	641	2.91025e+06	17730.3
	642	2.90264e+06	17765.1
	643	2.89494e+06	17799
	644	2.88716e+06	17832
	645	2.87929e+06	17864.1
	646	2.87135e+06	17895.2
	647	2.86333e+06	17925.4
	648	2.85524e+06	17954.7
	649	2.84708e+06	17983.1
	650	2.83886e+06	18010.6
	651	2.83058e+06	18037.1
	652	2.82225e+06	18062.8
	653	2.81386e+06	18087.5
	654	2.80541e+06	18111.3
	655	2.79692e+06	18134.2
	656	2.78839e+06	18156.1
	657	2.77981e+06	18177.2
	658	2.7712e+06	18197.4
	659	2.76254e+06	18216.6
	660	2.75386e+06	18235
	661	2.74514e+06	18252.5
	662	2.7364e+06	18269.1
	663	2.72763e+06	18284.8
	664	2.71884e+06	18299.7
	665	2.71002e+06	18313.7
	666	2.70119e+06	18326.8
	667	2.69234e+06	18339
	668	2.68348e+06	18350.5
	669	2.67461e+06	18361
	670	2.66573e+06	18370.8
	671	2.65684e+06	18379.7
	672	2.64794e+06	18387.8
	673	2.63904e+06	18395.1
	674	2.63014e+06	18401.5
	675	2.62124e+06	18407.2
	676	2.61234e+06	18412.1
	677	2.60345e+06	18416.3
	678	2.59456e+06	18419.6
	679	2.58568e+06	18422.2
	680	2.57681e+06	18424
	681	2.56795e+06	18425.1
	682	2.55911e+06	18425.5
	683	2.55027e+06	18425.1
	684	2.54145e+06	18424.1
	685	2.53265e+06	18422.3
	686	2.52387e+06	18419.8
	687	2.51511e+06	18416.7
	688	2.50637e+06	18412.8
	689	2.49765e+06	18408.3
	690	2.48895e+06	18403.2
	691	2.48028e+06	18397.3
	692	2.47163e+06	18390.9
	693	2.46301e+06	18383.8
	694	2.45442e+06	18376.2
	695	2.44586e+06	18367.9
	696	2.43733e+06	18359
	697	2.42884e+06	18349.5
	698	2.42037e+06	18339.5
	699	2.41194e+06	18328.8
	700	2.40354e+06	18317.7
	701	2.39518e+06	18306
	702	2.38686e+06	18293.7
	703	2.37857e+06	18280.9
	704	2.37032e+06	18267.6
	705	2.36211e+06	18253.8
	706	2.35394e+06	18239.5
	707	2.34582e+06	18224.8
	708	2.33773e+06	18209.5
	709	2.32969e+06	18193.8
	710	2.32169e+06	18177.6
	711	2.31373e+06	18161
	712	2.30582e+06	18143.9
	713	2.29795e+06	18126.5
	714	2.29013e+06	18108.6
	715	2.28236e+06	18090.3
	716	2.27463e+06	18071.6
	717	2.26695e+06	18052.5
	718	2.25933e+06	18033
	719	2.25175e+06	18013.2
	720	2.24422e+06	17993
	721	2.23674e+06	17972.4
	722	2.22931e+06	17951.5
	723	2.22194e+06	17930.3
	724	2.21462e+06	17908.7
	725	2.20735e+06	17886.9
	726	2.20013e+06	17864.7
	727	2.19297e+06	17842.2
	728	2.18586e+06	17819.5
	729	2.17881e+06	17796.5
	730	2.17181e+06	17773.2
	731	2.16487e+06	17749.6
	732	2.15799e+06	17725.8
	733	2.15116e+06	17701.7
	734	2.14439e+06	17677.4
	735	2.13768e+06	17652.9
	736	2.13103e+06	17628.1
	737	2.12444e+06	17603.2
	738	2.1179e+06	17578
	739	2.11143e+06	17552.6
	740	2.10502e+06	17527.1
	741	2.09867e+06	17501.3
	742	2.09238e+06	17475.4
	743	2.08615e+06	17449.3
	744	2.07998e+06	17423.1
	745	2.07388e+06	17396.7
	746	2.06784e+06	17370.1
	747	2.06187e+06	17343.5
	748	2.05595e+06	17316.7
	749	2.05011e+06	17289.7
	750	2.04433e+06	17262.7
	751	2.03861e+06	17235.5
	752	2.03296e+06	17208.3
	753	2.02738e+06	17180.9
	754	2.02186e+06	17153.5
	755	2.01641e+06	17125.9
	756	2.01103e+06	17098.3
	757	2.00572e+06	17070.6
	758	2.00048e+06	17042.9
	759	1.99531e+06	17015.1
	760	1.9902e+06	16987.3
	761	1.98517e+06	16959.4
	762	1.98021e+06	16931.4
	763	1.97532e+06	16903.5
	764	1.9705e+06	16875.5
	765	1.96575e+06	16847.5
	766	1.96108e+06	16819.5
	767	1.95648e+06	16791.4
	768	1.95196e+06	16763.4
	769	1.9475e+06	16735.4
	770	1.94313e+06	16707.3
	771	1.93883e+06	16679.3
	772	1.9346e+06	16651.3
	773	1.93046e+06	16623.4
	774	1.92639e+06	16595.4
	775	1.9224e+06	16567.5
	776	1.91848e+06	16539.7
	777	1.91465e+06	16511.9
	778	1.91089e+06	16484.1
	779	1.90722e+06	16456.4
	780	1.90363e+06	16428.7
	781	1.90011e+06	16401.2
	782	1.89669e+06	16373.7
	783	1.89334e+06	16346.2
	784	1.89008e+06	16318.9
	785	1.8869e+06	16291.6
	786	1.8838e+06	16264.5
	787	1.88079e+06	16237.4
	788	1.87787e+06	16210.4
	789	1.87504e+06	16183.6
	790	1.87229e+06	16156.8
	791	1.86963e+06	16130.2
	792	1.86706e+06	16103.7
	793	1.86457e+06	16077.3
	794	1.86218e+06	16051
	795	1.85988e+06	16024.9
	796	1.85767e+06	15998.9
	797	1.85556e+06	15973.1
	798	1.85353e+06	15947.4
	799	1.85161e+06	15921.9
	800	1.84977e+06	15896.5
	801	1.84803e+06	15871.3
	802	1.84639e+06	15846.2
	803	1.84485e+06	15821.3
	804	1.8434e+06	15796.6
	805	1.84205e+06	15772.1
	806	1.8408e+06	15747.8
	807	1.83965e+06	15723.6
	808	1.8386e+06	15699.7
	809	1.83766e+06	15675.9
	810	1.83681e+06	15652.4
	811	1.83607e+06	15629
	812	1.83543e+06	15605.9
	813	1.8349e+06	15583
	814	1.83448e+06	15560.3
	815	1.83416e+06	15537.8
	816	1.83394e+06	15515.5
	817	1.83384e+06	15493.5
	818	1.83384e+06	15471.7
	819	1.83395e+06	15450.2
	820	1.83418e+06	15428.9
	821	1.83451e+06	15407.8
	822	1.83495e+06	15387.1
	823	1.83551e+06	15366.5
	824	1.83618e+06	15346.3
	825	1.83697e+06	15326.2
	826	1.83786e+06	15306.5
	827	1.83888e+06	15287.1
	828	1.84e+06	15267.9
	829	1.84125e+06	15249
	830	1.84261e+06	15230.4
	831	1.84409e+06	15212.1
	832	1.84568e+06	15194.1
	833	1.8474e+06	15176.3
	834	1.84923e+06	15158.9
	835	1.85118e+06	15141.8
	836	1.85325e+06	15125
	837	1.85544e+06	15108.5
	838	1.85775e+06	15092.4
	839	1.86019e+06	15076.6
	840	1.86274e+06	15061.1
	841	1.86541e+06	15045.9
	842	1.86821e+06	15031.1
	843	1.87112e+06	15016.6
	844	1.87416e+06	15002.4
	845	1.87732e+06	14988.6
	846	1.8806e+06	14975.2
	847	1.88401e+06	14962.1
	848	1.88753e+06	14949.4
	849	1.89118e+06	14937
	850	1.89494e+06	14925
	851	1.89883e+06	14913.4
	852	1.90284e+06	14902.2
	853	1.90697e+06	14891.3
	854	1.91121e+06	14880.8
	855	1.91558e+06	14870.7
	856	1.92006e+06	14861
	857	1.92467e+06	14851.7
	858	1.92939e+06	14842.8
	859	1.93422e+06	14834.3
	860	1.93917e+06	14826.2
	861	1.94424e+06	14818.5
	862	1.94942e+06	14811.2
	863	1.95471e+06	14804.3
	864	1.96011e+06	14797.8
	865	1.96563e+06	14791.8
	866	1.97125e+06	14786.2
	867	1.97697e+06	14781
	868	1.98281e+06	14776.2
	869	1.98875e+06	14771.8
	870	1.99479e+06	14767.9
	871	2.00093e+06	14764.4
	872	2.00717e+06	14761.4
	873	2.0135e+06	14758.8
	874	2.01993e+06	14756.6
	875	2.02646e+06	14754.9
	876	2.03307e+06	14753.6
	877	2.03977e+06	14752.8
	878	2.04656e+06	14752.4
	879	2.05343e+06	14752.5
	880	2.06038e+06	14753
	881	2.06741e+06	14754
	882	2.07452e+06	14755.4
	883	2.0817e+06	14757.3
	884	2.08894e+06	14759.6
	885	2.09626e+06	14762.4
	886	2.10364e+06	14765.6
	887	2.11108e+06	14769.3
	888	2.11858e+06	14773.5
	889	2.12613e+06	14778.1
	890	2.13373e+06	14783.2
	891	2.14139e+06	14788.7
	892	2.14908e+06	14794.7
	893	2.15682e+06	14801.1
	894	2.1646e+06	14808
	895	2.17241e+06	14815.3
	896	2.18025e+06	14823.1
	897	2.18812e+06	14831.3
	898	2.19601e+06	14840
	899	2.20392e+06	14849.1
	900	2.21184e+06	14858.7
	901	2.21978e+06	14868.7
	902	2.22773e+06	14879.1
	903	2.23568e+06	14890
	904	2.24363e+06	14901.3
	905	2.25158e+06	14913
	906	2.25952e+06	14925.2
	907	2.26745e+06	14937.8
	908	2.27537e+06	14950.8
	909	2.28326e+06	14964.2
	910	2.29114e+06	14978
	911	2.29899e+06	14992.3
	912	2.3068e+06	15006.9
	913	2.31459e+06	15022
	914	2.32233e+06	15037.4
	915	2.33004e+06	15053.2
	916	2.3377e+06	15069.4
	917	2.34531e+06	15086
	918	2.35286e+06	15102.9
	919	2.36037e+06	15120.2
	920	2.36781e+06	15137.9
	921	2.37519e+06	15155.9
	922	2.3825e+06	15174.3
	923	2.38974e+06	15193
	924	2.39691e+06	15212.1
	925	2.404e+06	15231.4
	926	2.41101e+06	15251.1
	927	2.41794e+06	15271.1
	928	2.42479e+06	15291.4
	929	2.43155e+06	15312
	930	2.43821e+06	15332.9
	931	2.44478e+06	15354.1
	932	2.45125e+06	15375.5
	933	2.45763e+06	15397.3
	934	2.4639e+06	15419.2
	935	2.47007e+06	15441.4
	936	2.47613e+06	15463.9
	937	2.48208e+06	15486.6
	938	2.48792e+06	15509.5
	939	2.49365e+06	15532.6
	940	2.49926e+06	15555.9
	941	2.50475e+06	15579.4
	942	2.51013e+06	15603.1
	943	2.51538e+06	15627
	944	2.52052e+06	15651
	945	2.52553e+06	15675.2
	946	2.53042e+06	15699.6
	947	2.53518e+06	15724.1
	948	2.53981e+06	15748.7
	949	2.54431e+06	15773.4
	950	2.54869e+06	15798.2
	951	2.55293e+06	15823.2
	952	2.55705e+06	15848.2
	953	2.56103e+06	15873.3
	954	2.56488e+06	15898.5
	955	2.5686e+06	15923.7
	956	2.57219e+06	15949
	957	2.57564e+06	15974.3
	958	2.57896e+06	15999.7
	959	2.58214e+06	16025.1
	960	2.58519e+06	16050.5
	961	2.58811e+06	16075.9
	962	2.59089e+06	16101.2
	963	2.59354e+06	16126.6
	964	2.59606e+06	16151.9
	965	2.59845e+06	16177.2
	966	2.6007e+06	16202.5
	967	2.60282e+06	16227.7
	968	2.60481e+06	16252.8
	969	2.60666e+06	16277.9
	970	2.60839e+06	16302.9
	971	2.60999e+06	16327.8
	972	2.61146e+06	16352.5
	973	2.6128e+06	16377.2
	974	2.61401e+06	16401.8
	975	2.6151e+06	16426.2
	976	2.61606e+06	16450.5
	977	2.6169e+06	16474.6
	978	2.61762e+06	16498.6
	979	2.61822e+06	16522.5
	980	2.61869e+06	16546.1
	981	2.61905e+06	16569.6
	982	2.61928e+06	16592.9
	983	2.6194e+06	16616
	984	2.61941e+06	16638.9
	985	2.6193e+06	16661.7
	986	2.61908e+06	16684.1
	987	2.61875e+06	16706.4
	988	2.61831e+06	16728.5
	989	2.61776e+06	16750.3
	990	2.6171e+06	16771.8
	991	2.61634e+06	16793.1
	992	2.61548e+06	16814.2
	993	2.61451e+06	16835
	994	2.61345e+06	16855.6
	995	2.61228e+06	16875.8
	996	2.61102e+06	16895.8
	997	2.60966e+06	16915.5
	998	2.60821e+06	16935
	999	2.60667e+06	16954.1
	1000	2.60503e+06	16972.9
	1001	2.60331e+06	16991.5
	1002	2.6015e+06	17009.7
	1003	2.59961e+06	17027.6
	1004	2.59763e+06	17045.2
	1005	2.59557e+06	17062.5
	1006	2.59343e+06	17079.4
	1007	2.59121e+06	17096.1
	1008	2.58891e+06	17112.4
	1009	2.58654e+06	17128.3
	1010	2.5841e+06	17144
	1011	2.58158e+06	17159.3
	1012	2.57899e+06	17174.2
	1013	2.57634e+06	17188.8
	1014	2.57362e+06	17203.1
	1015	2.57083e+06	17217
	1016	2.56798e+06	17230.6
	1017	2.56507e+06	17243.8
	1018	2.5621e+06	17256.7
	1019	2.55907e+06	17269.2
	1020	2.55598e+06	17281.3
	1021	2.55284e+06	17293.1
	1022	2.54964e+06	17304.5
	1023	2.54639e+06	17315.6
	1024	2.54309e+06	17326.3
	1025	2.53975e+06	17336.6
	1026	2.53635e+06	17346.6
	1027	2.53291e+06	17356.2
	1028	2.52943e+06	17365.5
	1029	2.5259e+06	17374.4
	1030	2.52233e+06	17382.9
	1031	2.51873e+06	17391.1
	1032	2.51508e+06	17398.9
	1033	2.5114e+06	17406.3
	1034	2.50768e+06	17413.4
	1035	2.50393e+06	17420.1
	1036	2.50015e+06	17426.5
	1037	2.49633e+06	17432.5
	1038	2.49249e+06	17438.1
	1039	2.48862e+06	17443.4
	1040	2.48472e+06	17448.4
	1041	2.48079e+06	17452.9
	1042	2.47685e+06	17457.2
	1043	2.47288e+06	17461
	1044	2.46888e+06	17464.6
	1045	2.46487e+06	17467.8
	1046	2.46084e+06	17470.6
	1047	2.45679e+06	17473.1
	1048	2.45273e+06	17475.2
	1049	2.44865e+06	17477.1
	1050	2.44455e+06	17478.6
	1051	2.44045e+06	17479.7
	1052	2.43633e+06	17480.5
	1053	2.4322e+06	17481
	1054	2.42806e+06	17481.2
	1055	2.42392e+06	17481
	1056	2.41977e+06	17480.6
	1057	2.41561e+06	17479.8
	1058	2.41144e+06	17478.7
	1059	2.40728e+06	17477.3
	1060	2.40311e+06	17475.6
	1061	2.39894e+06	17473.5
	1062	2.39477e+06	17471.2
	1063	2.3906e+06	17468.6
	1064	2.38643e+06	17465.7
	1065	2.38227e+06	17462.5
	1066	2.3781e+06	17459
	1067	2.37395e+06	17455.2
	1068	2.36979e+06	17451.2
	1069	2.36565e+06	17446.9
	1070	2.36151e+06	17442.3
	1071	2.35738e+06	17437.4
	1072	2.35326e+06	17432.3
	1073	2.34915e+06	17426.9
	1074	2.34505e+06	17421.2
	1075	2.34097e+06	17415.3
	1076	2.33689e+06	17409.2
	1077	2.33283e+06	17402.8
	1078	2.32879e+06	17396.2
	1079	2.32476e+06	17389.3
	1080	2.32074e+06	17382.2
	1081	2.31674e+06	17374.9
	1082	2.31276e+06	17367.3
	1083	2.3088e+06	17359.5
	1084	2.30486e+06	17351.5
	1085	2.30094e+06	17343.3
	1086	2.29704e+06	17334.9
	1087	2.29316e+06	17326.3
	1088	2.2893e+06	17317.5
	1089	2.28547e+06	17308.4
	1090	2.28166e+06	17299.2
	1091	2.27787e+06	17289.8
	1092	2.27411e+06	17280.3
	1093	2.27037e+06	17270.5
	1094	2.26667e+06	17260.6
	1095	2.26298e+06	17250.5
	1096	2.25933e+06	17240.2
	1097	2.2557e+06	17229.7
	1098	2.25211e+06	17219.2
	1099	2.24854e+06	17208.4
	1100	2.245e+06	17197.5
	1101	2.2415e+06	17186.5
	1102	2.23802e+06	17175.3
	1103	2.23458e+06	17164
	1104	2.23117e+06	17152.5
	1105	2.2278e+06	17140.9
	1106	2.22446e+06	17129.2
	1107	2.22115e+06	17117.4
	1108	2.21788e+06	17105.4
	1109	2.21464e+06	17093.4
	1110	2.21144e+06	17081.2
	1111	2.20827e+06	17068.9
	1112	2.20514e+06	17056.6
	1113	2.20206e+06	17044.1
	1114	2.199e+06	17031.5
	1115	2.19599e+06	17018.9
	1116	2.19302e+06	17006.2
	1117	2.19008e+06	16993.4
	1118	2.18719e+06	16980.5
	1119	2.18434e+06	16967.5
	1120	2.18152e+06	16954.5
	1121	2.17875e+06	16941.4
	1122	2.17602e+06	16928.3
	1123	2.17334e+06	16915.1
	1124	2.1707e+06	16901.8
	1125	2.1681e+06	16888.5
	1126	2.16554e+06	16875.2
	1127	2.16303e+06	16861.8
	1128	2.16056e+06	16848.3
	1129	2.15814e+06	16834.9
	1130	2.15576e+06	16821.4
	1131	2.15343e+06	16807.9
	1132	2.15115e+06	16794.4
	1133	2.14891e+06	16780.8
	1134	2.14672e+06	16767.3
	1135	2.14458e+06	16753.7
	1136	2.14248e+06	16740.1
	1137	2.14043e+06	16726.5
	1138	2.13843e+06	16712.9
	1139	2.13648e+06	16699.4
	1140	2.13458e+06	16685.8
	1141	2.13273e+06	16672.2
	1142	2.13093e+06	16658.7
	1143	2.12918e+06	16645.2
	1144	2.12748e+06	16631.7
	1145	2.12583e+06	16618.2
	1146	2.12423e+06	16604.8
	1147	2.12268e+06	16591.3
	1148	2.12119e+06	16578
	1149	2.11974e+06	16564.6
	1150	2.11835e+06	16551.3
	1151	2.11701e+06	16538.1
	1152	2.11573e+06	16524.9
	1153	2.11449e+06	16511.7
	1154	2.11331e+06	16498.6
	1155	2.11219e+06	16485.6
	1156	2.11111e+06	16472.6
	1157	2.11009e+06	16459.7
	1158	2.10913e+06	16446.9
	1159	2.10822e+06	16434.1
	1160	2.10736e+06	16421.4
	1161	2.10656e+06	16408.8
	1162	2.10581e+06	16396.3
	1163	2.10512e+06	16383.8
	1164	2.10448e+06	16371.5
	1165	2.1039e+06	16359.2
	1166	2.10337e+06	16347
	1167	2.1029e+06	16334.9
	1168	2.10249e+06	16322.9
	1169	2.10213e+06	16311
	1170	2.10182e+06	16299.2
	1171	2.10157e+06	16287.6
	1172	2.10138e+06	16276
	1173	2.10124e+06	16264.5
	1174	2.10116e+06	16253.2
	1175	2.10114e+06	16242
	1176	2.10117e+06	16230.9
	1177	2.10125e+06	16219.9
	1178	2.10139e+06	16209
	1179	2.10159e+06	16198.3
	1180	2.10184e+06	16187.7
	1181	2.10215e+06	16177.2
	1182	2.10252e+06	16166.9
	1183	2.10294e+06	16156.7
	1184	2.10341e+06	16146.6
	1185	2.10395e+06	16136.7
	1186	2.10453e+06	16126.9
	1187	2.10517e+06	16117.3
	1188	2.10587e+06	16107.8
	1189	2.10662e+06	16098.5
	1190	2.10742e+06	16089.3
	1191	2.10828e+06	16080.3
	1192	2.10919e+06	16071.5
	1193	2.11016e+06	16062.8
	1194	2.11118e+06	16054.2
	1195	2.11225e+06	16045.8
	1196	2.11338e+06	16037.6
	1197	2.11456e+06	16029.6
	1198	2.11579e+06	16021.7
	1199	2.11707e+06	16014
	1200	2.11841e+06	16006.4
	1201	2.11979e+06	15999.1
	1202	2.12123e+06	15991.9
	1203	2.12271e+06	15984.9
	1204	2.12425e+06	15978.1
	1205	2.12583e+06	15971.4
	1206	2.12747e+06	15964.9
	1207	2.12915e+06	15958.7
	1208	2.13088e+06	15952.6
	1209	2.13266e+06	15946.6
	1210	2.13448e+06	15940.9
	1211	2.13635e+06	15935.4
	1212	2.13827e+06	15930
	1213	2.14023e+06	15924.9
	1214	2.14223e+06	15919.9
	1215	2.14428e+06	15915.1
	1216	2.14638e+06	15910.5
	1217	2.14851e+06	15906.1
	1218	2.15069e+06	15902
	1219	2.1529e+06	15898
	1220	2.15516e+06	15894.2
	1221	2.15746e+06	15890.6
	1222	2.15979e+06	15887.2
	1223	2.16217e+06	15884
	1224	2.16458e+06	15881
	1225	2.16702e+06	15878.2
	1226	2.1695e+06	15875.6
	1227	2.17202e+06	15873.2
	1228	2.17457e+06	15871
	1229	2.17715e+06	15869
	1230	2.17977e+06	15867.2
	1231	2.18241e+06	15865.6
	1232	2.18509e+06	15864.2
	1233	2.18779e+06	15863
	1234	2.19053e+06	15862
	1235	2.19329e+06	15861.2
	1236	2.19607e+06	15860.6
	1237	2.19888e+06	15860.3
	1238	2.20172e+06	15860.1
	1239	2.20458e+06	15860.1
	1240	2.20746e+06	15860.3
	1241	2.21036e+06	15860.8
	1242	2.21328e+06	15861.4
	1243	2.21622e+06	15862.2
	1244	2.21917e+06	15863.3
	1245	2.22215e+06	15864.5
	1246	2.22514e+06	15865.9
	1247	2.22814e+06	15867.5
	1248	2.23116e+06	15869.3
	1249	2.23419e+06	15871.3
	1250	2.23723e+06	15873.5
	1251	2.24028e+06	15875.9
	1252	2.24333e+06	15878.5
	1253	2.2464e+06	15881.3
	1254	2.24947e+06	15884.3
	1255	2.25255e+06	15887.4
	1256	2.25563e+06	15890.7
	1257	2.25872e+06	15894.3
	1258	2.2618e+06	15898
	1259	2.26489e+06	15901.9
	1260	2.26798e+06	15905.9
	1261	2.27106e+06	15910.2
	1262	2.27414e+06	15914.6
	1263	2.27722e+06	15919.2
	1264	2.28029e+06	15924
	1265	2.28336e+06	15928.9
	1266	2.28642e+06	15934
	1267	2.28947e+06	15939.3
	1268	2.29251e+06	15944.7
	1269	2.29554e+06	15950.4
	1270	2.29856e+06	15956.1
	1271	2.30156e+06	15962
	1272	2.30456e+06	15968.1
	1273	2.30753e+06	15974.4
	1274	2.31049e+06	15980.7
	1275	2.31343e+06	15987.3
	1276	2.31636e+06	15994
	1277	2.31926e+06	16000.8
	1278	2.32214e+06	16007.7
	1279	2.32501e+06	16014.8
	1280	2.32784e+06	16022.1
	1281	2.33066e+06	16029.4
	1282	2.33345e+06	16036.9
	1283	2.33622e+06	16044.6
	1284	2.33896e+06	16052.3
	1285	2.34167e+06	16060.2
	1286	2.34435e+06	16068.2
	1287	2.34701e+06	16076.3
	1288	2.34963e+06	16084.5
	1289	2.35223e+06	16092.8
	1290	2.35479e+06	16101.2
	1291	2.35732e+06	16109.8
	1292	2.35982e+06	16118.4
	1293	2.36228e+06	16127.1
	1294	2.3647e+06	16135.9
	1295	2.3671e+06	16144.9
	1296	2.36945e+06	16153.9
	1297	2.37177e+06	16162.9
	1298	2.37405e+06	16172.1
	1299	2.37629e+06	16181.3
	1300	2.3785e+06	16190.6
	1301	2.38066e+06	16200
	1302	2.38278e+06	16209.4
	1303	2.38486e+06	16218.9
	1304	2.38691e+06	16228.5
	1305	2.38891e+06	16238.1
	1306	2.39086e+06	16247.8
	1307	2.39278e+06	16257.5
	1308	2.39465e+06	16267.3
	1309	2.39647e+06	16277.1
	1310	2.39826e+06	16286.9
	1311	2.4e+06	16296.8
	1312	2.40169e+06	16306.7
	1313	2.40334e+06	16316.6
	1314	2.40494e+06	16326.6
	1315	2.4065e+06	16336.5
	1316	2.40801e+06	16346.5
	1317	2.40947e+06	16356.6
	1318	2.41089e+06	16366.6
	1319	2.41226e+06	16376.6
	1320	2.41359e+06	16386.6
	1321	2.41486e+06	16396.6
	1322	2.41609e+06	16406.7
	1323	2.41728e+06	16416.7
	1324	2.41841e+06	16426.7
	1325	2.4195e+06	16436.7
	1326	2.42054e+06	16446.6
	1327	2.42153e+06	16456.6
	1328	2.42248e+06	16466.5
	1329	2.42337e+06	16476.4
	1330	2.42422e+06	16486.3
	1331	2.42502e+06	16496.1
	1332	2.42578e+06	16505.9
	1333	2.42648e+06	16515.7
	1334	2.42714e+06	16525.4
	1335	2.42776e+06	16535.1
	1336	2.42832e+06	16544.7
	1337	2.42884e+06	16554.2
	1338	2.42931e+06	16563.8
	1339	2.42973e+06	16573.2
	1340	2.43011e+06	16582.6
	1341	2.43044e+06	16591.9
	1342	2.43073e+06	16601.2
	1343	2.43097e+06	16610.4
	1344	2.43117e+06	16619.5
	1345	2.43132e+06	16628.5
	1346	2.43142e+06	16637.5
	1347	2.43148e+06	16646.4
	1348	2.4315e+06	16655.2
	1349	2.43147e+06	16663.9
	1350	2.4314e+06	16672.5
	1351	2.43129e+06	16681
	1352	2.43113e+06	16689.5
	1353	2.43094e+06	16697.8
	1354	2.4307e+06	16706.1
	1355	2.43041e+06	16714.2
	1356	2.43009e+06	16722.3
	1357	2.42973e+06	16730.2
	1358	2.42933e+06	16738
	1359	2.42888e+06	16745.8
	1360	2.4284e+06	16753.4
	1361	2.42788e+06	16760.9
	1362	2.42732e+06	16768.3
	1363	2.42672e+06	16775.5
	1364	2.42609e+06	16782.7
	1365	2.42542e+06	16789.7
	1366	2.42471e+06	16796.7
	1367	2.42397e+06	16803.5
	1368	2.42319e+06	16810.1
	1369	2.42237e+06	16816.7
	1370	2.42153e+06	16823.1
	1371	2.42065e+06	16829.4
	1372	2.41973e+06	16835.5
	1373	2.41879e+06	16841.6
	1374	2.41781e+06	16847.5
	1375	2.4168e+06	16853.2
	1376	2.41576e+06	16858.9
	1377	2.41469e+06	16864.4
	1378	2.41359e+06	16869.7
	1379	2.41246e+06	16874.9
	1380	2.4113e+06	16880
	1381	2.41011e+06	16885
	1382	2.4089e+06	16889.8
	1383	2.40766e+06	16894.4
	1384	2.4064e+06	16899
	1385	2.40511e+06	16903.4
	1386	2.40379e+06	16907.6
	1387	2.40245e+06	16911.7
	1388	2.40109e+06	16915.7
	1389	2.3997e+06	16919.5
	1390	2.39829e+06	16923.1
	1391	2.39686e+06	16926.7
	1392	2.39541e+06	16930
	1393	2.39393e+06	16933.3
	1394	2.39244e+06	16936.4
	1395	2.39093e+06	16939.3
	1396	2.3894e+06	16942.1
	1397	2.38785e+06	16944.8
	1398	2.38628e+06	16947.3
	1399	2.3847e+06	16949.7
	1400	2.3831e+06	16951.9
	1401	2.38148e+06	16954
	1402	2.37985e+06	16956
	1403	2.3782e+06	16957.8
	1404	2.37654e+06	16959.4
	1405	2.37487e+06	16960.9
	1406	2.37318e+06	16962.3
	1407	2.37148e+06	16963.5
	1408	2.36977e+06	16964.6
	1409	2.36805e+06	16965.6
	1410	2.36632e+06	16966.4
	1411	2.36458e+06	16967.1
	1412	2.36283e+06	16967.6
	1413	2.36107e+06	16968
	1414	2.3593e+06	16968.3
	1415	2.35752e+06	16968.4
	1416	2.35574e+06	16968.4
	1417	2.35395e+06	16968.3
	1418	2.35216e+06	16968
	1419	2.35036e+06	16967.6
	1420	2.34855e+06	16967
	1421	2.34674e+06	16966.4
	1422	2.34493e+06	16965.6
	1423	2.34311e+06	16964.7
	1424	2.34129e+06	16963.6
	1425	2.33947e+06	16962.4
	1426	2.33765e+06	16961.1
	1427	2.33582e+06	16959.7
	1428	2.334e+06	16958.2
	1429	2.33217e+06	16956.5
	1430	2.33035e+06	16954.7
	1431	2.32852e+06	16952.8
	1432	2.3267e+06	16950.8
	1433	2.32488e+06	16948.7
	1434	2.32306e+06	16946.4
	1435	2.32125e+06	16944
	1436	2.31944e+06	16941.6
	1437	2.31763e+06	16939
	1438	2.31583e+06	16936.3
	1439	2.31403e+06	16933.5
	1440	2.31224e+06	16930.6
	1441	2.31045e+06	16927.6
	1442	2.30867e+06	16924.5
	1443	2.3069e+06	16921.3
	1444	2.30513e+06	16918
	1445	2.30337e+06	16914.6
	1446	2.30162e+06	16911.1
	1447	2.29988e+06	16907.5
	1448	2.29814e+06	16903.8
	1449	2.29642e+06	16900.1
	1450	2.29471e+06	16896.2
	1451	2.293e+06	16892.2
	1452	2.29131e+06	16888.2
	1453	2.28962e+06	16884.1
	1454	2.28795e+06	16879.9
	1455	2.28629e+06	16875.6
	1456	2.28465e+06	16871.3
	1457	2.28301e+06	16866.8
	1458	2.28139e+06	16862.3
	1459	2.27978e+06	16857.8
	1460	2.27819e+06	16853.1
	1461	2.2766e+06	16848.4
	1462	2.27504e+06	16843.6
	1463	2.27349e+06	16838.8
	1464	2.27195e+06	16833.8
	1465	2.27043e+06	16828.9
	1466	2.26892e+06	16823.8
	1467	2.26743e+06	16818.7
	1468	2.26596e+06	16813.6
	1469	2.2645e+06	16808.4
	1470	2.26306e+06	16803.1
	1471	2.26164e+06	16797.8
	1472	2.26024e+06	16792.5
	1473	2.25885e+06	16787.1
	1474	2.25748e+06	16781.6
	1475	2.25613e+06	16776.1
	1476	2.2548e+06	16770.6
	1477	2.25349e+06	16765
	1478	2.2522e+06	16759.4
	1479	2.25092e+06	16753.8
	1480	2.24967e+06	16748.1
	1481	2.24844e+06	16742.4
	1482	2.24723e+06	16736.7
	1483	2.24603e+06	16730.9
	1484	2.24486e+06	16725.1
	1485	2.24371e+06	16719.3
	1486	2.24259e+06	16713.5
	1487	2.24148e+06	16707.6
	1488	2.24039e+06	16701.7
	1489	2.23933e+06	16695.8
	1490	2.23829e+06	16689.9
	1491	2.23727e+06	16684
	1492	2.23628e+06	16678.1
	1493	2.2353e+06	16672.1
	1494	2.23435e+06	16666.2
	1495	2.23343e+06	16660.2
	1496	2.23252e+06	16654.3
	1497	2.23164e+06	16648.3
	1498	2.23079e+06	16642.3
	1499	2.22995e+06	16636.4
	1500	2.22915e+06	16630.4
	1501	2.22836e+06	16624.4
	1502	2.2276e+06	16618.5
	1503	2.22686e+06	16612.6
	1504	2.22615e+06	16606.6
	1505	2.22546e+06	16600.7
	1506	2.2248e+06	16594.8
	1507	2.22416e+06	16588.9
	1508	2.22355e+06	16583
	1509	2.22296e+06	16577.2
	1510	2.2224e+06	16571.3
	1511	2.22186e+06	16565.5
	1512	2.22135e+06	16559.7
	1513	2.22086e+06	16553.9
	1514	2.2204e+06	16548.2
	1515	2.21996e+06	16542.5
	1516	2.21955e+06	16536.8
	1517	2.21916e+06	16531.1
	1518	2.2188e+06	16525.5
	1519	2.21847e+06	16519.9
	1520	2.21816e+06	16514.3
	1521	2.21787e+06	16508.8
	1522	2.21761e+06	16503.3
	1523	2.21738e+06	16497.9
	1524	2.21717e+06	16492.5
	1525	2.21699e+06	16487.1
	1526	2.21683e+06	16481.8
	1527	2.2167e+06	16476.5
	1528	2.21659e+06	16471.3
	1529	2.21651e+06	16466.1
	1530	2.21645e+06	16461
	1531	2.21642e+06	16455.9
	1532	2.21642e+06	16450.9
	1533	2.21644e+06	16445.9
	1534	2.21648e+06	16441
	1535	2.21655e+06	16436.1
	1536	2.21664e+06	16431.3
	1537	2.21676e+06	16426.5
	1538	2.21691e+06	16421.8
	1539	2.21707e+06	16417.2
	1540	2.21727e+06	16412.6
	1541	2.21748e+06	16408.1
	1542	2.21772e+06	16403.7
	1543	2.21799e+06	16399.3
	1544	2.21828e+06	16395
	1545	2.21859e+06	16390.7
	1546	2.21892e+06	16386.5
	1547	2.21928e+06	16382.4
	1548	2.21967e+06	16378.4
	1549	2.22007e+06	16374.4
	1550	2.2205e+06	16370.5
	1551	2.22095e+06	16366.7
	1552	2.22142e+06	16362.9
	1553	2.22192e+06	16359.2
	1554	2.22243e+06	16355.6
	1555	2.22297e+06	16352.1
	1556	2.22353e+06	16348.6
	1557	2.22412e+06	16345.2
	1558	2.22472e+06	16341.9
	1559	2.22534e+06	16338.7
	1560	2.22599e+06	16335.5
	1561	2.22665e+06	16332.5
	1562	2.22734e+06	16329.5
	1563	2.22804e+06	16326.6
	1564	2.22877e+06	16323.7
	1565	2.22951e+06	16321
	1566	2.23027e+06	16318.3
	1567	2.23105e+06	16315.7
	1568	2.23185e+06	16313.2
	1569	2.23267e+06	16310.8
	1570	2.2335e+06	16308.5
	1571	2.23436e+06	16306.3
	1572	2.23523e+06	16304.1
	1573	2.23611e+06	16302
	1574	2.23702e+06	16300
	1575	2.23793e+06	16298.1
	1576	2.23887e+06	16296.3
	1577	2.23982e+06	16294.6
	1578	2.24079e+06	16292.9
	1579	2.24177e+06	16291.4
	1580	2.24276e+06	16289.9
	1581	2.24377e+06	16288.5
	1582	2.24479e+06	16287.2
	1583	2.24583e+06	16286
	1584	2.24687e+06	16284.9
	1585	2.24794e+06	16283.8
	1586	2.24901e+06	16282.9
	1587	2.25009e+06	16282
	1588	2.25119e+06	16281.3
	1589	2.2523e+06	16280.6
	1590	2.25341e+06	16280
	1591	2.25454e+06	16279.5
	1592	2.25568e+06	16279
	1593	2.25683e+06	16278.7
	1594	2.25798e+06	16278.4
	1595	2.25915e+06	16278.3
	1596	2.26032e+06	16278.2
	1597	2.2615e+06	16278.2
	1598	2.26269e+06	16278.3
	1599	2.26388e+06	16278.5
	1600	2.26508e+06	16278.7
	1601	2.26629e+06	16279.1
	1602	2.2675e+06	16279.5
	1603	2.26872e+06	16280
	1604	2.26994e+06	16280.6
	1605	2.27117e+06	16281.3
	1606	2.2724e+06	16282
	1607	2.27363e+06	16282.9
	1608	2.27487e+06	16283.8
	1609	2.27611e+06	16284.8
	1610	2.27735e+06	16285.8
	1611	2.2786e+06	16287
	1612	2.27984e+06	16288.2
	1613	2.28109e+06	16289.5
	1614	2.28234e+06	16290.9
	1615	2.28358e+06	16292.4
	1616	2.28483e+06	16293.9
	1617	2.28608e+06	16295.6
	1618	2.28732e+06	16297.2
	1619	2.28856e+06	16299
	1620	2.2898e+06	16300.8
	1621	2.29104e+06	16302.7
	1622	2.29228e+06	16304.7
	1623	2.29351e+06	16306.8
	1624	2.29474e+06	16308.9
	1625	2.29597e+06	16311.1
	1626	2.29719e+06	16313.3
	1627	2.2984e+06	16315.6
	1628	2.29961e+06	16318
	1629	2.30082e+06	16320.4
	1630	2.30202e+06	16322.9
	1631	2.30321e+06	16325.5
	1632	2.3044e+06	16328.1
	1633	2.30558e+06	16330.8
	1634	2.30675e+06	16333.6
	1635	2.30791e+06	16336.4
	1636	2.30907e+06	16339.2
	1637	2.31021e+06	16342.1
	1638	2.31135e+06	16345.1
	1639	2.31248e+06	16348.1
	1640	2.3136e+06	16351.2
	1641	2.31471e+06	16354.3
	1642	2.31581e+06	16357.5
	1643	2.3169e+06	16360.7
	1644	2.31797e+06	16364
	1645	2.31904e+06	16367.3
	1646	2.32009e+06	16370.6
	1647	2.32114e+06	16374
	1648	2.32217e+06	16377.5
	1649	2.32318e+06	16380.9
	1650	2.32419e+06	16384.5
	1651	2.32518e+06	16388
	1652	2.32616e+06	16391.6
	1653	2.32713e+06	16395.2
	1654	2.32808e+06	16398.9
	1655	2.32902e+06	16402.6
	1656	2.32994e+06	16406.3
	1657	2.33085e+06	16410.1
	1658	2.33174e+06	16413.8
	1659	2.33262e+06	16417.7
	1660	2.33349e+06	16421.5
	1661	2.33433e+06	16425.4
	1662	2.33517e+06	16429.2
	1663	2.33598e+06	16433.1
	1664	2.33679e+06	16437.1
	1665	2.33757e+06	16441
	1666	2.33834e+06	16445
	1667	2.33909e+06	16448.9
	1668	2.33983e+06	16452.9
	1669	2.34054e+06	16456.9
	1670	2.34124e+06	16461
	1671	2.34193e+06	16465
	1672	2.34259e+06	16469
	1673	2.34324e+06	16473.1
	1674	2.34388e+06	16477.1
	1675	2.34449e+06	16481.2
	1676	2.34509e+06	16485.3
	1677	2.34566e+06	16489.3
	1678	2.34622e+06	16493.4
	1679	2.34677e+06	16497.5
	1680	2.34729e+06	16501.5
	1681	2.3478e+06	16505.6
	1682	2.34828e+06	16509.6
	1683	2.34875e+06	16513.7
	1684	2.3492e+06	16517.7
	1685	2.34964e+06	16521.8
	1686	2.35005e+06	16525.8
	1687	2.35044e+06	16529.8
	1688	2.35082e+06	16533.8
	1689	2.35118e+06	16537.8
	1690	2.35152e+06	16541.8
	1691	2.35184e+06	16545.8
	1692	2.35214e+06	16549.7
	1693	2.35243e+06	16553.7
	1694	2.35269e+06	16557.6
	1695	2.35294e+06	16561.5
	1696	2.35317e+06	16565.3
	1697	2.35338e+06	16569.2
	1698	2.35357e+06	16573
	1699	2.35374e+06	16576.8
	1700	2.3539e+06	16580.6
	1701	2.35403e+06	16584.3
	1702	2.35415e+06	16588
	1703	2.35425e+06	16591.7
	1704	2.35434e+06	16595.4
	1705	2.3544e+06	16599
	1706	2.35445e+06	16602.6
	1707	2.35448e+06	16606.2
	1708	2.35449e+06	16609.7
	1709	2.35448e+06	16613.2
	1710	2.35446e+06	16616.7
	1711	2.35442e+06	16620.1
	1712	2.35436e+06	16623.5
	1713	2.35428e+06	16626.8
	1714	2.35419e+06	16630.1
	1715	2.35408e+06	16633.4
	1716	2.35396e+06	16636.6
	1717	2.35381e+06	16639.8
	1718	2.35365e+06	16642.9
	1719	2.35348e+06	16646
	1720	2.35329e+06	16649.1
	1721	2.35308e+06	16652.1
	1722	2.35286e+06	16655
	1723	2.35262e+06	16658
	1724	2.35237e+06	16660.8
	1725	2.3521e+06	16663.6
	1726	2.35181e+06	16666.4
	1727	2.35151e+06	16669.1
	1728	2.3512e+06	16671.8
	1729	2.35087e+06	16674.4
	1730	2.35053e+06	16677
	1731	2.35017e+06	16679.5
	1732	2.3498e+06	16682
	1733	2.34942e+06	16684.4
	1734	2.34902e+06	16686.7
	1735	2.34861e+06	16689
	1736	2.34819e+06	16691.3
	1737	2.34775e+06	16693.5
	1738	2.3473e+06	16695.6
	1739	2.34684e+06	16697.7
	1740	2.34637e+06	16699.7
	1741	2.34588e+06	16701.7
	1742	2.34538e+06	16703.6
	1743	2.34487e+06	16705.5
	1744	2.34435e+06	16707.3
	1745	2.34382e+06	16709
	1746	2.34328e+06	16710.7
	1747	2.34273e+06	16712.3
	1748	2.34216e+06	16713.9
	1749	2.34159e+06	16715.4
	1750	2.34101e+06	16716.9
	1751	2.34041e+06	16718.3
	1752	2.33981e+06	16719.6
	1753	2.3392e+06	16720.9
	1754	2.33858e+06	16722.1
	1755	2.33795e+06	16723.3
	1756	2.33731e+06	16724.4
	1757	2.33667e+06	16725.4
	1758	2.33601e+06	16726.4
	1759	2.33535e+06	16727.4
	1760	2.33468e+06	16728.2
	1761	2.33401e+06	16729
	1762	2.33333e+06	16729.8
	1763	2.33264e+06	16730.5
	1764	2.33194e+06	16731.1
	1765	2.33124e+06	16731.7
	1766	2.33053e+06	16732.2
	1767	2.32982e+06	16732.7
	1768	2.3291e+06	16733.1
	1769	2.32838e+06	16733.4
	1770	2.32765e+06	16733.7
	1771	2.32691e+06	16734
	1772	2.32617e+06	16734.1
	1773	2.32543e+06	16734.3
	1774	2.32469e+06	16734.3
	1775	2.32394e+06	16734.3
	1776	2.32318e+06	16734.3
	1777	2.32243e+06	16734.2
	1778	2.32167e+06	16734
	1779	2.3209e+06	16733.8
	1780	2.32014e+06	16733.5
	1781	2.31937e+06	16733.2
	1782	2.3186e+06	16732.8
	1783	2.31783e+06	16732.4
	1784	2.31706e+06	16731.9
	1785	2.31629e+06	16731.4
	1786	2.31552e+06	16730.8
	1787	2.31474e+06	16730.2
	1788	2.31396e+06	16729.5
	1789	2.31319e+06	16728.8
	1790	2.31241e+06	16728
	1791	2.31164e+06	16727.1
	1792	2.31086e+06	16726.3
	1793	2.31009e+06	16725.3
	1794	2.30931e+06	16724.3
	1795	2.30854e+06	16723.3
	1796	2.30777e+06	16722.2
	1797	2.307e+06	16721.1
	1798	2.30623e+06	16720
	1799	2.30547e+06	16718.7
	1800	2.3047e+06	16717.5
	1801	2.30394e+06	16716.2
	1802	2.30318e+06	16714.9
	1803	2.30243e+06	16713.5
	1804	2.30167e+06	16712
	1805	2.30092e+06	16710.6
	1806	2.30018e+06	16709.1
	1807	2.29944e+06	16707.5
	1808	2.2987e+06	16706
	1809	2.29796e+06	16704.3
	1810	2.29723e+06	16702.7
	1811	2.29651e+06	16701
	1812	2.29579e+06	16699.2
	1813	2.29507e+06	16697.5
	1814	2.29436e+06	16695.7
	1815	2.29365e+06	16693.8
	1816	2.29295e+06	16692
	1817	2.29225e+06	16690.1
	1818	2.29157e+06	16688.2
	1819	2.29088e+06	16686.2
	1820	2.2902e+06	16684.2
	1821	2.28953e+06	16682.2
	1822	2.28887e+06	16680.1
	1823	2.28821e+06	16678.1
	1824	2.28756e+06	16676
	1825	2.28691e+06	16673.8
	1826	2.28628e+06	16671.7
	1827	2.28565e+06	16669.5
	1828	2.28502e+06	16667.3
	1829	2.28441e+06	16665.1
	1830	2.2838e+06	16662.8
	1831	2.2832e+06	16660.6
	1832	2.28261e+06	16658.3
	1833	2.28202e+06	16656
	1834	2.28145e+06	16653.6
	1835	2.28088e+06	16651.3
	1836	2.28032e+06	16648.9
	1837	2.27977e+06	16646.5
	1838	2.27923e+06	16644.2
	1839	2.2787e+06	16641.7
	1840	2.27817e+06	16639.3
	1841	2.27766e+06	16636.9
	1842	2.27715e+06	16634.4
	1843	2.27666e+06	16632
	1844	2.27617e+06	16629.5
	1845	2.27569e+06	16627
	1846	2.27522e+06	16624.5
	1847	2.27476e+06	16622
	1848	2.27432e+06	16619.5
	1849	2.27388e+06	16617
	1850	2.27345e+06	16614.5
	1851	2.27303e+06	16612
	1852	2.27262e+06	16609.5
	1853	2.27222e+06	16606.9
	1854	2.27184e+06	16604.4
	1855	2.27146e+06	16601.9
	1856	2.27109e+06	16599.3
	1857	2.27074e+06	16596.8
	1858	2.27039e+06	16594.3
	1859	2.27005e+06	16591.7
	1860	2.26973e+06	16589.2
	1861	2.26941e+06	16586.7
	1862	2.26911e+06	16584.1
	1863	2.26882e+06	16581.6
	1864	2.26854e+06	16579.1
	1865	2.26827e+06	16576.6
	1866	2.26801e+06	16574.1
	1867	2.26776e+06	16571.6
	1868	2.26752e+06	16569.1
	1869	2.26729e+06	16566.6
	1870	2.26707e+06	16564.1
	1871	2.26687e+06	16561.7
	1872	2.26667e+06	16559.2
	1873	2.26649e+06	16556.8
	1874	2.26632e+06	16554.4
	1875	2.26616e+06	16552
	1876	2.26601e+06	16549.6
	1877	2.26587e+06	16547.2
	1878	2.26574e+06	16544.8
	1879	2.26563e+06	16542.4
	1880	2.26552e+06	16540.1
	1881	2.26542e+06	16537.8
	1882	2.26534e+06	16535.5
	1883	2.26527e+06	16533.2
	1884	2.26521e+06	16530.9
	1885	2.26516e+06	16528.7
	1886	2.26512e+06	16526.4
	1887	2.26509e+06	16524.2
	1888	2.26507e+06	16522
	1889	2.26506e+06	16519.9
	1890	2.26506e+06	16517.7
	1891	2.26508e+06	16515.6
	1892	2.2651e+06	16513.5
	1893	2.26514e+06	16511.4
	1894	2.26519e+06	16509.4
	1895	2.26524e+06	16507.4
	1896	2.26531e+06	16505.4
	1897	2.26539e+06	16503.4
	1898	2.26547e+06	16501.4
	1899	2.26557e+06	16499.5
	1900	2.26568e+06	16497.6
	1901	2.2658e+06	16495.7
	1902	2.26593e+06	16493.9
	1903	2.26607e+06	16492.1
	1904	2.26621e+06	16490.3
	1905	2.26637e+06	16488.6
	1906	2.26654e+06	16486.8
	1907	2.26672e+06	16485.1
	1908	2.2669e+06	16483.5
	1909	2.2671e+06	16481.9
	1910	2.2673e+06	16480.3
	1911	2.26752e+06	16478.7
	1912	2.26774e+06	16477.2
	1913	2.26798e+06	16475.6
	1914	2.26822e+06	16474.2
	1915	2.26847e+06	16472.7
	1916	2.26873e+06	16471.3
	1917	2.269e+06	16470
	1918	2.26927e+06	16468.6
	1919	2.26956e+06	16467.3
	1920	2.26985e+06	16466.1
	1921	2.27015e+06	16464.8
	1922	2.27046e+06	16463.6
	1923	2.27078e+06	16462.5
	1924	2.2711e+06	16461.3
	1925	2.27143e+06	16460.2
	1926	2.27177e+06	16459.2
	1927	2.27212e+06	16458.2
	1928	2.27247e+06	16457.2
	1929	2.27283e+06	16456.2
	1930	2.2732e+06	16455.3
	1931	2.27357e+06	16454.4
	1932	2.27396e+06	16453.6
	1933	2.27434e+06	16452.8
	1934	2.27474e+06	16452
	1935	2.27514e+06	16451.3
	1936	2.27554e+06	16450.6
	1937	2.27595e+06	16449.9
	1938	2.27637e+06	16449.3
	1939	2.27679e+06	16448.7
	1940	2.27722e+06	16448.2
	1941	2.27766e+06	16447.7
	1942	2.27809e+06	16447.2
	1943	2.27854e+06	16446.7
	1944	2.27899e+06	16446.3
	1945	2.27944e+06	16446
	1946	2.27989e+06	16445.6
	1947	2.28036e+06	16445.4
	1948	2.28082e+06	16445.1
	1949	2.28129e+06	16444.9
	1950	2.28176e+06	16444.7
	1951	2.28224e+06	16444.6
	1952	2.28272e+06	16444.5
	1953	2.2832e+06	16444.4
	1954	2.28369e+06	16444.3
	1955	2.28418e+06	16444.3
	1956	2.28467e+06	16444.4
	1957	2.28517e+06	16444.5
	1958	2.28566e+06	16444.6
	1959	2.28616e+06	16444.7
	1960	2.28666e+06	16444.9
	1961	2.28717e+06	16445.1
	1962	2.28767e+06	16445.3
	1963	2.28818e+06	16445.6
	1964	2.28868e+06	16445.9
	1965	2.28919e+06	16446.3
	1966	2.2897e+06	16446.7
	1967	2.29021e+06	16447.1
	1968	2.29073e+06	16447.5
	1969	2.29124e+06	16448
	1970	2.29175e+06	16448.5
	1971	2.29226e+06	16449.1
	1972	2.29278e+06	16449.6
	1973	2.29329e+06	16450.2
	1974	2.2938e+06	16450.9
	1975	2.29431e+06	16451.6
	1976	2.29482e+06	16452.3
	1977	2.29533e+06	16453
	1978	2.29584e+06	16453.7
	1979	2.29635e+06	16454.5
	1980	2.29686e+06	16455.4
	1981	2.29736e+06	16456.2
	1982	2.29787e+06	16457.1
	1983	2.29837e+06	16458
	1984	2.29887e+06	16458.9
	1985	2.29937e+06	16459.9
	1986	2.29987e+06	16460.9
	1987	2.30036e+06	16461.9
	1988	2.30085e+06	16462.9
	1989	2.30134e+06	16464
	1990	2.30183e+06	16465
	1991	2.30231e+06	16466.2
	1992	2.30279e+06	16467.3
	1993	2.30327e+06	16468.5
	1994	2.30374e+06	16469.6
	1995	2.30421e+06	16470.8
	1996	2.30467e+06	16472.1
	1997	2.30514e+06	16473.3
	1998	2.3056e+06	16474.6
	1999	2.30605e+06	16475.9
	2000	2.3065e+06	16477.2
	2001	2.30695e+06	16478.5
	2002	2.32384e+06	13211.1
	2003	2.34067e+06	13240.2
	2004	2.35742e+06	13270.2
	2005	2.37409e+06	13300.9
	2006	2.39066e+06	13332.4
	2007	2.40711e+06	13364.8
	2008	2.42344e+06	13397.9
	2009	2.43964e+06	13431.8
	2010	2.45569e+06	13466.4
	2011	2.47158e+06	13501.8
	2012	2.48731e+06	13538
	2013	2.50286e+06	13574.9
	2014	2.51823e+06	13612.5
	2015	2.53339e+06	13650.8
	2016	2.54835e+06	13689.8
	2017	2.5631e+06	13729.5
	2018	2.57762e+06	13769.9
	2019	2.5919e+06	13810.9
	2020	2.60595e+06	13852.6
	2021	2.61974e+06	13894.9
	2022	2.63328e+06	13937.8
	2023	2.64655e+06	13981.3
	2024	2.65956e+06	14025.4
	2025	2.67229e+06	14070
	2026	2.68473e+06	14115.2
	2027	2.69689e+06	14160.9
	2028	2.70875e+06	14207.1
	2029	2.72032e+06	14253.8
	2030	2.73159e+06	14300.9
	2031	2.74255e+06	14348.5
	2032	2.7532e+06	14396.5
	2033	2.76354e+06	14444.9
	2034	2.77356e+06	14493.8
	2035	2.78327e+06	14542.9
	2036	2.79266e+06	14592.4
	2037	2.80173e+06	14642.3
	2038	2.81048e+06	14692.4
	2039	2.8189e+06	14742.8
	2040	2.827e+06	14793.5
	2041	2.83478e+06	14844.4
	2042	2.84224e+06	14895.5
	2043	2.84937e+06	14946.8
	2044	2.85618e+06	14998.2
	2045	2.86267e+06	15049.8
	2046	2.86884e+06	15101.5
	2047	2.8747e+06	15153.4
	2048	2.88023e+06	15205.3
	2049	2.88546e+06	15257.2
	2050	2.89037e+06	15309.2
	2051	2.89497e+06	15361.2
	2052	2.89926e+06	15413.2
	2053	2.90325e+06	15465.1
	2054	2.90694e+06	15517
	2055	2.91033e+06	15568.8
	2056	2.91343e+06	15620.5
	2057	2.91624e+06	15672.1
	2058	2.91876e+06	15723.5
	2059	2.921e+06	15774.8
	2060	2.92295e+06	15825.9
	2061	2.92464e+06	15876.7
	2062	2.92605e+06	15927.4
	2063	2.92719e+06	15977.8
	2064	2.92807e+06	16028
	2065	2.92869e+06	16077.8
	2066	2.92906e+06	16127.4
	2067	2.92918e+06	16176.6
	2068	2.92905e+06	16225.5
	2069	2.92868e+06	16274
	2070	2.92808e+06	16322.2
	2071	2.92724e+06	16369.9
	2072	2.92618e+06	16417.3
	2073	2.92489e+06	16464.2
	2074	2.92339e+06	16510.7
	2075	2.92167e+06	16556.7
	2076	2.91975e+06	16602.2
	2077	2.91762e+06	16647.3
	2078	2.91529e+06	16691.8
	2079	2.91277e+06	16735.9
	2080	2.91006e+06	16779.3
	2081	2.90716e+06	16822.3
	2082	2.90409e+06	16864.7
	2083	2.90083e+06	16906.5
	2084	2.8974e+06	16947.7
	2085	2.89381e+06	16988.4
	2086	2.89005e+06	17028.4
	2087	2.88614e+06	17067.8
	2088	2.88207e+06	17106.6
	2089	2.87785e+06	17144.8
	2090	2.87348e+06	17182.3
	2091	2.86897e+06	17219.2
	2092	2.86433e+06	17255.4
	2093	2.85955e+06	17290.9
	2094	2.85464e+06	17325.8
	2095	2.8496e+06	17360
	2096	2.84445e+06	17393.5
	2097	2.83917e+06	17426.2
	2098	2.83378e+06	17458.3
	2099	2.82829e+06	17489.7
	2100	2.82268e+06	17520.4
	2101	2.81697e+06	17550.3
	2102	2.81117e+06	17579.6
	2103	2.80526e+06	17608.1
	2104	2.79927e+06	17635.9
	2105	2.79318e+06	17662.9
	2106	2.78701e+06	17689.3
	2107	2.78076e+06	17714.8
	2108	2.77443e+06	17739.7
	2109	2.76803e+06	17763.8
	2110	2.76155e+06	17787.2
	2111	2.755e+06	17809.8
	2112	2.74838e+06	17831.8
	2113	2.7417e+06	17852.9
	2114	2.73496e+06	17873.3
	2115	2.72816e+06	17893
	2116	2.72131e+06	17912
	2117	2.71441e+06	17930.2
	2118	2.70745e+06	17947.7
	2119	2.70045e+06	17964.5
	2120	2.6934e+06	17980.5
	2121	2.68631e+06	17995.8
	2122	2.67919e+06	18010.4
	2123	2.67202e+06	18024.3
	2124	2.66482e+06	18037.4
	2125	2.65759e+06	18049.9
	2126	2.65033e+06	18061.6
	2127	2.64304e+06	18072.6
	2128	2.63572e+06	18083
	2129	2.62838e+06	18092.6
	2130	2.62102e+06	18101.5
	2131	2.61365e+06	18109.8
	2132	2.60625e+06	18117.4
	2133	2.59884e+06	18124.3
	2134	2.59141e+06	18130.5
	2135	2.58398e+06	18136.1
	2136	2.57653e+06	18141
	2137	2.56908e+06	18145.3
	2138	2.56162e+06	18148.9
	2139	2.55416e+06	18151.9
	2140	2.54669e+06	18154.2
	2141	2.53922e+06	18156
	2142	2.53176e+06	18157.1
	2143	2.52429e+06	18157.6
	2144	2.51683e+06	18157.5
	2145	2.50938e+06	18156.8
	2146	2.50193e+06	18155.5
	2147	2.49449e+06	18153.6
	2148	2.48706e+06	18151.1
	2149	2.47964e+06	18148.1
	2150	2.47223e+06	18144.5
	2151	2.46484e+06	18140.4
	2152	2.45746e+06	18135.7
	2153	2.4501e+06	18130.5
	2154	2.44276e+06	18124.8
	2155	2.43543e+06	18118.5
	2156	2.42813e+06	18111.7
	2157	2.42085e+06	18104.4
	2158	2.41359e+06	18096.7
	2159	2.40635e+06	18088.4
	2160	2.39914e+06	18079.6
	2161	2.39195e+06	18070.4
	2162	2.38479e+06	18060.7
	2163	2.37765e+06	18050.6
	2164	2.37055e+06	18040
	2165	2.36347e+06	18028.9
	2166	2.35643e+06	18017.4
	2167	2.34942e+06	18005.5
	2168	2.34244e+06	17993.2
	2169	2.33549e+06	17980.5
	2170	2.32858e+06	17967.4
	2171	2.3217e+06	17953.8
	2172	2.31486e+06	17939.9
	2173	2.30805e+06	17925.6
	2174	2.30129e+06	17911
	2175	2.29456e+06	17896
	2176	2.28787e+06	17880.6
	2177	2.28122e+06	17864.9
	2178	2.27461e+06	17848.9
	2179	2.26804e+06	17832.5
	2180	2.26152e+06	17815.8
	2181	2.25504e+06	17798.8
	2182	2.2486e+06	17781.4
	2183	2.2422e+06	17763.8
	2184	2.23585e+06	17745.9
	2185	2.22955e+06	17727.7
	2186	2.22329e+06	17709.3
	2187	2.21708e+06	17690.5
	2188	2.21092e+06	17671.5
	2189	2.20481e+06	17652.3
	2190	2.19874e+06	17632.8
	2191	2.19272e+06	17613.1
	2192	2.18676e+06	17593.1
	2193	2.18084e+06	17572.9
	2194	2.17498e+06	17552.5
	2195	2.16917e+06	17531.9
	2196	2.16341e+06	17511.1
	2197	2.1577e+06	17490.1
	2198	2.15205e+06	17468.9
	2199	2.14645e+06	17447.5
	2200	2.14091e+06	17426
	2201	2.13542e+06	17404.2
	2202	2.12999e+06	17382.4
	2203	2.12461e+06	17360.3
	2204	2.1193e+06	17338.2
	2205	2.11403e+06	17315.8
	2206	2.10883e+06	17293.4
	2207	2.10369e+06	17270.8
	2208	2.0986e+06	17248.1
	2209	2.09358e+06	17225.3
	2210	2.08861e+06	17202.3
	2211	2.08371e+06	17179.3
	2212	2.07886e+06	17156.2
	2213	2.07408e+06	17132.9
	2214	2.06936e+06	17109.6
	2215	2.06471e+06	17086.3
	2216	2.06012e+06	17062.8
	2217	2.05559e+06	17039.3
	2218	2.05112e+06	17015.7
	2219	2.04672e+06	16992.1
	2220	2.04239e+06	16968.4
	2221	2.03812e+06	16944.7
	2222	2.03392e+06	16920.9
	2223	2.02979e+06	16897.1
	2224	2.02572e+06	16873.3
	2225	2.02172e+06	16849.4
	2226	2.01779e+06	16825.6
	2227	2.01393e+06	16801.7
	2228	2.01014e+06	16777.9
	2229	2.00642e+06	16754
	2230	2.00277e+06	16730.1
	2231	1.9992e+06	16706.3
	2232	1.99569e+06	16682.4
	2233	1.99226e+06	16658.6
	2234	1.9889e+06	16634.8
	2235	1.98561e+06	16611.1
	2236	1.9824e+06	16587.4
	2237	1.97926e+06	16563.7
	2238	1.97619e+06	16540.1
	2239	1.97321e+06	16516.5
	2240	1.9703e+06	16493
	2241	1.96746e+06	16469.5
	2242	1.96471e+06	16446.1
	2243	1.96203e+06	16422.8
	2244	1.95943e+06	16399.6
	2245	1.9569e+06	16376.4
	2246	1.95446e+06	16353.4
	2247	1.9521e+06	16330.4
	2248	1.94982e+06	16307.5
	2249	1.94762e+06	16284.7
	2250	1.9455e+06	16262
	2251	1.94347e+06	16239.4
	2252	1.94152e+06	16217
	2253	1.93965e+06	16194.6
	2254	1.93786e+06	16172.4
	2255	1.93617e+06	16150.3
	2256	1.93455e+06	16128.4
	2257	1.93302e+06	16106.5
	2258	1.93158e+06	16084.8
	2259	1.93022e+06	16063.3
	2260	1.92896e+06	16041.9
	2261	1.92778e+06	16020.6
	2262	1.92669e+06	15999.6
	2263	1.92568e+06	15978.6
	2264	1.92477e+06	15957.9
	2265	1.92395e+06	15937.3
	2266	1.92322e+06	15916.8
	2267	1.92258e+06	15896.6
	2268	1.92203e+06	15876.5
	2269	1.92157e+06	15856.6
	2270	1.9212e+06	15837
	2271	1.92093e+06	15817.5
	2272	1.92075e+06	15798.2
	2273	1.92067e+06	15779.1
	2274	1.92068e+06	15760.2
	2275	1.92079e+06	15741.5
	2276	1.92099e+06	15723
	2277	1.92128e+06	15704.8
	2278	1.92167e+06	15686.7
	2279	1.92216e+06	15668.9
	2280	1.92275e+06	15651.3
	2281	1.92343e+06	15634
	2282	1.92421e+06	15616.9
	2283	1.92509e+06	15600
	2284	1.92606e+06	15583.4
	2285	1.92714e+06	15567
	2286	1.92831e+06	15550.9
	2287	1.92958e+06	15535
	2288	1.93095e+06	15519.4
	2289	1.93242e+06	15504
	2290	1.93398e+06	15488.9
	2291	1.93565e+06	15474.1
	2292	1.93742e+06	15459.6
	2293	1.93928e+06	15445.3
	2294	1.94125e+06	15431.3
	2295	1.94331e+06	15417.6
	2296	1.94547e+06	15404.2
	2297	1.94773e+06	15391
	2298	1.9501e+06	15378.2
	2299	1.95256e+06	15365.6
	2300	1.95511e+06	15353.4
	2301	1.95777e+06	15341.4
	2302	1.96053e+06	15329.8
	2303	1.96338e+06	15318.5
	2304	1.96633e+06	15307.5
	2305	1.96938e+06	15296.7
	2306	1.97252e+06	15286.4
	2307	1.97576e+06	15276.3
	2308	1.97909e+06	15266.5
	2309	1.98252e+06	15257.1
	2310	1.98605e+06	15248
	2311	1.98967e+06	15239.3
	2312	1.99338e+06	15230.8
	2313	1.99718e+06	15222.7
	2314	2.00107e+06	15215
	2315	2.00506e+06	15207.6
	2316	2.00913e+06	15200.5
	2317	2.0133e+06	15193.8
	2318	2.01754e+06	15187.4
	2319	2.02188e+06	15181.4
	2320	2.0263e+06	15175.7
	2321	2.03081e+06	15170.4
	2322	2.03539e+06	15165.5
	2323	2.04006e+06	15160.9
	2324	2.04481e+06	15156.6
	2325	2.04964e+06	15152.7
	2326	2.05454e+06	15149.2
	2327	2.05952e+06	15146.1
	2328	2.06457e+06	15143.3
	2329	2.0697e+06	15140.9
	2330	2.07489e+06	15138.8
	2331	2.08015e+06	15137.1
	2332	2.08549e+06	15135.8
	2333	2.09088e+06	15134.9
	2334	2.09634e+06	15134.3
	2335	2.10186e+06	15134.1
	2336	2.10744e+06	15134.3
	2337	2.11307e+06	15134.9
	2338	2.11876e+06	15135.8
	2339	2.1245e+06	15137.1
	2340	2.1303e+06	15138.8
	2341	2.13614e+06	15140.8
	2342	2.14202e+06	15143.2
	2343	2.14795e+06	15146
	2344	2.15393e+06	15149.2
	2345	2.15993e+06	15152.8
	2346	2.16598e+06	15156.7
	2347	2.17206e+06	15161
	2348	2.17817e+06	15165.6
	2349	2.18431e+06	15170.6
	2350	2.19047e+06	15176
	2351	2.19666e+06	15181.8
	2352	2.20286e+06	15187.9
	2353	2.20909e+06	15194.4
	2354	2.21533e+06	15201.3
	2355	2.22158e+06	15208.5
	2356	2.22784e+06	15216
	2357	2.23411e+06	15223.9
	2358	2.24038e+06	15232.2
	2359	2.24666e+06	15240.8
	2360	2.25293e+06	15249.8
	2361	2.2592e+06	15259.1
	2362	2.26546e+06	15268.8
	2363	2.27171e+06	15278.8
	2364	2.27795e+06	15289.1
	2365	2.28417e+06	15299.8
	2366	2.29037e+06	15310.8
	2367	2.29656e+06	15322.1
	2368	2.30271e+06	15333.7
	2369	2.30885e+06	15345.7
	2370	2.31495e+06	15357.9
	2371	2.32102e+06	15370.5
	2372	2.32706e+06	15383.4
	2373	2.33305e+06	15396.5
	2374	2.33901e+06	15410
	2375	2.34493e+06	15423.8
	2376	2.3508e+06	15437.8
	2377	2.35662e+06	15452.1
	2378	2.3624e+06	15466.7
	2379	2.36812e+06	15481.6
	2380	2.37378e+06	15496.7
	2381	2.37939e+06	15512.1
	2382	2.38494e+06	15527.7
	2383	2.39043e+06	15543.6
	2384	2.39585e+06	15559.7
	2385	2.40121e+06	15576
	2386	2.4065e+06	15592.6
	2387	2.41171e+06	15609.4
	2388	2.41686e+06	15626.4
	2389	2.42193e+06	15643.7
	2390	2.42693e+06	15661.1
	2391	2.43184e+06	15678.7
	2392	2.43668e+06	15696.5
	2393	2.44144e+06	15714.5
	2394	2.44611e+06	15732.7
	2395	2.4507e+06	15751
	2396	2.4552e+06	15769.5
	2397	2.45962e+06	15788.2
	2398	2.46394e+06	15807
	2399	2.46818e+06	15825.9
	2400	2.47232e+06	15845
	2401	2.47638e+06	15864.1
	2402	2.48033e+06	15883.5
	2403	2.4842e+06	15902.9
	2404	2.48797e+06	15922.4
	2405	2.49164e+06	15942
	2406	2.49521e+06	15961.7
	2407	2.49869e+06	15981.5
	2408	2.50206e+06	16001.3
	2409	2.50534e+06	16021.3
	2410	2.50852e+06	16041.2
	2411	2.51159e+06	16061.3
	2412	2.51457e+06	16081.3
	2413	2.51744e+06	16101.4
	2414	2.52021e+06	16121.6
	2415	2.52288e+06	16141.7
	2416	2.52545e+06	16161.9
	2417	2.52791e+06	16182
	2418	2.53027e+06	16202.2
	2419	2.53253e+06	16222.4
	2420	2.53469e+06	16242.5
	2421	2.53674e+06	16262.6
	2422	2.53869e+06	16282.7
	2423	2.54054e+06	16302.7
	2424	2.54229e+06	16322.7
	2425	2.54393e+06	16342.7
	2426	2.54548e+06	16362.5
	2427	2.54692e+06	16382.4
	2428	2.54826e+06	16402.1
	2429	2.5495e+06	16421.7
	2430	2.55064e+06	16441.3
	2431	2.55169e+06	16460.8
	2432	2.55263e+06	16480.1
	2433	2.55348e+06	16499.4
	2434	2.55423e+06	16518.6
	2435	2.55488e+06	16537.6
	2436	2.55544e+06	16556.5
	2437	2.5559e+06	16575.2
	2438	2.55627e+06	16593.9
	2439	2.55655e+06	16612.3
	2440	2.55673e+06	16630.7
	2441	2.55682e+06	16648.8
	2442	2.55682e+06	16666.9
	2443	2.55673e+06	16684.7
	2444	2.55656e+06	16702.4
	2445	2.55629e+06	16719.8
	2446	2.55594e+06	16737.1
	2447	2.5555e+06	16754.3
	2448	2.55498e+06	16771.2
	2449	2.55438e+06	16787.9
	2450	2.55369e+06	16804.4
	2451	2.55292e+06	16820.7
	2452	2.55208e+06	16836.8
	2453	2.55115e+06	16852.7
	2454	2.55015e+06	16868.3
	2455	2.54907e+06	16883.8
	2456	2.54791e+06	16899
	2457	2.54668e+06	16913.9
	2458	2.54538e+06	16928.7
	2459	2.54401e+06	16943.2
	2460	2.54257e+06	16957.4
	2461	2.54105e+06	16971.4
	2462	2.53947e+06	16985.1
	2463	2.53783e+06	16998.6
	2464	2.53612e+06	17011.9
	2465	2.53434e+06	17024.9
	2466	2.5325e+06	17037.6
	2467	2.5306e+06	17050
	2468	2.52865e+06	17062.2
	2469	2.52663e+06	17074.1
	2470	2.52455e+06	17085.8
	2471	2.52242e+06	17097.1
	2472	2.52024e+06	17108.2
	2473	2.518e+06	17119
	2474	2.5157e+06	17129.6
	2475	2.51336e+06	17139.8
	2476	2.51097e+06	17149.8
	2477	2.50853e+06	17159.5
	2478	2.50604e+06	17168.9
	2479	2.5035e+06	17178.1
	2480	2.50092e+06	17186.9
	2481	2.4983e+06	17195.4
	2482	2.49564e+06	17203.7
	2483	2.49293e+06	17211.7
	2484	2.49019e+06	17219.4
	2485	2.4874e+06	17226.8
	2486	2.48458e+06	17233.9
	2487	2.48172e+06	17240.7
	2488	2.47883e+06	17247.3
	2489	2.47591e+06	17253.5
	2490	2.47295e+06	17259.5
	2491	2.46996e+06	17265.1
	2492	2.46694e+06	17270.5
	2493	2.46389e+06	17275.6
	2494	2.46082e+06	17280.4
	2495	2.45771e+06	17284.9
	2496	2.45459e+06	17289.2
	2497	2.45143e+06	17293.1
	2498	2.44826e+06	17296.8
	2499	2.44506e+06	17300.2
	2500	2.44184e+06	17303.3
	2501	2.43861e+06	17306.1
	2502	2.43535e+06	17308.7
	2503	2.43207e+06	17311
	2504	2.42878e+06	17313
	2505	2.42548e+06	17314.7
	2506	2.42216e+06	17316.1
	2507	2.41882e+06	17317.3
	2508	2.41547e+06	17318.2
	2509	2.41211e+06	17318.9
	2510	2.40875e+06	17319.3
	2511	2.40537e+06	17319.4
	2512	2.40198e+06	17319.3
	2513	2.39859e+06	17318.9
	2514	2.39518e+06	17318.2
	2515	2.39178e+06	17317.3
	2516	2.38837e+06	17316.2
	2517	2.38495e+06	17314.7
	2518	2.38153e+06	17313.1
	2519	2.37811e+06	17311.2
	2520	2.37469e+06	17309.1
	2521	2.37127e+06	17306.7
	2522	2.36785e+06	17304.1
	2523	2.36443e+06	17301.2
	2524	2.36101e+06	17298.1
	2525	2.3576e+06	17294.8
	2526	2.35419e+06	17291.3
	2527	2.35079e+06	17287.6
	2528	2.34739e+06	17283.6
	2529	2.344e+06	17279.4
	2530	2.34061e+06	17275
	2531	2.33724e+06	17270.4
	2532	2.33387e+06	17265.6
	2533	2.33051e+06	17260.6
	2534	2.32717e+06	17255.3
	2535	2.32383e+06	17249.9
	2536	2.32051e+06	17244.3
	2537	2.3172e+06	17238.5
	2538	2.3139e+06	17232.5
	2539	2.31061e+06	17226.3
	2540	2.30734e+06	17219.9
	2541	2.30409e+06	17213.4
	2542	2.30085e+06	17206.7
	2543	2.29763e+06	17199.8
	2544	2.29443e+06	17192.7
	2545	2.29125e+06	17185.5
	2546	2.28808e+06	17178.1
	2547	2.28493e+06	17170.6
	2548	2.28181e+06	17162.9
	2549	2.2787e+06	17155
	2550	2.27562e+06	17147
	2551	2.27256e+06	17138.9
	2552	2.26952e+06	17130.6
	2553	2.2665e+06	17122.2
	2554	2.26351e+06	17113.6
	2555	2.26054e+06	17104.9
	2556	2.2576e+06	17096.1
	2557	2.25468e+06	17087.2
	2558	2.25179e+06	17078.1
	2559	2.24892e+06	17068.9
	2560	2.24608e+06	17059.6
	2561	2.24327e+06	17050.2
	2562	2.24049e+06	17040.7
	2563	2.23774e+06	17031.1
	2564	2.23501e+06	17021.4
	2565	2.23232e+06	17011.6
	2566	2.22965e+06	17001.7
	2567	2.22702e+06	16991.7
	2568	2.22442e+06	16981.6
	2569	2.22184e+06	16971.4
	2570	2.21931e+06	16961.2
	2571	2.2168e+06	16950.9
	2572	2.21432e+06	16940.5
	2573	2.21188e+06	16930
	2574	2.20948e+06	16919.5
	2575	2.20711e+06	16908.9
	2576	2.20477e+06	16898.2
	2577	2.20247e+06	16887.5
	2578	2.2002e+06	16876.8
	2579	2.19797e+06	16866
	2580	2.19577e+06	16855.1
	2581	2.19362e+06	16844.2
	2582	2.19149e+06	16833.3
	2583	2.18941e+06	16822.3
	2584	2.18737e+06	16811.3
	2585	2.18536e+06	16800.3
	2586	2.18339e+06	16789.2
	2587	2.18146e+06	16778.1
	2588	2.17957e+06	16767
	2589	2.17772e+06	16755.9
	2590	2.17591e+06	16744.7
	2591	2.17414e+06	16733.6
	2592	2.17241e+06	16722.4
	2593	2.17072e+06	16711.3
	2594	2.16907e+06	16700.1
	2595	2.16746e+06	16688.9
	2596	2.1659e+06	16677.8
	2597	2.16438e+06	16666.6
	2598	2.1629e+06	16655.5
	2599	2.16146e+06	16644.4
	2600	2.16006e+06	16633.3
	2601	2.15871e+06	16622.2
	2602	2.1574e+06	16611.1
	2603	2.15614e+06	16600.1
	2604	2.15492e+06	16589.1
	2605	2.15374e+06	16578.1
	2606	2.1526e+06	16567.1
	2607	2.15151e+06	16556.2
	2608	2.15047e+06	16545.4
	2609	2.14947e+06	16534.5
	2610	2.14851e+06	16523.8
	2611	2.1476e+06	16513
	2612	2.14674e+06	16502.4
	2613	2.14592e+06	16491.7
	2614	2.14515e+06	16481.2
	2615	2.14442e+06	16470.7
	2616	2.14373e+06	16460.2
	2617	2.1431e+06	16449.8
	2618	2.14251e+06	16439.5
	2619	2.14196e+06	16429.2
	2620	2.14146e+06	16419.1
	2621	2.14101e+06	16409
	2622	2.1406e+06	16398.9
	2623	2.14024e+06	16389
	2624	2.13993e+06	16379.1
	2625	2.13966e+06	16369.3
	2626	2.13944e+06	16359.7
	2627	2.13926e+06	16350
	2628	2.13914e+06	16340.5
	2629	2.13905e+06	16331.1
	2630	2.13902e+06	16321.8
	2631	2.13903e+06	16312.6
	2632	2.13908e+06	16303.4
	2633	2.13919e+06	16294.4
	2634	2.13933e+06	16285.5
	2635	2.13953e+06	16276.7
	2636	2.13977e+06	16268
	2637	2.14006e+06	16259.4
	2638	2.14039e+06	16250.9
	2639	2.14076e+06	16242.5
	2640	2.14119e+06	16234.2
	2641	2.14166e+06	16226.1
	2642	2.14217e+06	16218.1
	2643	2.14273e+06	16210.2
	2644	2.14333e+06	16202.4
	2645	2.14398e+06	16194.8
	2646	2.14467e+06	16187.3
	2647	2.1454e+06	16179.9
	2648	2.14618e+06	16172.6
	2649	2.14701e+06	16165.5
	2650	2.14787e+06	16158.5
	2651	2.14878e+06	16151.7
	2652	2.14973e+06	16145
	2653	2.15073e+06	16138.4
	2654	2.15176e+06	16131.9
	2655	2.15284e+06	16125.7
	2656	2.15396e+06	16119.5
	2657	2.15512e+06	16113.5
	2658	2.15632e+06	16107.6
	2659	2.15756e+06	16101.9
	2660	2.15884e+06	16096.4
	2661	2.16016e+06	16090.9
	2662	2.16152e+06	16085.7
	2663	2.16291e+06	16080.6
	2664	2.16435e+06	16075.6
	2665	2.16582e+06	16070.8
	2666	2.16733e+06	16066.1
	2667	2.16887e+06	16061.6
	2668	2.17045e+06	16057.3
	2669	2.17207e+06	16053.1
	2670	2.17372e+06	16049.1
	2671	2.17541e+06	16045.2
	2672	2.17713e+06	16041.5
	2673	2.17888e+06	16038
	2674	2.18066e+06	16034.6
	2675	2.18248e+06	16031.4
	2676	2.18433e+06	16028.3
	2677	2.18621e+06	16025.4
	2678	2.18811e+06	16022.7
	2679	2.19005e+06	16020.1
	2680	2.19202e+06	16017.7
	2681	2.19401e+06	16015.4
	2682	2.19603e+06	16013.4
	2683	2.19808e+06	16011.5
	2684	2.20015e+06	16009.7
	2685	2.20225e+06	16008.1
	2686	2.20438e+06	16006.7
	2687	2.20652e+06	16005.4
	2688	2.20869e+06	16004.4
	2689	2.21088e+06	16003.4
	2690	2.21309e+06	16002.7
	2691	2.21533e+06	16002.1
	2692	2.21758e+06	16001.7
	2693	2.21985e+06	16001.4
	2694	2.22214e+06	16001.3
	2695	2.22444e+06	16001.4
	2696	2.22677e+06	16001.6
	2697	2.2291e+06	16002
	2698	2.23146e+06	16002.5
	2699	2.23382e+06	16003.2
	2700	2.2362e+06	16004.1
	2701	2.23859e+06	16005.1
	2702	2.24099e+06	16006.3
	2703	2.24341e+06	16007.7
	2704	2.24583e+06	16009.2
	2705	2.24826e+06	16010.9
	2706	2.2507e+06	16012.7
	2707	2.25314e+06	16014.7
	2708	2.25559e+06	16016.8
	2709	2.25805e+06	16019.1
	2710	2.2605e+06	16021.5
	2711	2.26297e+06	16024.1
	2712	2.26543e+06	16026.8
	2713	2.2679e+06	16029.7
	2714	2.27036e+06	16032.8
	2715	2.27283e+06	16035.9
	2716	2.2753e+06	16039.3
	2717	2.27776e+06	16042.7
	2718	2.28022e+06	16046.3
	2719	2.28267e+06	16050.1
	2720	2.28512e+06	16054
	2721	2.28757e+06	16058
	2722	2.29001e+06	16062.1
	2723	2.29244e+06	16066.4
	2724	2.29486e+06	16070.9
	2725	2.29727e+06	16075.4
	2726	2.29968e+06	16080.1
	2727	2.30207e+06	16084.9
	2728	2.30445e+06	16089.8
	2729	2.30682e+06	16094.9
	2730	2.30917e+06	16100
	2731	2.31151e+06	16105.3
	2732	2.31384e+06	16110.7
	2733	2.31615e+06	16116.2
	2734	2.31844e+06	16121.9
	2735	2.32072e+06	16127.6
	2736	2.32297e+06	16133.4
	2737	2.32521e+06	16139.4
	2738	2.32743e+06	16145.4
	2739	2.32963e+06	16151.6
	2740	2.33181e+06	16157.8
	2741	2.33396e+06	16164.2
	2742	2.3361e+06	16170.6
	2743	2.33821e+06	16177.1
	2744	2.3403e+06	16183.8
	2745	2.34236e+06	16190.5
	2746	2.34439e+06	16197.2
	2747	2.34641e+06	16204.1
	2748	2.34839e+06	16211
	2749	2.35035e+06	16218.1
	2750	2.35228e+06	16225.1
	2751	2.35418e+06	16232.3
	2752	2.35606e+06	16239.5
	2753	2.3579e+06	16246.8
	2754	2.35972e+06	16254.2
	2755	2.3615e+06	16261.6
	2756	2.36326e+06	16269
	2757	2.36498e+06	16276.6
	2758	2.36667e+06	16284.1
	2759	2.36833e+06	16291.8
	2760	2.36996e+06	16299.4
	2761	2.37155e+06	16307.1
	2762	2.37311e+06	16314.9
	2763	2.37464e+06	16322.7
	2764	2.37613e+06	16330.5
	2765	2.37759e+06	16338.4
	2766	2.37902e+06	16346.2
	2767	2.38041e+06	16354.2
	2768	2.38176e+06	16362.1
	2769	2.38308e+06	16370
	2770	2.38436e+06	16378
	2771	2.38561e+06	16386
	2772	2.38682e+06	16394
	2773	2.38799e+06	16402
	2774	2.38913e+06	16410
	2775	2.39023e+06	16418.1
	2776	2.3913e+06	16426.1
	2777	2.39232e+06	16434.1
	2778	2.39331e+06	16442.1
	2779	2.39427e+06	16450.1
	2780	2.39518e+06	16458.1
	2781	2.39606e+06	16466.1
	2782	2.3969e+06	16474.1
	2783	2.3977e+06	16482.1
	2784	2.39847e+06	16490
	2785	2.39919e+06	16497.9
	2786	2.39988e+06	16505.8
	2787	2.40053e+06	16513.7
	2788	2.40115e+06	16521.5
	2789	2.40172e+06	16529.3
	2790	2.40226e+06	16537.1
	2791	2.40277e+06	16544.8
	2792	2.40323e+06	16552.5
	2793	2.40366e+06	16560.1
	2794	2.40405e+06	16567.8
	2795	2.4044e+06	16575.3
	2796	2.40472e+06	16582.8
	2797	2.405e+06	16590.3
	2798	2.40524e+06	16597.7
	2799	2.40545e+06	16605
	2800	2.40562e+06	16612.3
	2801	2.40575e+06	16619.6
	2802	2.40585e+06	16626.7
	2803	2.40592e+06	16633.8
	2804	2.40595e+06	16640.9
	2805	2.40594e+06	16647.8
	2806	2.4059e+06	16654.7
	2807	2.40582e+06	16661.6
	2808	2.40571e+06	16668.3
	2809	2.40557e+06	16675
	2810	2.40539e+06	16681.6
	2811	2.40518e+06	16688.1
	2812	2.40494e+06	16694.6
	2813	2.40466e+06	16700.9
	2814	2.40435e+06	16707.2
	2815	2.40401e+06	16713.4
	2816	2.40364e+06	16719.5
	2817	2.40324e+06	16725.5
	2818	2.4028e+06	16731.4
	2819	2.40234e+06	16737.2
	2820	2.40184e+06	16743
	2821	2.40132e+06	16748.6
	2822	2.40076e+06	16754.2
	2823	2.40018e+06	16759.6
	2824	2.39957e+06	16765
	2825	2.39893e+06	16770.2
	2826	2.39826e+06	16775.4
	2827	2.39757e+06	16780.4
	2828	2.39685e+06	16785.3
	2829	2.3961e+06	16790.2
	2830	2.39532e+06	16794.9
	2831	2.39452e+06	16799.5
	2832	2.3937e+06	16804.1
	2833	2.39285e+06	16808.5
	2834	2.39197e+06	16812.8
	2835	2.39108e+06	16817
	2836	2.39015e+06	16821
	2837	2.38921e+06	16825
	2838	2.38824e+06	16828.9
	2839	2.38726e+06	16832.6
	2840	2.38625e+06	16836.3
	2841	2.38521e+06	16839.8
	2842	2.38416e+06	16843.2
	2843	2.38309e+06	16846.5
	2844	2.382e+06	16849.7
	2845	2.38089e+06	16852.8
	2846	2.37976e+06	16855.7
	2847	2.37861e+06	16858.6
	2848	2.37745e+06	16861.3
	2849	2.37627e+06	16863.9
	2850	2.37507e+06	16866.4
	2851	2.37385e+06	16868.8
	2852	2.37262e+06	16871
	2853	2.37138e+06	16873.2
	2854	2.37012e+06	16875.2
	2855	2.36884e+06	16877.1
	2856	2.36755e+06	16878.9
	2857	2.36625e+06	16880.6
	2858	2.36494e+06	16882.2
	2859	2.36361e+06	16883.7
	2860	2.36227e+06	16885
	2861	2.36092e+06	16886.2
	2862	2.35956e+06	16887.3
	2863	2.35819e+06	16888.3
	2864	2.35681e+06	16889.2
	2865	2.35542e+06	16890
	2866	2.35402e+06	16890.7
	2867	2.35261e+06	16891.2
	2868	2.35119e+06	16891.7
	2869	2.34977e+06	16892
	2870	2.34834e+06	16892.2
	2871	2.3469e+06	16892.3
	2872	2.34546e+06	16892.3
	2873	2.34401e+06	16892.2
	2874	2.34255e+06	16892
	2875	2.34109e+06	16891.7
	2876	2.33963e+06	16891.3
	2877	2.33816e+06	16890.7
	2878	2.33669e+06	16890.1
	2879	2.33522e+06	16889.4
	2880	2.33374e+06	16888.5
	2881	2.33226e+06	16887.6
	2882	2.33078e+06	16886.5
	2883	2.3293e+06	16885.4
	2884	2.32782e+06	16884.1
	2885	2.32633e+06	16882.8
	2886	2.32485e+06	16881.4
	2887	2.32337e+06	16879.8
	2888	2.32189e+06	16878.2
	2889	2.32041e+06	16876.5
	2890	2.31893e+06	16874.7
	2891	2.31745e+06	16872.8
	2892	2.31598e+06	16870.8
	2893	2.31451e+06	16868.7
	2894	2.31304e+06	16866.5
	2895	2.31158e+06	16864.3
	2896	2.31012e+06	16861.9
	2897	2.30867e+06	16859.5
	2898	2.30722e+06	16857
	2899	2.30577e+06	16854.4
	2900	2.30433e+06	16851.7
	2901	2.3029e+06	16849
	2902	2.30147e+06	16846.2
	2903	2.30005e+06	16843.3
	2904	2.29864e+06	16840.3
	2905	2.29724e+06	16837.2
	2906	2.29584e+06	16834.1
	2907	2.29445e+06	16830.9
	2908	2.29307e+06	16827.6
	2909	2.2917e+06	16824.3
	2910	2.29034e+06	16820.9
	2911	2.28899e+06	16817.4
	2912	2.28764e+06	16813.9
	2913	2.28631e+06	16810.3
	2914	2.28499e+06	16806.7
	2915	2.28368e+06	16803
	2916	2.28238e+06	16799.2
	2917	2.28109e+06	16795.4
	2918	2.27981e+06	16791.5
	2919	2.27855e+06	16787.6
	2920	2.2773e+06	16783.6
	2921	2.27606e+06	16779.5
	2922	2.27483e+06	16775.5
	2923	2.27362e+06	16771.3
	2924	2.27242e+06	16767.2
	2925	2.27123e+06	16762.9
	2926	2.27006e+06	16758.7
	2927	2.2689e+06	16754.4
	2928	2.26776e+06	16750
	2929	2.26663e+06	16745.6
	2930	2.26552e+06	16741.2
	2931	2.26442e+06	16736.8
	2932	2.26334e+06	16732.3
	2933	2.26227e+06	16727.7
	2934	2.26122e+06	16723.2
	2935	2.26018e+06	16718.6
	2936	2.25917e+06	16714
	2937	2.25816e+06	16709.4
	2938	2.25718e+06	16704.7
	2939	2.25621e+06	16700
	2940	2.25526e+06	16695.3
	2941	2.25433e+06	16690.6
	2942	2.25341e+06	16685.9
	2943	2.25252e+06	16681.1
	2944	2.25164e+06	16676.3
	2945	2.25077e+06	16671.5
	2946	2.24993e+06	16666.7
	2947	2.24911e+06	16661.9
	2948	2.2483e+06	16657.1
	2949	2.24751e+06	16652.3
	2950	2.24674e+06	16647.4
	2951	2.24599e+06	16642.6
	2952	2.24526e+06	16637.7
	2953	2.24455e+06	16632.9
	2954	2.24386e+06	16628.1
	2955	2.24319e+06	16623.2
	2956	2.24254e+06	16618.4
	2957	2.24191e+06	16613.5
	2958	2.24129e+06	16608.7
	2959	2.2407e+06	16603.9
	2960	2.24013e+06	16599
	2961	2.23958e+06	16594.2
	2962	2.23904e+06	16589.4
	2963	2.23853e+06	16584.6
	2964	2.23804e+06	16579.9
	2965	2.23757e+06	16575.1
	2966	2.23712e+06	16570.3
	2967	2.23669e+06	16565.6
	2968	2.23628e+06	16560.9
	2969	2.23589e+06	16556.2
	2970	2.23553e+06	16551.6
	2971	2.23518e+06	16546.9
	2972	2.23485e+06	16542.3
	2973	2.23455e+06	16537.7
	2974	2.23427e+06	16533.1
	2975	2.234e+06	16528.6
	2976	2.23376e+06	16524.1
	2977	2.23354e+06	16519.6
	2978	2.23334e+06	16515.1
	2979	2.23316e+06	16510.7
	2980	2.233e+06	16506.3
	2981	2.23286e+06	16502
	2982	2.23274e+06	16497.7
	2983	2.23264e+06	16493.4
	2984	2.23257e+06	16489.1
	2985	2.23251e+06	16484.9
	2986	2.23248e+06	16480.8
	2987	2.23246e+06	16476.7
	2988	2.23247e+06	16472.6
	2989	2.2325e+06	16468.6
	2990	2.23254e+06	16464.6
	2991	2.23261e+06	16460.6
	2992	2.2327e+06	16456.7
	2993	2.2328e+06	16452.9
	2994	2.23293e+06	16449.1
	2995	2.23308e+06	16445.3
	2996	2.23324e+06	16441.6
	2997	2.23343e+06	16438
	2998	2.23364e+06	16434.4
	2999	2.23386e+06	16430.8
	3000	2.23411e+06	16427.3
	3001	2.23437e+06	16423.9
	3002	2.23465e+06	16420.5
	3003	2.23495e+06	16417.2
	3004	2.23527e+06	16413.9
	3005	2.23561e+06	16410.7
	3006	2.23597e+06	16407.5
	3007	2.23634e+06	16404.4
	3008	2.23674e+06	16401.4
	3009	2.23715e+06	16398.4
	3010	2.23758e+06	16395.5
	3011	2.23802e+06	16392.7
	3012	2.23849e+06	16389.9
	3013	2.23897e+06	16387.2
	3014	2.23947e+06	16384.5
	3015	2.23998e+06	16381.9
	3016	2.24051e+06	16379.3
	3017	2.24106e+06	16376.9
	3018	2.24162e+06	16374.5
	3019	2.2422e+06	16372.1
	3020	2.24279e+06	16369.9
	3021	2.2434e+06	16367.6
	3022	2.24403e+06	16365.5
	3023	2.24467e+06	16363.4
	3024	2.24532e+06	16361.4
	3025	2.24599e+06	16359.5
	3026	2.24667e+06	16357.6
	3027	2.24737e+06	16355.8
	3028	2.24808e+06	16354.1
	3029	2.2488e+06	16352.4
	3030	2.24954e+06	16350.8
	3031	2.25029e+06	16349.3
	3032	2.25105e+06	16347.9
	3033	2.25182e+06	16346.5
	3034	2.25261e+06	16345.2
	3035	2.25341e+06	16343.9
	3036	2.25421e+06	16342.8
	3037	2.25503e+06	16341.7
	3038	2.25586e+06	16340.6
	3039	2.2567e+06	16339.7
	3040	2.25755e+06	16338.8
	3041	2.25842e+06	16338
	3042	2.25929e+06	16337.2
	3043	2.26016e+06	16336.6
	3044	2.26105e+06	16336
	3045	2.26195e+06	16335.4
	3046	2.26285e+06	16335
	3047	2.26377e+06	16334.6
	3048	2.26469e+06	16334.3
	3049	2.26561e+06	16334
	3050	2.26655e+06	16333.8
	3051	2.26749e+06	16333.7
	3052	2.26844e+06	16333.7
	3053	2.26939e+06	16333.7
	3054	2.27035e+06	16333.8
	3055	2.27131e+06	16333.9
	3056	2.27228e+06	16334.2
	3057	2.27325e+06	16334.5
	3058	2.27423e+06	16334.8
	3059	2.27521e+06	16335.3
	3060	2.2762e+06	16335.8
	3061	2.27719e+06	16336.3
	3062	2.27818e+06	16337
	3063	2.27917e+06	16337.7
	3064	2.28017e+06	16338.4
	3065	2.28116e+06	16339.3
	3066	2.28216e+06	16340.1
	3067	2.28316e+06	16341.1
	3068	2.28417e+06	16342.1
	3069	2.28517e+06	16343.2
	3070	2.28617e+06	16344.3
	3071	2.28717e+06	16345.5
	3072	2.28817e+06	16346.8
	3073	2.28917e+06	16348.1
	3074	2.29017e+06	16349.5
	3075	2.29117e+06	16350.9
	3076	2.29217e+06	16352.4
	3077	2.29316e+06	16354
	3078	2.29415e+06	16355.6
	3079	2.29514e+06	16357.3
	3080	2.29613e+06	16359
	3081	2.29711e+06	16360.8
	3082	2.29809e+06	16362.6
	3083	2.29906e+06	16364.5
	3084	2.30003e+06	16366.4
	3085	2.301e+06	16368.4
	3086	2.30196e+06	16370.4
	3087	2.30292e+06	16372.5
	3088	2.30387e+06	16374.6
	3089	2.30481e+06	16376.8
	3090	2.30575e+06	16379
	3091	2.30668e+06	16381.3
	3092	2.30761e+06	16383.6
	3093	2.30852e+06	16386
	3094	2.30944e+06	16388.4
	3095	2.31034e+06	16390.8
	3096	2.31123e+06	16393.3
	3097	2.31212e+06	16395.8
	3098	2.313e+06	16398.4
	3099	2.31387e+06	16401
	3100	2.31473e+06	16403.6
	3101	2.31559e+06	16406.3
	3102	2.31643e+06	16409
	3103	2.31727e+06	16411.8
	3104	2.31809e+06	16414.6
	3105	2.3189e+06	16417.4
	3106	2.31971e+06	16420.2
	3107	2.3205e+06	16423.1
	3108	2.32128e+06	16426
	3109	2.32206e+06	16428.9
	3110	2.32282e+06	16431.9
	3111	2.32357e+06	16434.8
	3112	2.32431e+06	16437.8
	3113	2.32503e+06	16440.9
	3114	2.32575e+06	16443.9
	3115	2.32645e+06	16447
	3116	2.32714e+06	16450.1
	3117	2.32782e+06	16453.2
	3118	2.32849e+06	16456.3
	3119	2.32914e+06	16459.5
	3120	2.32978e+06	16462.6
	3121	2.33041e+06	16465.8
	3122	2.33102e+06	16469
	3123	2.33162e+06	16472.2
	3124	2.33221e+06	16475.4
	3125	2.33278e+06	16478.6
	3126	2.33335e+06	16481.9
	3127	2.33389e+06	16485.1
	3128	2.33443e+06	16488.3
	3129	2.33494e+06	16491.6
	3130	2.33545e+06	16494.9
	3131	2.33594e+06	16498.1
	3132	2.33642e+06	16501.4
	3133	2.33688e+06	16504.7
	3134	2.33733e+06	16507.9
	3135	2.33776e+06	16511.2
	3136	2.33818e+06	16514.5
	3137	2.33859e+06	16517.7
	3138	2.33898e+06	16521
	3139	2.33935e+06	16524.2
	3140	2.33971e+06	16527.5
	3141	2.34006e+06	16530.7
	3142	2.34039e+06	16534
	3143	2.3407e+06	16537.2
	3144	2.34101e+06	16540.4
	3145	2.34129e+06	16543.6
	3146	2.34156e+06	16546.8
	3147	2.34182e+06	16550
	3148	2.34206e+06	16553.2
	3149	2.34229e+06	16556.4
	3150	2.3425e+06	16559.5
	3151	2.3427e+06	16562.6
	3152	2.34288e+06	16565.7
	3153	2.34305e+06	16568.8
	3154	2.34321e+06	16571.9
	3155	2.34335e+06	16574.9
	3156	2.34347e+06	16578
	3157	2.34358e+06	16581
	3158	2.34367e+06	16584
	3159	2.34375e+06	16586.9
	3160	2.34382e+06	16589.9
	3161	2.34387e+06	16592.8
	3162	2.34391e+06	16595.7
	3163	2.34393e+06	16598.5
	3164	2.34394e+06	16601.4
	3165	2.34394e+06	16604.2
	3166	2.34392e+06	16606.9
	3167	2.34388e+06	16609.7
	3168	2.34384e+06	16612.4
	3169	2.34378e+06	16615.1
	3170	2.3437e+06	16617.7
	3171	2.34362e+06	16620.3
	3172	2.34351e+06	16622.9
	3173	2.3434e+06	16625.5
	3174	2.34327e+06	16628
	3175	2.34313e+06	16630.5
	3176	2.34298e+06	16632.9
	3177	2.34281e+06	16635.3
	3178	2.34263e+06	16637.7
	3179	2.34244e+06	16640
	3180	2.34224e+06	16642.3
	3181	2.34202e+06	16644.6
	3182	2.34179e+06	16646.8
	3183	2.34155e+06	16649
	3184	2.3413e+06	16651.1
	3185	2.34104e+06	16653.2
	3186	2.34076e+06	16655.3
	3187	2.34047e+06	16657.3
	3188	2.34017e+06	16659.3
	3189	2.33987e+06	16661.2
	3190	2.33955e+06	16663.1
	3191	2.33921e+06	16665
	3192	2.33887e+06	16666.8
	3193	2.33852e+06	16668.5
	3194	2.33816e+06	16670.2
	3195	2.33779e+06	16671.9
	3196	2.33741e+06	16673.5
	3197	2.33701e+06	16675.1
	3198	2.33661e+06	16676.6
	3199	2.3362e+06	16678.1
	3200	2.33578e+06	16679.6
	3201	2.33535e+06	16681
	3202	2.33492e+06	16682.3
	3203	2.33447e+06	16683.6
	3204	2.33402e+06	16684.9
	3205	2.33355e+06	16686.1
	3206	2.33308e+06	16687.3
	3207	2.33261e+06	16688.4
	3208	2.33212e+06	16689.5
	3209	2.33163e+06	16690.5
	3210	2.33113e+06	16691.5
	3211	2.33062e+06	16692.4
	3212	2.3301e+06	16693.3
	3213	2.32958e+06	16694.1
	3214	2.32905e+06	16694.9
	3215	2.32852e+06	16695.7
	3216	2.32798e+06	16696.3
	3217	2.32743e+06	16697
	3218	2.32688e+06	16697.6
	3219	2.32633e+06	16698.2
	3220	2.32576e+06	16698.7
	3221	2.3252e+06	16699.1
	3222	2.32462e+06	16699.5
	3223	2.32405e+06	16699.9
	3224	2.32347e+06	16700.2
	3225	2.32288e+06	16700.5
	3226	2.32229e+06	16700.7
	3227	2.3217e+06	16700.9
	3228	2.3211e+06	16701
	3229	2.3205e+06	16701.1
	3230	2.3199e+06	16701.2
	3231	2.31929e+06	16701.2
	3232	2.31868e+06	16701.1
	3233	2.31807e+06	16701
	3234	2.31746e+06	16700.9
	3235	2.31684e+06	16700.7
	3236	2.31622e+06	16700.5
	3237	2.3156e+06	16700.2
	3238	2.31498e+06	16699.9
	3239	2.31436e+06	16699.6
	3240	2.31373e+06	16699.2
	3241	2.31311e+06	16698.7
	3242	2.31248e+06	16698.3
	3243	2.31185e+06	16697.7
	3244	2.31123e+06	16697.2
	3245	2.3106e+06	16696.6
	3246	2.30997e+06	16695.9
	3247	2.30934e+06	16695.3
	3248	2.30871e+06	16694.5
	3249	2.30809e+06	16693.8
	3250	2.30746e+06	16693
	3251	2.30684e+06	16692.1
	3252	2.30621e+06	16691.3
	3253	2.30559e+06	16690.4
	3254	2.30497e+06	16689.4
	3255	2.30435e+06	16688.4
	3256	2.30373e+06	16687.4
	3257	2.30311e+06	16686.4
	3258	2.3025e+06	16685.3
	3259	2.30189e+06	16684.1
	3260	2.30128e+06	16683
	3261	2.30067e+06	16681.8
	3262	2.30007e+06	16680.6
	3263	2.29947e+06	16679.3
	3264	2.29887e+06	16678
	3265	2.29827e+06	16676.7
	3266	2.29768e+06	16675.4
	3267	2.29709e+06	16674
	3268	2.29651e+06	16672.6
	3269	2.29593e+06	16671.2
	3270	2.29536e+06	16669.7
	3271	2.29478e+06	16668.2
	3272	2.29422e+06	16666.7
	3273	2.29365e+06	16665.2
	3274	2.2931e+06	16663.6
	3275	2.29254e+06	16662
	3276	2.292e+06	16660.4
	3277	2.29145e+06	16658.8
	3278	2.29091e+06	16657.1
	3279	2.29038e+06	16655.4
	3280	2.28986e+06	16653.7
	3281	2.28933e+06	16652
	3282	2.28882e+06	16650.3
	3283	2.28831e+06	16648.5
	3284	2.28781e+06	16646.7
	3285	2.28731e+06	16644.9
	3286	2.28682e+06	16643.1
	3287	2.28633e+06	16641.3
	3288	2.28585e+06	16639.4
	3289	2.28538e+06	16637.5
	3290	2.28492e+06	16635.6
	3291	2.28446e+06	16633.7
	3292	2.28401e+06	16631.8
	3293	2.28356e+06	16629.9
	3294	2.28313e+06	16628
	3295	2.2827e+06	16626
	3296	2.28227e+06	16624.1
	3297	2.28186e+06	16622.1
	3298	2.28145e+06	16620.1
	3299	2.28105e+06	16618.1
	3300	2.28066e+06	16616.1
	3301	2.28027e+06	16614.1
	3302	2.2799e+06	16612.1
	3303	2.27953e+06	16610.1
	3304	2.27917e+06	16608
	3305	2.27881e+06	16606
	3306	2.27847e+06	16604
	3307	2.27813e+06	16601.9
	3308	2.2778e+06	16599.9
	3309	2.27748e+06	16597.8
	3310	2.27717e+06	16595.8
	3311	2.27687e+06	16593.7
	3312	2.27657e+06	16591.7
	3313	2.27629e+06	16589.6
	3314	2.27601e+06	16587.6
	3315	2.27574e+06	16585.5
	3316	2.27548e+06	16583.5
	3317	2.27523e+06	16581.4
	3318	2.27498e+06	16579.4
	3319	2.27475e+06	16577.3
	3320	2.27452e+06	16575.3
	3321	2.27431e+06	16573.3
	3322	2.2741e+06	16571.3
	3323	2.2739e+06	16569.2
	3324	2.27371e+06	16567.2
	3325	2.27353e+06	16565.2
	3326	2.27336e+06	16563.2
	3327	2.27319e+06	16561.2
	3328	2.27304e+06	16559.2
	3329	2.2729e+06	16557.3
	3330	2.27276e+06	16555.3
	3331	2.27263e+06	16553.4
	3332	2.27251e+06	16551.4
	3333	2.2724e+06	16549.5
	3334	2.2723e+06	16547.6
	3335	2.27221e+06	16545.7
	3336	2.27213e+06	16543.8
	3337	2.27206e+06	16541.9
	3338	2.27199e+06	16540
	3339	2.27194e+06	16538.2
	3340	2.27189e+06	16536.4
	3341	2.27185e+06	16534.5
	3342	2.27182e+06	16532.7
	3343	2.2718e+06	16531
	3344	2.27179e+06	16529.2
	3345	2.27179e+06	16527.4
	3346	2.2718e+06	16525.7
	3347	2.27181e+06	16524
	3348	2.27183e+06	16522.3
	3349	2.27187e+06	16520.6
	3350	2.27191e+06	16519
	3351	2.27196e+06	16517.3
	3352	2.27201e+06	16515.7
	3353	2.27208e+06	16514.1
	3354	2.27215e+06	16512.6
	3355	2.27223e+06	16511
	3356	2.27233e+06	16509.5
	3357	2.27242e+06	16508
	3358	2.27253e+06	16506.5
	3359	2.27265e+06	16505.1
	3360	2.27277e+06	16503.6
	3361	2.2729e+06	16502.2
	3362	2.27304e+06	16500.8
	3363	2.27318e+06	16499.5
	3364	2.27334e+06	16498.1
	3365	2.2735e+06	16496.8
	3366	2.27367e+06	16495.5
	3367	2.27385e+06	16494.3
	3368	2.27403e+06	16493
	3369	2.27422e+06	16491.8
	3370	2.27442e+06	16490.6
	3371	2.27462e+06	16489.5
	3372	2.27484e+06	16488.3
	3373	2.27506e+06	16487.2
	3374	2.27528e+06	16486.2
	3375	2.27551e+06	16485.1
	3376	2.27575e+06	16484.1
	3377	2.276e+06	16483.1
	3378	2.27625e+06	16482.2
	3379	2.27651e+06	16481.2
	3380	2.27677e+06	16480.3
	3381	2.27704e+06	16479.4
	3382	2.27732e+06	16478.6
	3383	2.2776e+06	16477.8
	3384	2.27789e+06	16477
	3385	2.27818e+06	16476.2
	3386	2.27848e+06	16475.5
	3387	2.27879e+06	16474.8
	3388	2.2791e+06	16474.1
	3389	2.27941e+06	16473.5
	3390	2.27973e+06	16472.9
	3391	2.28005e+06	16472.3
	3392	2.28038e+06	16471.7
	3393	2.28072e+06	16471.2
	3394	2.28106e+06	16470.7
	3395	2.2814e+06	16470.2
	3396	2.28175e+06	16469.8
	3397	2.2821e+06	16469.4
	3398	2.28245e+06	16469
	3399	2.28281e+06	16468.7
	3400	2.28317e+06	16468.4
	3401	2.28354e+06	16468.1
	3402	2.28391e+06	16467.8
	3403	2.28428e+06	16467.6
	3404	2.28466e+06	16467.4
	3405	2.28504e+06	16467.2
	3406	2.28542e+06	16467.1
	3407	2.28581e+06	16467
	3408	2.2862e+06	16466.9
	3409	2.28659e+06	16466.9
	3410	2.28698e+06	16466.9
	3411	2.28737e+06	16466.9
	3412	2.28777e+06	16466.9
	3413	2.28817e+06	16467
	3414	2.28857e+06	16467.1
	3415	2.28897e+06	16467.2
	3416	2.28938e+06	16467.3
	3417	2.28979e+06	16467.5
	3418	2.29019e+06	16467.7
	3419	2.2906e+06	16468
	3420	2.29101e+06	16468.2
	3421	2.29142e+06	16468.5
	3422	2.29183e+06	16468.8
	3423	2.29224e+06	16469.2
	3424	2.29266e+06	16469.5
	3425	2.29307e+06	16469.9
	3426	2.29348e+06	16470.3
	3427	2.29389e+06	16470.8
	3428	2.29431e+06	16471.3
	3429	2.29472e+06	16471.8
	3430	2.29513e+06	16472.3
	3431	2.29555e+06	16472.8
	3432	2.29596e+06	16473.4
	3433	2.29637e+06	16474
	3434	2.29678e+06	16474.6
	3435	2.29719e+06	16475.3
	3436	2.29759e+06	16475.9
	3437	2.298e+06	16476.6
	3438	2.29841e+06	16477.3
	3439	2.29881e+06	16478.1
	3440	2.29921e+06	16478.8
	3441	2.29961e+06	16479.6
	3442	2.30001e+06	16480.4
	3443	2.30041e+06	16481.2
	3444	2.30081e+06	16482.1
	3445	2.3012e+06	16482.9
	3446	2.30159e+06	16483.8
	3447	2.30198e+06	16484.7
	3448	2.30236e+06	16485.6
	3449	2.30275e+06	16486.6
	3450	2.30313e+06	16487.5
	3451	2.3035e+06	16488.5
	3452	2.30388e+06	16489.5
	3453	2.30425e+06	16490.5
	3454	2.30462e+06	16491.5
	3455	2.30498e+06	16492.6
	3456	2.30535e+06	16493.6
	3457	2.3057e+06	16494.7
	3458	2.30606e+06	16495.8
	3459	2.30641e+06	16496.9
	3460	2.30676e+06	16498
	3461	2.3071e+06	16499.2
	3462	2.30744e+06	16500.3
	3463	2.30777e+06	16501.5
	3464	2.30811e+06	16502.6
	3465	2.30843e+06	16503.8
	3466	2.30876e+06	16505
	3467	2.30907e+06	16506.2
	3468	2.30939e+06	16507.5
	3469	2.3097e+06	16508.7
	3470	2.31e+06	16509.9
	3471	2.3103e+06	16511.2
	3472	2.3106e+06	16512.4
	3473	2.31089e+06	16513.7
	3474	2.31117e+06	16515
	3475	2.31145e+06	16516.3
	3476	2.31173e+06	16517.5
	3477	2.312e+06	16518.8
	3478	2.31227e+06	16520.1
	3479	2.31253e+06	16521.5
	3480	2.31278e+06	16522.8
	3481	2.31303e+06	16524.1
	3482	2.31327e+06	16525.4
	3483	2.31351e+06	16526.7
	3484	2.31375e+06	16528.1
	3485	2.31397e+06	16529.4
	3486	2.3142e+06	16530.8
	3487	2.31441e+06	16532.1
	3488	2.31462e+06	16533.4
	3489	2.31483e+06	16534.8
	3490	2.31503e+06	16536.1
	3491	2.31522e+06	16537.5
	3492	2.31541e+06	16538.8
	3493	2.31559e+06	16540.2
	3494	2.31577e+06	16541.5
	3495	2.31594e+06	16542.9
	3496	2.3161e+06	16544.2
	3497	2.31626e+06	16545.6
	3498	2.31641e+06	16546.9
	3499	2.31656e+06	16548.3
	3500	2.3167e+06	16549.6
	3501	2.31683e+06	16550.9
	3502	2.31696e+06	16552.2
	3503	2.31708e+06	16553.6
	3504	2.3172e+06	16554.9
	3505	2.31731e+06	16556.2
	3506	2.31741e+06	16557.5
	3507	2.31751e+06	16558.8
	3508	2.31761e+06	16560.1
	3509	2.31769e+06	16561.4
	3510	2.31777e+06	16562.7
	3511	2.31785e+06	16564
	3512	2.31791e+06	16565.2
	3513	2.31798e+06	16566.5
	3514	2.31803e+06	16567.8
	3515	2.31808e+06	16569
	3516	2.31813e+06	16570.2
	3517	2.31816e+06	16571.5
	3518	2.3182e+06	16572.7
	3519	2.31822e+06	16573.9
	3520	2.31824e+06	16575.1
	3521	2.31826e+06	16576.3
	3522	2.31827e+06	16577.4
	3523	2.31827e+06	16578.6
	3524	2.31827e+06	16579.7
	3525	2.31826e+06	16580.9
	3526	2.31824e+06	16582
	3527	2.31822e+06	16583.1
	3528	2.3182e+06	16584.2
	3529	2.31817e+06	16585.3
	3530	2.31813e+06	16586.4
	3531	2.31809e+06	16587.4
	3532	2.31804e+06	16588.5
	3533	2.31799e+06	16589.5
	3534	2.31793e+06	16590.5
	3535	2.31786e+06	16591.5
	3536	2.3178e+06	16592.5
	3537	2.31772e+06	16593.5
	3538	2.31764e+06	16594.5
	3539	2.31756e+06	16595.4
	3540	2.31747e+06	16596.3
	3541	2.31737e+06	16597.2
	3542	2.31727e+06	16598.1
	3543	2.31717e+06	16599
	3544	2.31706e+06	16599.8
	3545	2.31694e+06	16600.7
	3546	2.31682e+06	16601.5
	3547	2.3167e+06	16602.3
	3548	2.31657e+06	16603.1
	3549	2.31644e+06	16603.9
	3550	2.3163e+06	16604.6
	3551	2.31616e+06	16605.4
	3552	2.31601e+06	16606.1
	3553	2.31586e+06	16606.8
	3554	2.31571e+06	16607.5
	3555	2.31555e+06	16608.1
	3556	2.31538e+06	16608.8
	3557	2.31522e+06	16609.4
	3558	2.31505e+06	16610
	3559	2.31487e+06	16610.6
	3560	2.31469e+06	16611.2
	3561	2.31451e+06	16611.7
	3562	2.31433e+06	16612.3
	3563	2.31414e+06	16612.8
	3564	2.31394e+06	16613.3
	3565	2.31375e+06	16613.7
	3566	2.31355e+06	16614.2
	3567	2.31335e+06	16614.6
	3568	2.31314e+06	16615
	3569	2.31293e+06	16615.4
	3570	2.31272e+06	16615.8
	3571	2.3125e+06	16616.2
	3572	2.31229e+06	16616.5
	3573	2.31207e+06	16616.8
	3574	2.31184e+06	16617.1
	3575	2.31162e+06	16617.4
	3576	2.31139e+06	16617.7
	3577	2.31116e+06	16617.9
	3578	2.31093e+06	16618.1
	3579	2.31069e+06	16618.3
	3580	2.31045e+06	16618.5
	3581	2.31021e+06	16618.7
	3582	2.30997e+06	16618.8
	3583	2.30973e+06	16618.9
	3584	2.30949e+06	16619
	3585	2.30924e+06	16619.1
	3586	2.30899e+06	16619.2
	3587	2.30874e+06	16619.2
	3588	2.30849e+06	16619.3
	3589	2.30824e+06	16619.3
	3590	2.30798e+06	16619.3
	3591	2.30773e+06	16619.2
	3592	2.30747e+06	16619.2
	3593	2.30721e+06	16619.1
	3594	2.30696e+06	16619
	3595	2.3067e+06	16618.9
	3596	2.30644e+06	16618.8
	3597	2.30618e+06	16618.7
	3598	2.30591e+06	16618.5
	3599	2.30565e+06	16618.4
	3600	2.30539e+06	16618.2
	3601	2.30513e+06	16618
	3602	2.30487e+06	16617.7
	3603	2.3046e+06	16617.5
	3604	2.30434e+06	16617.2
	3605	2.30408e+06	16617
	3606	2.30381e+06	16616.7
	3607	2.30355e+06	16616.4
	3608	2.30329e+06	16616
	3609	2.30302e+06	16615.7
	3610	2.30276e+06	16615.3
	3611	2.3025e+06	16615
	3612	2.30224e+06	16614.6
	3613	2.30198e+06	16614.2
	3614	2.30172e+06	16613.8
	3615	2.30146e+06	16613.3
	3616	2.3012e+06	16612.9
	3617	2.30094e+06	16612.4
	3618	2.30069e+06	16612
	3619	2.30043e+06	16611.5
	3620	2.30018e+06	16611
	3621	2.29992e+06	16610.4
	3622	2.29967e+06	16609.9
	3623	2.29942e+06	16609.4
	3624	2.29917e+06	16608.8
	3625	2.29892e+06	16608.3
	3626	2.29868e+06	16607.7
	3627	2.29843e+06	16607.1
	3628	2.29819e+06	16606.5
	3629	2.29795e+06	16605.9
	3630	2.29771e+06	16605.2
	3631	2.29747e+06	16604.6
	3632	2.29724e+06	16603.9
	3633	2.297e+06	16603.3
	3634	2.29677e+06	16602.6
	3635	2.29654e+06	16601.9
	3636	2.29631e+06	16601.2
	3637	2.29609e+06	16600.5
	3638	2.29587e+06	16599.8
	3639	2.29565e+06	16599.1
	3640	2.29543e+06	16598.4
	3641	2.29521e+06	16597.7
	3642	2.295e+06	16596.9
	3643	2.29479e+06	16596.2
	3644	2.29458e+06	16595.4
	3645	2.29438e+06	16594.6
	3646	2.29418e+06	16593.9
	3647	2.29398e+06	16593.1
	3648	2.29378e+06	16592.3
	3649	2.29359e+06	16591.5
	3650	2.2934e+06	16590.7
