	0	5e+06	1125
	1	4.9945e+06	1149.46
	2	4.99148e+06	704.847
	3	4.98858e+06	720.337
	4	4.98579e+06	736.151
	5	4.98311e+06	752.295
	6	4.98051e+06	768.777
	7	4.978e+06	785.602
	8	4.97557e+06	802.779
	9	4.97321e+06	820.314
	10	4.97092e+06	838.214
	11	4.96869e+06	856.486
	12	4.9665e+06	875.138
	13	4.96437e+06	894.177
	14	4.96228e+06	913.612
	15	4.96022e+06	933.448
	16	4.9582e+06	953.695
	17	4.95621e+06	974.36
	18	4.95424e+06	995.451
	19	4.9523e+06	1016.98
	20	4.95037e+06	1038.94
	21	4.94846e+06	1061.36
	22	4.94656e+06	1084.24
	23	4.94467e+06	1107.59
	24	4.94278e+06	1131.41
	25	4.94089e+06	1155.72
	26	4.93901e+06	1180.52
	27	4.93712e+06	1205.83
	28	4.93523e+06	1231.65
	29	4.93333e+06	1257.99
	30	4.93142e+06	1284.87
	31	4.9295e+06	1312.28
	32	4.92756e+06	1340.24
	33	4.92561e+06	1368.77
	34	4.92365e+06	1397.86
	35	4.92166e+06	1427.54
	36	4.91965e+06	1457.8
	37	4.91762e+06	1488.67
	38	4.91557e+06	1520.14
	39	4.91349e+06	1552.24
	40	4.91138e+06	1584.97
	41	4.90924e+06	1618.34
	42	4.90708e+06	1652.36
	43	4.90488e+06	1687.04
	44	4.90265e+06	1722.4
	45	4.90038e+06	1758.44
	46	4.89808e+06	1795.18
	47	4.89574e+06	1832.63
	48	4.89336e+06	1870.79
	49	4.89095e+06	1909.68
	50	4.88849e+06	1949.32
	51	4.88599e+06	1989.7
	52	4.88345e+06	2030.85
	53	4.88086e+06	2072.77
	54	4.87823e+06	2115.47
	55	4.87555e+06	2158.98
	56	4.87282e+06	2203.29
	57	4.87004e+06	2248.42
	58	4.86721e+06	2294.38
	59	4.86433e+06	2341.19
	60	4.8614e+06	2388.85
	61	4.85841e+06	2437.38
	62	4.85537e+06	2486.78
	63	4.85227e+06	2537.07
	64	4.84911e+06	2588.26
	65	4.8459e+06	2640.37
	66	4.84262e+06	2693.39
	67	4.83929e+06	2747.35
	68	4.83589e+06	2802.26
	69	4.83243e+06	2858.12
	70	4.8289e+06	2914.95
	71	4.82531e+06	2972.75
	72	4.82165e+06	3031.55
	73	4.81792e+06	3091.34
	74	4.81413e+06	3152.14
	75	4.81026e+06	3213.96
	76	4.80633e+06	3276.82
	77	4.80232e+06	3340.71
	78	4.79824e+06	3405.65
	79	4.79408e+06	3471.64
	80	4.78984e+06	3538.71
	81	4.78553e+06	3606.85
	82	4.78114e+06	3676.08
	83	4.77668e+06	3746.4
	84	4.77213e+06	3817.83
	85	4.7675e+06	3890.36
	86	4.76278e+06	3964.01
	87	4.75798e+06	4038.78
	88	4.7531e+06	4114.68
	89	4.74813e+06	4191.72
	90	4.74307e+06	4269.91
	91	4.73793e+06	4349.24
	92	4.73269e+06	4429.72
	93	4.72737e+06	4511.37
	94	4.72195e+06	4594.17
	95	4.71644e+06	4678.14
	96	4.71083e+06	4763.28
	97	4.70513e+06	4849.59
	98	4.69933e+06	4937.07
	99	4.69344e+06	5025.73
	100	4.68744e+06	5115.56
	101	4.68135e+06	5206.56
	102	4.67516e+06	5298.75
	103	4.66886e+06	5392.1
	104	4.66246e+06	5486.63
	105	4.65596e+06	5582.32
	106	4.64935e+06	5679.19
	107	4.64264e+06	5777.21
	108	4.63582e+06	5876.39
	109	4.6289e+06	5976.73
	110	4.62186e+06	6078.21
	111	4.61472e+06	6180.83
	112	4.60747e+06	6284.58
	113	4.6001e+06	6389.45
	114	4.59263e+06	6495.44
	115	4.58504e+06	6602.52
	116	4.57734e+06	6710.7
	117	4.56952e+06	6819.96
	118	4.56159e+06	6930.29
	119	4.55355e+06	7041.67
	120	4.54539e+06	7154.09
	121	4.53711e+06	7267.53
	122	4.52872e+06	7381.97
	123	4.52021e+06	7497.41
	124	4.51158e+06	7613.81
	125	4.50283e+06	7731.17
	126	4.49396e+06	7849.46
	127	4.48498e+06	7968.65
	128	4.47587e+06	8088.74
	129	4.46665e+06	8209.69
	130	4.4573e+06	8331.47
	131	4.44784e+06	8454.08
	132	4.43825e+06	8577.47
	133	4.42855e+06	8701.63
	134	4.41872e+06	8826.52
	135	4.40878e+06	8952.12
	136	4.39871e+06	9078.4
	137	4.38852e+06	9205.32
	138	4.37822e+06	9332.86
	139	4.36779e+06	9460.99
	140	4.35724e+06	9589.67
	141	4.34658e+06	9718.86
	142	4.33579e+06	9848.54
	143	4.32489e+06	9978.67
	144	4.31387e+06	10109.2
	145	4.30273e+06	10240.1
	146	4.29147e+06	10371.4
	147	4.2801e+06	10503
	148	4.26861e+06	10634.8
	149	4.257e+06	10766.8
	150	4.24529e+06	10899.1
	151	4.23345e+06	11031.5
	152	4.22151e+06	11163.9
	153	4.20945e+06	11296.5
	154	4.19728e+06	11429.1
	155	4.18501e+06	11561.6
	156	4.17262e+06	11694.1
	157	4.16013e+06	11826.5
	158	4.14753e+06	11958.8
	159	4.13483e+06	12090.8
	160	4.12202e+06	12222.7
	161	4.10911e+06	12354.2
	162	4.0961e+06	12485.5
	163	4.08299e+06	12616.3
	164	4.06978e+06	12746.8
	165	4.05647e+06	12876.9
	166	4.04307e+06	13006.4
	167	4.02958e+06	13135.4
	168	4.016e+06	13263.9
	169	4.00232e+06	13391.7
	170	3.98856e+06	13518.9
	171	3.97471e+06	13645.4
	172	3.96078e+06	13771.1
	173	3.94677e+06	13896
	174	3.93267e+06	14020.2
	175	3.9185e+06	14143.5
	176	3.90425e+06	14265.8
	177	3.88992e+06	14387.3
	178	3.87552e+06	14507.8
	179	3.86106e+06	14627.2
	180	3.84652e+06	14745.6
	181	3.83192e+06	14862.9
	182	3.81725e+06	14979.1
	183	3.80252e+06	15094.2
	184	3.78774e+06	15208
	185	3.77289e+06	15320.7
	186	3.75799e+06	15432
	187	3.74304e+06	15542.1
	188	3.72803e+06	15650.9
	189	3.71298e+06	15758.4
	190	3.69788e+06	15864.4
	191	3.68274e+06	15969.1
	192	3.66755e+06	16072.3
	193	3.65233e+06	16174.1
	194	3.63707e+06	16274.5
	195	3.62178e+06	16373.3
	196	3.60645e+06	16470.6
	197	3.59109e+06	16566.4
	198	3.57571e+06	16660.6
	199	3.5603e+06	16753.2
	200	3.54486e+06	16844.3
	201	3.52941e+06	16933.7
	202	3.51393e+06	17021.5
	203	3.49844e+06	17107.7
	204	3.48294e+06	17192.2
	205	3.46743e+06	17275
	206	3.4519e+06	17356.2
	207	3.43637e+06	17435.7
	208	3.42083e+06	17513.5
	209	3.40529e+06	17589.5
	210	3.38975e+06	17663.9
	211	3.37421e+06	17736.6
	212	3.35867e+06	17807.5
	213	3.34314e+06	17876.7
	214	3.32761e+06	17944.2
	215	3.3121e+06	18010
	216	3.29659e+06	18074
	217	3.2811e+06	18136.3
	218	3.26563e+06	18196.9
	219	3.25017e+06	18255.7
	220	3.23473e+06	18312.8
	221	3.21931e+06	18368.2
	222	3.20392e+06	18421.9
	223	3.18855e+06	18473.9
	224	3.17321e+06	18524.2
	225	3.15789e+06	18572.8
	226	3.1426e+06	18619.7
	227	3.12735e+06	18664.9
	228	3.11213e+06	18708.4
	229	3.09694e+06	18750.3
	230	3.08179e+06	18790.6
	231	3.06667e+06	18829.2
	232	3.0516e+06	18866.1
	233	3.03657e+06	18901.5
	234	3.02158e+06	18935.3
	235	3.00663e+06	18967.4
	236	2.99172e+06	18998
	237	2.97687e+06	19027.1
	238	2.96206e+06	19054.6
	239	2.94729e+06	19080.5
	240	2.93258e+06	19105
	241	2.91792e+06	19127.9
	242	2.90331e+06	19149.4
	243	2.88876e+06	19169.4
	244	2.87426e+06	19188
	245	2.85981e+06	19205.1
	246	2.84542e+06	19220.8
	247	2.83109e+06	19235.2
	248	2.81681e+06	19248.1
	249	2.8026e+06	19259.7
	250	2.78844e+06	19270
	251	2.77434e+06	19278.9
	252	2.76031e+06	19286.5
	253	2.74634e+06	19292.9
	254	2.73243e+06	19298
	255	2.71859e+06	19301.9
	256	2.7048e+06	19304.5
	257	2.69109e+06	19305.9
	258	2.67744e+06	19306.2
	259	2.66385e+06	19305.2
	260	2.65034e+06	19303.2
	261	2.63689e+06	19300
	262	2.6235e+06	19295.7
	263	2.61019e+06	19290.3
	264	2.59694e+06	19283.9
	265	2.58377e+06	19276.4
	266	2.57066e+06	19267.9
	267	2.55762e+06	19258.3
	268	2.54466e+06	19247.8
	269	2.53176e+06	19236.3
	270	2.51893e+06	19223.9
	271	2.50618e+06	19210.5
	272	2.49349e+06	19196.2
	273	2.48088e+06	19181.1
	274	2.46834e+06	19165
	275	2.45587e+06	19148.1
	276	2.44347e+06	19130.4
	277	2.43115e+06	19111.8
	278	2.4189e+06	19092.4
	279	2.40672e+06	19072.3
	280	2.39461e+06	19051.4
	281	2.38257e+06	19029.7
	282	2.37061e+06	19007.3
	283	2.35872e+06	18984.2
	284	2.3469e+06	18960.4
	285	2.33516e+06	18936
	286	2.32348e+06	18910.8
	287	2.31188e+06	18885
	288	2.30036e+06	18858.6
	289	2.2889e+06	18831.6
	290	2.27752e+06	18803.9
	291	2.26621e+06	18775.7
	292	2.25497e+06	18746.9
	293	2.24381e+06	18717.6
	294	2.23271e+06	18687.7
	295	2.22169e+06	18657.4
	296	2.21074e+06	18626.5
	297	2.19986e+06	18595.1
	298	2.18905e+06	18563.2
	299	2.17832e+06	18530.8
	300	2.16765e+06	18498.1
	301	2.15706e+06	18464.8
	302	2.14653e+06	18431.2
	303	2.13608e+06	18397.1
	304	2.1257e+06	18362.7
	305	2.11539e+06	18327.8
	306	2.10514e+06	18292.6
	307	2.09497e+06	18257
	308	2.08486e+06	18221.1
	309	2.07483e+06	18184.8
	310	2.06486e+06	18148.2
	311	2.05496e+06	18111.3
	312	2.04513e+06	18074.1
	313	2.03537e+06	18036.6
	314	2.02568e+06	17998.8
	315	2.01605e+06	17960.7
	316	2.00649e+06	17922.4
	317	1.997e+06	17883.8
	318	1.98758e+06	17845
	319	1.97822e+06	17805.9
	320	1.96892e+06	17766.7
	321	1.95969e+06	17727.2
	322	1.95053e+06	17687.5
	323	1.94144e+06	17647.6
	324	1.9324e+06	17607.6
	325	1.92343e+06	17567.3
	326	1.91453e+06	17526.9
	327	1.90569e+06	17486.3
	328	1.89692e+06	17445.6
	329	1.8882e+06	17404.8
	330	1.87955e+06	17363.8
	331	1.87097e+06	17322.6
	332	1.86244e+06	17281.4
	333	1.85398e+06	17240
	334	1.84558e+06	17198.6
	335	1.83724e+06	17157
	336	1.82896e+06	17115.4
	337	1.82075e+06	17073.6
	338	1.81259e+06	17031.8
	339	1.80449e+06	16989.9
	340	1.79646e+06	16948
	341	1.78848e+06	16905.9
	342	1.78056e+06	16863.9
	343	1.77271e+06	16821.8
	344	1.76491e+06	16779.6
	345	1.75717e+06	16737.4
	346	1.74949e+06	16695.2
	347	1.74186e+06	16652.9
	348	1.7343e+06	16610.6
	349	1.72679e+06	16568.3
	350	1.71934e+06	16526.1
	351	1.71194e+06	16483.7
	352	1.70461e+06	16441.4
	353	1.69732e+06	16399.1
	354	1.6901e+06	16356.8
	355	1.68293e+06	16314.6
	356	1.67582e+06	16272.3
	357	1.66876e+06	16230.1
	358	1.66176e+06	16187.9
	359	1.65481e+06	16145.7
	360	1.64792e+06	16103.5
	361	1.64108e+06	16061.4
	362	1.6343e+06	16019.3
	363	1.62757e+06	15977.3
	364	1.62089e+06	15935.3
	365	1.61427e+06	15893.4
	366	1.60771e+06	15851.5
	367	1.60119e+06	15809.7
	368	1.59473e+06	15768
	369	1.58833e+06	15726.3
	370	1.58197e+06	15684.7
	371	1.57567e+06	15643.1
	372	1.56943e+06	15601.7
	373	1.56323e+06	15560.3
	374	1.55709e+06	15519
	375	1.551e+06	15477.7
	376	1.54496e+06	15436.6
	377	1.53898e+06	15395.5
	378	1.53304e+06	15354.6
	379	1.52716e+06	15313.7
	380	1.52134e+06	15273
	381	1.51556e+06	15232.3
	382	1.50984e+06	15191.7
	383	1.50417e+06	15151.2
	384	1.49855e+06	15110.9
	385	1.49298e+06	15070.6
	386	1.48747e+06	15030.5
	387	1.482e+06	14990.5
	388	1.47659e+06	14950.5
	389	1.47123e+06	14910.7
	390	1.46593e+06	14871.1
	391	1.46068e+06	14831.5
	392	1.45548e+06	14792
	393	1.45033e+06	14752.7
	394	1.44523e+06	14713.5
	395	1.44019e+06	14674.5
	396	1.4352e+06	14635.6
	397	1.43027e+06	14596.8
	398	1.42539e+06	14558.1
	399	1.42056e+06	14519.6
	400	1.41579e+06	14481.2
	401	1.41107e+06	14442.9
	402	1.4064e+06	14404.8
	403	1.4018e+06	14366.8
	404	1.39724e+06	14329
	405	1.39274e+06	14291.3
	406	1.3883e+06	14253.8
	407	1.38392e+06	14216.4
	408	1.37959e+06	14179.1
	409	1.37532e+06	14142
	410	1.3711e+06	14105.1
	411	1.36695e+06	14068.3
	412	1.36285e+06	14031.7
	413	1.35882e+06	13995.2
	414	1.35484e+06	13958.9
	415	1.35092e+06	13922.8
	416	1.34707e+06	13886.8
	417	1.34327e+06	13851
	418	1.33954e+06	13815.3
	419	1.33588e+06	13779.9
	420	1.33227e+06	13744.5
	421	1.32874e+06	13709.4
	422	1.32526e+06	13674.4
	423	1.32186e+06	13639.6
	424	1.31852e+06	13605
	425	1.31525e+06	13570.6
	426	1.31205e+06	13536.3
	427	1.30892e+06	13502.2
	428	1.30587e+06	13468.3
	429	1.30288e+06	13434.6
	430	1.29997e+06	13401.1
	431	1.29714e+06	13367.8
	432	1.29438e+06	13334.6
	433	1.2917e+06	13301.7
	434	1.28909e+06	13268.9
	435	1.28657e+06	13236.3
	436	1.28413e+06	13204
	437	1.28178e+06	13171.8
	438	1.27951e+06	13139.9
	439	1.27732e+06	13108.1
	440	1.27523e+06	13076.6
	441	1.27322e+06	13045.2
	442	1.27131e+06	13014.1
	443	1.26949e+06	12983.2
	444	1.26777e+06	12952.5
	445	1.26614e+06	12922.1
	446	1.26462e+06	12891.8
	447	1.2632e+06	12861.8
	448	1.26188e+06	12832
	449	1.26067e+06	12802.4
	450	1.25956e+06	12773.1
	451	1.25857e+06	12744
	452	1.25769e+06	12715.2
	453	1.25693e+06	12686.6
	454	1.25629e+06	12658.2
	455	1.25577e+06	12630.1
	456	1.25537e+06	12602.3
	457	1.2551e+06	12574.7
	458	1.25497e+06	12547.3
	459	1.25496e+06	12520.3
	460	1.25509e+06	12493.5
	461	1.25537e+06	12467
	462	1.25578e+06	12440.7
	463	1.25635e+06	12414.8
	464	1.25706e+06	12389.1
	465	1.25793e+06	12363.7
	466	1.25895e+06	12338.6
	467	1.26013e+06	12313.8
	468	1.26149e+06	12289.3
	469	1.263e+06	12265.2
	470	1.2647e+06	12241.3
	471	1.26657e+06	12217.8
	472	1.26862e+06	12194.6
	473	1.27085e+06	12171.7
	474	1.27328e+06	12149.2
	475	1.2759e+06	12127
	476	1.27872e+06	12105.2
	477	1.28174e+06	12083.7
	478	1.28498e+06	12062.6
	479	1.28842e+06	12041.8
	480	1.29208e+06	12021.5
	481	1.29597e+06	12001.5
	482	1.30008e+06	11981.9
	483	1.30442e+06	11962.7
	484	1.309e+06	11943.9
	485	1.31382e+06	11925.6
	486	1.31889e+06	11907.6
	487	1.32421e+06	11890.1
	488	1.32979e+06	11873.1
	489	1.33564e+06	11856.4
	490	1.34174e+06	11840.3
	491	1.34813e+06	11824.6
	492	1.35479e+06	11809.4
	493	1.36173e+06	11794.6
	494	1.36896e+06	11780.4
	495	1.37648e+06	11766.6
	496	1.3843e+06	11753.4
	497	1.39242e+06	11740.7
	498	1.40084e+06	11728.6
	499	1.40958e+06	11716.9
	500	1.41864e+06	11705.9
	501	1.42801e+06	11695.4
	502	1.43771e+06	11685.5
	503	1.44773e+06	11676.1
	504	1.45809e+06	11667.4
	505	1.46878e+06	11659.3
	506	1.4798e+06	11651.8
	507	1.49117e+06	11645
	508	1.50288e+06	11638.8
	509	1.51494e+06	11633.2
	510	1.52734e+06	11628.3
	511	1.54009e+06	11624.2
	512	1.55319e+06	11620.7
	513	1.56665e+06	11617.9
	514	1.58045e+06	11615.8
	515	1.59461e+06	11614.5
	516	1.60911e+06	11613.9
	517	1.62397e+06	11614.1
	518	1.63917e+06	11615
	519	1.65472e+06	11616.8
	520	1.67062e+06	11619.3
	521	1.68685e+06	11622.6
	522	1.70343e+06	11626.8
	523	1.72033e+06	11631.8
	524	1.73756e+06	11637.7
	525	1.75512e+06	11644.4
	526	1.77299e+06	11651.9
	527	1.79117e+06	11660.4
	528	1.80965e+06	11669.7
	529	1.82843e+06	11680
	530	1.84749e+06	11691.1
	531	1.86682e+06	11703.2
	532	1.88643e+06	11716.2
	533	1.90628e+06	11730.2
	534	1.92639e+06	11745.1
	535	1.94672e+06	11761
	536	1.96728e+06	11777.9
	537	1.98804e+06	11795.7
	538	2.00899e+06	11814.6
	539	2.03012e+06	11834.4
	540	2.05142e+06	11855.2
	541	2.07287e+06	11877.1
	542	2.09445e+06	11899.9
	543	2.11614e+06	11923.8
	544	2.13794e+06	11948.7
	545	2.15982e+06	11974.6
	546	2.18177e+06	12001.5
	547	2.20377e+06	12029.5
	548	2.2258e+06	12058.5
	549	2.24784e+06	12088.6
	550	2.26988e+06	12119.7
	551	2.29189e+06	12151.8
	552	2.31386e+06	12184.9
	553	2.33578e+06	12219.1
	554	2.35761e+06	12254.3
	555	2.37936e+06	12290.5
	556	2.40098e+06	12327.7
	557	2.42248e+06	12366
	558	2.44382e+06	12405.2
	559	2.465e+06	12445.5
	560	2.486e+06	12486.7
	561	2.50679e+06	12528.9
	562	2.52737e+06	12572.1
	563	2.54771e+06	12616.2
	564	2.56781e+06	12661.3
	565	2.58764e+06	12707.3
	566	2.60719e+06	12754.2
	567	2.62645e+06	12802
	568	2.64541e+06	12850.7
	569	2.66404e+06	12900.3
	570	2.68235e+06	12950.8
	571	2.70031e+06	13002
	572	2.71792e+06	13054.1
	573	2.73517e+06	13107
	574	2.75204e+06	13160.7
	575	2.76853e+06	13215.1
	576	2.78463e+06	13270.3
	577	2.80033e+06	13326.2
	578	2.81563e+06	13382.8
	579	2.83051e+06	13440
	580	2.84498e+06	13497.9
	581	2.85902e+06	13556.4
	582	2.87264e+06	13615.5
	583	2.88583e+06	13675.2
	584	2.89859e+06	13735.4
	585	2.91091e+06	13796.2
	586	2.92279e+06	13857.4
	587	2.93423e+06	13919.1
	588	2.94524e+06	13981.3
	589	2.9558e+06	14043.8
	590	2.96592e+06	14106.7
	591	2.97561e+06	14170
	592	2.98486e+06	14233.6
	593	2.99367e+06	14297.5
	594	3.00205e+06	14361.7
	595	3.01e+06	14426.1
	596	3.01752e+06	14490.8
	597	3.02462e+06	14555.6
	598	3.0313e+06	14620.5
	599	3.03756e+06	14685.6
	600	3.0434e+06	14750.8
	601	3.04884e+06	14816
	602	3.05388e+06	14881.3
	603	3.05852e+06	14946.6
	604	3.06276e+06	15011.8
	605	3.06662e+06	15077
	606	3.0701e+06	15142.2
	607	3.0732e+06	15207.2
	608	3.07593e+06	15272.1
	609	3.0783e+06	15336.8
	610	3.08032e+06	15401.3
	611	3.08198e+06	15465.6
	612	3.0833e+06	15529.7
	613	3.08428e+06	15593.5
	614	3.08493e+06	15657
	615	3.08525e+06	15720.2
	616	3.08526e+06	15783
	617	3.08496e+06	15845.5
	618	3.08435e+06	15907.6
	619	3.08345e+06	15969.2
	620	3.08225e+06	16030.4
	621	3.08077e+06	16091.1
	622	3.07901e+06	16151.4
	623	3.07698e+06	16211.1
	624	3.07469e+06	16270.3
	625	3.07214e+06	16329
	626	3.06934e+06	16387.1
	627	3.0663e+06	16444.5
	628	3.06301e+06	16501.4
	629	3.0595e+06	16557.6
	630	3.05576e+06	16613.2
	631	3.0518e+06	16668.2
	632	3.04763e+06	16722.4
	633	3.04325e+06	16775.9
	634	3.03867e+06	16828.7
	635	3.03389e+06	16880.8
	636	3.02893e+06	16932.2
	637	3.02378e+06	16982.8
	638	3.01845e+06	17032.6
	639	3.01295e+06	17081.6
	640	3.00729e+06	17129.8
	641	3.00146e+06	17177.2
	642	2.99548e+06	17223.8
	643	2.98934e+06	17269.6
	644	2.98306e+06	17314.5
	645	2.97664e+06	17358.6
	646	2.97009e+06	17401.8
	647	2.9634e+06	17444.1
	648	2.95659e+06	17485.6
	649	2.94965e+06	17526.2
	650	2.9426e+06	17565.9
	651	2.93544e+06	17604.7
	652	2.92817e+06	17642.7
	653	2.92079e+06	17679.7
	654	2.91332e+06	17715.8
	655	2.90575e+06	17751
	656	2.89809e+06	17785.2
	657	2.89034e+06	17818.6
	658	2.8825e+06	17851.1
	659	2.87459e+06	17882.6
	660	2.86661e+06	17913.2
	661	2.85855e+06	17942.9
	662	2.85042e+06	17971.6
	663	2.84222e+06	17999.5
	664	2.83397e+06	18026.4
	665	2.82565e+06	18052.4
	666	2.81728e+06	18077.5
	667	2.80886e+06	18101.7
	668	2.80039e+06	18124.9
	669	2.79187e+06	18147.3
	670	2.78331e+06	18168.7
	671	2.77471e+06	18189.2
	672	2.76607e+06	18208.9
	673	2.7574e+06	18227.6
	674	2.7487e+06	18245.5
	675	2.73997e+06	18262.4
	676	2.73121e+06	18278.5
	677	2.72242e+06	18293.7
	678	2.71362e+06	18308
	679	2.70479e+06	18321.5
	680	2.69595e+06	18334.1
	681	2.6871e+06	18345.9
	682	2.67823e+06	18356.8
	683	2.66935e+06	18366.9
	684	2.66046e+06	18376.1
	685	2.65157e+06	18384.6
	686	2.64267e+06	18392.2
	687	2.63377e+06	18399
	688	2.62487e+06	18405
	689	2.61597e+06	18410.2
	690	2.60708e+06	18414.7
	691	2.59819e+06	18418.3
	692	2.5893e+06	18421.2
	693	2.58043e+06	18423.4
	694	2.57157e+06	18424.8
	695	2.56271e+06	18425.4
	696	2.55387e+06	18425.4
	697	2.54505e+06	18424.6
	698	2.53624e+06	18423.1
	699	2.52745e+06	18420.9
	700	2.51868e+06	18418
	701	2.50993e+06	18414.4
	702	2.5012e+06	18410.2
	703	2.49249e+06	18405.3
	704	2.48381e+06	18399.8
	705	2.47516e+06	18393.6
	706	2.46653e+06	18386.8
	707	2.45793e+06	18379.4
	708	2.44935e+06	18371.3
	709	2.44081e+06	18362.7
	710	2.4323e+06	18353.4
	711	2.42382e+06	18343.6
	712	2.41538e+06	18333.2
	713	2.40697e+06	18322.3
	714	2.39859e+06	18310.8
	715	2.39025e+06	18298.8
	716	2.38195e+06	18286.2
	717	2.37368e+06	18273.1
	718	2.36546e+06	18259.5
	719	2.35727e+06	18245.4
	720	2.34913e+06	18230.8
	721	2.34102e+06	18215.8
	722	2.33296e+06	18200.3
	723	2.32494e+06	18184.3
	724	2.31697e+06	18167.8
	725	2.30904e+06	18150.9
	726	2.30116e+06	18133.6
	727	2.29332e+06	18115.9
	728	2.28552e+06	18097.8
	729	2.27778e+06	18079.2
	730	2.27008e+06	18060.3
	731	2.26243e+06	18041
	732	2.25483e+06	18021.3
	733	2.24728e+06	18001.2
	734	2.23979e+06	17980.8
	735	2.23234e+06	17960.1
	736	2.22494e+06	17939
	737	2.2176e+06	17917.6
	738	2.21031e+06	17895.8
	739	2.20307e+06	17873.8
	740	2.19588e+06	17851.4
	741	2.18875e+06	17828.8
	742	2.18168e+06	17805.9
	743	2.17466e+06	17782.7
	744	2.1677e+06	17759.2
	745	2.16079e+06	17735.5
	746	2.15394e+06	17711.6
	747	2.14715e+06	17687.3
	748	2.14041e+06	17662.9
	749	2.13374e+06	17638.2
	750	2.12712e+06	17613.4
	751	2.12056e+06	17588.3
	752	2.11407e+06	17563
	753	2.10763e+06	17537.5
	754	2.10125e+06	17511.8
	755	2.09494e+06	17486
	756	2.08868e+06	17460
	757	2.08249e+06	17433.8
	758	2.07637e+06	17407.5
	759	2.0703e+06	17381
	760	2.0643e+06	17354.4
	761	2.05836e+06	17327.6
	762	2.05249e+06	17300.7
	763	2.04668e+06	17273.7
	764	2.04094e+06	17246.6
	765	2.03526e+06	17219.4
	766	2.02965e+06	17192.1
	767	2.02411e+06	17164.7
	768	2.01863e+06	17137.2
	769	2.01322e+06	17109.6
	770	2.00788e+06	17081.9
	771	2.00261e+06	17054.2
	772	1.99741e+06	17026.5
	773	1.99228e+06	16998.6
	774	1.98722e+06	16970.8
	775	1.98223e+06	16942.8
	776	1.97731e+06	16914.9
	777	1.97246e+06	16886.9
	778	1.96768e+06	16858.9
	779	1.96298e+06	16830.9
	780	1.95835e+06	16802.9
	781	1.9538e+06	16774.8
	782	1.94931e+06	16746.8
	783	1.94491e+06	16718.8
	784	1.94058e+06	16690.8
	785	1.93632e+06	16662.8
	786	1.93214e+06	16634.8
	787	1.92804e+06	16606.8
	788	1.92402e+06	16578.9
	789	1.92007e+06	16551
	790	1.91621e+06	16523.2
	791	1.91242e+06	16495.4
	792	1.90871e+06	16467.7
	793	1.90509e+06	16440
	794	1.90154e+06	16412.4
	795	1.89808e+06	16384.9
	796	1.8947e+06	16357.4
	797	1.8914e+06	16330
	798	1.88819e+06	16302.8
	799	1.88506e+06	16275.5
	800	1.88202e+06	16248.4
	801	1.87906e+06	16221.4
	802	1.87619e+06	16194.5
	803	1.8734e+06	16167.7
	804	1.87071e+06	16141
	805	1.8681e+06	16114.5
	806	1.86558e+06	16088
	807	1.86315e+06	16061.7
	808	1.86081e+06	16035.6
	809	1.85857e+06	16009.5
	810	1.85641e+06	15983.6
	811	1.85435e+06	15957.9
	812	1.85239e+06	15932.3
	813	1.85051e+06	15906.8
	814	1.84874e+06	15881.5
	815	1.84705e+06	15856.4
	816	1.84547e+06	15831.5
	817	1.84398e+06	15806.7
	818	1.84259e+06	15782.1
	819	1.8413e+06	15757.7
	820	1.84011e+06	15733.5
	821	1.83902e+06	15709.4
	822	1.83804e+06	15685.6
	823	1.83715e+06	15662
	824	1.83637e+06	15638.5
	825	1.83569e+06	15615.3
	826	1.83511e+06	15592.3
	827	1.83464e+06	15569.5
	828	1.83428e+06	15546.9
	829	1.83402e+06	15524.6
	830	1.83387e+06	15502.5
	831	1.83383e+06	15480.6
	832	1.8339e+06	15459
	833	1.83408e+06	15437.6
	834	1.83437e+06	15416.4
	835	1.83476e+06	15395.5
	836	1.83528e+06	15374.9
	837	1.8359e+06	15354.5
	838	1.83664e+06	15334.4
	839	1.83749e+06	15314.5
	840	1.83845e+06	15295
	841	1.83953e+06	15275.7
	842	1.84073e+06	15256.7
	843	1.84204e+06	15238
	844	1.84347e+06	15219.5
	845	1.84502e+06	15201.4
	846	1.84669e+06	15183.5
	847	1.84847e+06	15166
	848	1.85038e+06	15148.8
	849	1.8524e+06	15131.9
	850	1.85454e+06	15115.2
	851	1.8568e+06	15099
	852	1.85919e+06	15083
	853	1.86169e+06	15067.4
	854	1.86431e+06	15052.1
	855	1.86706e+06	15037.1
	856	1.86993e+06	15022.5
	857	1.87291e+06	15008.2
	858	1.87602e+06	14994.2
	859	1.87926e+06	14980.7
	860	1.88261e+06	14967.4
	861	1.88608e+06	14954.6
	862	1.88968e+06	14942.1
	863	1.8934e+06	14929.9
	864	1.89724e+06	14918.1
	865	1.90119e+06	14906.7
	866	1.90527e+06	14895.7
	867	1.90947e+06	14885.1
	868	1.91379e+06	14874.8
	869	1.91823e+06	14865
	870	1.92278e+06	14855.5
	871	1.92745e+06	14846.4
	872	1.93224e+06	14837.7
	873	1.93715e+06	14829.5
	874	1.94216e+06	14821.6
	875	1.9473e+06	14814.1
	876	1.95254e+06	14807.1
	877	1.9579e+06	14800.4
	878	1.96337e+06	14794.2
	879	1.96895e+06	14788.4
	880	1.97463e+06	14783.1
	881	1.98042e+06	14778.1
	882	1.98632e+06	14773.6
	883	1.99231e+06	14769.5
	884	1.99841e+06	14765.8
	885	2.00461e+06	14762.6
	886	2.01091e+06	14759.8
	887	2.0173e+06	14757.5
	888	2.02379e+06	14755.6
	889	2.03036e+06	14754.1
	890	2.03703e+06	14753.1
	891	2.04378e+06	14752.6
	892	2.05062e+06	14752.4
	893	2.05754e+06	14752.8
	894	2.06454e+06	14753.6
	895	2.07161e+06	14754.8
	896	2.07876e+06	14756.5
	897	2.08598e+06	14758.6
	898	2.09327e+06	14761.2
	899	2.10062e+06	14764.3
	900	2.10804e+06	14767.8
	901	2.11552e+06	14771.8
	902	2.12305e+06	14776.2
	903	2.13063e+06	14781.1
	904	2.13826e+06	14786.4
	905	2.14594e+06	14792.2
	906	2.15366e+06	14798.4
	907	2.16142e+06	14805.1
	908	2.16922e+06	14812.3
	909	2.17705e+06	14819.9
	910	2.18491e+06	14827.9
	911	2.19279e+06	14836.4
	912	2.20069e+06	14845.3
	913	2.20861e+06	14854.7
	914	2.21655e+06	14864.5
	915	2.22449e+06	14874.8
	916	2.23244e+06	14885.5
	917	2.24039e+06	14896.6
	918	2.24834e+06	14908.2
	919	2.25629e+06	14920.2
	920	2.26422e+06	14932.6
	921	2.27214e+06	14945.4
	922	2.28005e+06	14958.7
	923	2.28793e+06	14972.4
	924	2.29579e+06	14986.4
	925	2.30362e+06	15000.9
	926	2.31142e+06	15015.8
	927	2.31918e+06	15031.1
	928	2.3269e+06	15046.7
	929	2.33458e+06	15062.8
	930	2.34221e+06	15079.2
	931	2.34979e+06	15096
	932	2.35731e+06	15113.2
	933	2.36478e+06	15130.7
	934	2.37218e+06	15148.6
	935	2.37952e+06	15166.8
	936	2.38679e+06	15185.4
	937	2.39399e+06	15204.3
	938	2.40112e+06	15223.5
	939	2.40816e+06	15243.1
	940	2.41513e+06	15263
	941	2.42201e+06	15283.1
	942	2.4288e+06	15303.6
	943	2.4355e+06	15324.4
	944	2.44211e+06	15345.5
	945	2.44862e+06	15366.8
	946	2.45504e+06	15388.4
	947	2.46135e+06	15410.2
	948	2.46756e+06	15432.4
	949	2.47367e+06	15454.7
	950	2.47966e+06	15477.3
	951	2.48555e+06	15500.1
	952	2.49132e+06	15523.1
	953	2.49698e+06	15546.4
	954	2.50252e+06	15569.8
	955	2.50795e+06	15593.4
	956	2.51325e+06	15617.2
	957	2.51844e+06	15641.2
	958	2.5235e+06	15665.4
	959	2.52844e+06	15689.6
	960	2.53325e+06	15714.1
	961	2.53793e+06	15738.6
	962	2.54249e+06	15763.3
	963	2.54692e+06	15788.1
	964	2.55122e+06	15813
	965	2.55538e+06	15838
	966	2.55942e+06	15863.1
	967	2.56332e+06	15888.2
	968	2.5671e+06	15913.4
	969	2.57074e+06	15938.7
	970	2.57424e+06	15964
	971	2.57762e+06	15989.4
	972	2.58086e+06	16014.7
	973	2.58396e+06	16040.1
	974	2.58693e+06	16065.5
	975	2.58977e+06	16090.9
	976	2.59248e+06	16116.3
	977	2.59505e+06	16141.6
	978	2.59749e+06	16166.9
	979	2.59979e+06	16192.2
	980	2.60197e+06	16217.4
	981	2.60401e+06	16242.6
	982	2.60592e+06	16267.7
	983	2.6077e+06	16292.7
	984	2.60935e+06	16317.6
	985	2.61087e+06	16342.5
	986	2.61226e+06	16367.2
	987	2.61353e+06	16391.8
	988	2.61467e+06	16416.3
	989	2.61568e+06	16440.6
	990	2.61657e+06	16464.8
	991	2.61734e+06	16488.9
	992	2.61798e+06	16512.8
	993	2.61851e+06	16536.5
	994	2.61891e+06	16560.1
	995	2.6192e+06	16583.4
	996	2.61937e+06	16606.6
	997	2.61942e+06	16629.6
	998	2.61936e+06	16652.4
	999	2.61918e+06	16675
	1000	2.61889e+06	16697.4
	1001	2.6185e+06	16719.5
	1002	2.61799e+06	16741.4
	1003	2.61738e+06	16763.1
	1004	2.61666e+06	16784.5
	1005	2.61584e+06	16805.7
	1006	2.61491e+06	16826.6
	1007	2.61389e+06	16847.2
	1008	2.61276e+06	16867.6
	1009	2.61154e+06	16887.7
	1010	2.61022e+06	16907.5
	1011	2.60881e+06	16927.1
	1012	2.6073e+06	16946.3
	1013	2.60571e+06	16965.3
	1014	2.60402e+06	16983.9
	1015	2.60225e+06	17002.3
	1016	2.60039e+06	17020.3
	1017	2.59844e+06	17038.1
	1018	2.59641e+06	17055.5
	1019	2.59431e+06	17072.6
	1020	2.59212e+06	17089.3
	1021	2.58985e+06	17105.8
	1022	2.58751e+06	17121.9
	1023	2.5851e+06	17137.6
	1024	2.58261e+06	17153.1
	1025	2.58005e+06	17168.2
	1026	2.57743e+06	17182.9
	1027	2.57473e+06	17197.3
	1028	2.57197e+06	17211.4
	1029	2.56915e+06	17225.1
	1030	2.56626e+06	17238.5
	1031	2.56331e+06	17251.5
	1032	2.5603e+06	17264.1
	1033	2.55724e+06	17276.4
	1034	2.55412e+06	17288.3
	1035	2.55095e+06	17299.9
	1036	2.54772e+06	17311.1
	1037	2.54444e+06	17322
	1038	2.54111e+06	17332.5
	1039	2.53774e+06	17342.6
	1040	2.53432e+06	17352.4
	1041	2.53085e+06	17361.8
	1042	2.52734e+06	17370.8
	1043	2.52379e+06	17379.5
	1044	2.5202e+06	17387.8
	1045	2.51657e+06	17395.7
	1046	2.5129e+06	17403.3
	1047	2.5092e+06	17410.6
	1048	2.50546e+06	17417.4
	1049	2.50169e+06	17423.9
	1050	2.49789e+06	17430.1
	1051	2.49406e+06	17435.9
	1052	2.4902e+06	17441.3
	1053	2.48631e+06	17446.4
	1054	2.4824e+06	17451.1
	1055	2.47846e+06	17455.5
	1056	2.4745e+06	17459.5
	1057	2.47051e+06	17463.2
	1058	2.46651e+06	17466.5
	1059	2.46249e+06	17469.5
	1060	2.45844e+06	17472.1
	1061	2.45439e+06	17474.4
	1062	2.45031e+06	17476.4
	1063	2.44622e+06	17478
	1064	2.44212e+06	17479.3
	1065	2.43801e+06	17480.2
	1066	2.43388e+06	17480.9
	1067	2.42975e+06	17481.2
	1068	2.42561e+06	17481.1
	1069	2.42146e+06	17480.8
	1070	2.4173e+06	17480.1
	1071	2.41314e+06	17479.2
	1072	2.40898e+06	17477.9
	1073	2.40481e+06	17476.3
	1074	2.40064e+06	17474.4
	1075	2.39647e+06	17472.2
	1076	2.3923e+06	17469.7
	1077	2.38813e+06	17466.9
	1078	2.38396e+06	17463.8
	1079	2.3798e+06	17460.5
	1080	2.37564e+06	17456.8
	1081	2.37149e+06	17452.9
	1082	2.36734e+06	17448.7
	1083	2.3632e+06	17444.2
	1084	2.35906e+06	17439.4
	1085	2.35494e+06	17434.4
	1086	2.35083e+06	17429.1
	1087	2.34672e+06	17423.6
	1088	2.34263e+06	17417.8
	1089	2.33855e+06	17411.7
	1090	2.33449e+06	17405.4
	1091	2.33043e+06	17398.9
	1092	2.3264e+06	17392.1
	1093	2.32238e+06	17385.1
	1094	2.31837e+06	17377.9
	1095	2.31438e+06	17370.4
	1096	2.31042e+06	17362.7
	1097	2.30647e+06	17354.8
	1098	2.30254e+06	17346.7
	1099	2.29863e+06	17338.4
	1100	2.29474e+06	17329.8
	1101	2.29087e+06	17321.1
	1102	2.28703e+06	17312.1
	1103	2.28321e+06	17303
	1104	2.27941e+06	17293.7
	1105	2.27564e+06	17284.2
	1106	2.27189e+06	17274.5
	1107	2.26817e+06	17264.6
	1108	2.26448e+06	17254.6
	1109	2.26082e+06	17244.4
	1110	2.25718e+06	17234
	1111	2.25357e+06	17223.5
	1112	2.24999e+06	17212.8
	1113	2.24644e+06	17202
	1114	2.24293e+06	17191
	1115	2.23944e+06	17179.8
	1116	2.23598e+06	17168.6
	1117	2.23256e+06	17157.2
	1118	2.22917e+06	17145.6
	1119	2.22582e+06	17134
	1120	2.22249e+06	17122.2
	1121	2.21921e+06	17110.3
	1122	2.21595e+06	17098.3
	1123	2.21274e+06	17086.2
	1124	2.20956e+06	17073.9
	1125	2.20642e+06	17061.6
	1126	2.20331e+06	17049.2
	1127	2.20024e+06	17036.7
	1128	2.19722e+06	17024.1
	1129	2.19423e+06	17011.4
	1130	2.19128e+06	16998.6
	1131	2.18837e+06	16985.7
	1132	2.1855e+06	16972.8
	1133	2.18267e+06	16959.8
	1134	2.17988e+06	16946.7
	1135	2.17713e+06	16933.6
	1136	2.17443e+06	16920.4
	1137	2.17177e+06	16907.2
	1138	2.16915e+06	16893.9
	1139	2.16658e+06	16880.6
	1140	2.16405e+06	16867.2
	1141	2.16156e+06	16853.8
	1142	2.15912e+06	16840.4
	1143	2.15673e+06	16826.9
	1144	2.15438e+06	16813.4
	1145	2.15207e+06	16799.9
	1146	2.14982e+06	16786.3
	1147	2.14761e+06	16772.8
	1148	2.14545e+06	16759.2
	1149	2.14333e+06	16745.6
	1150	2.14126e+06	16732.1
	1151	2.13925e+06	16718.5
	1152	2.13728e+06	16704.9
	1153	2.13535e+06	16691.3
	1154	2.13348e+06	16677.8
	1155	2.13166e+06	16664.2
	1156	2.12989e+06	16650.7
	1157	2.12817e+06	16637.2
	1158	2.1265e+06	16623.7
	1159	2.12488e+06	16610.2
	1160	2.12331e+06	16596.8
	1161	2.12179e+06	16583.4
	1162	2.12033e+06	16570.1
	1163	2.11892e+06	16556.7
	1164	2.11756e+06	16543.5
	1165	2.11625e+06	16530.3
	1166	2.11499e+06	16517.1
	1167	2.11379e+06	16504
	1168	2.11264e+06	16490.9
	1169	2.11155e+06	16477.9
	1170	2.11051e+06	16465
	1171	2.10952e+06	16452.1
	1172	2.10859e+06	16439.3
	1173	2.10771e+06	16426.6
	1174	2.10688e+06	16413.9
	1175	2.10611e+06	16401.4
	1176	2.1054e+06	16388.9
	1177	2.10474e+06	16376.5
	1178	2.10413e+06	16364.2
	1179	2.10358e+06	16352
	1180	2.10309e+06	16339.8
	1181	2.10265e+06	16327.8
	1182	2.10227e+06	16315.9
	1183	2.10194e+06	16304
	1184	2.10167e+06	16292.3
	1185	2.10145e+06	16280.7
	1186	2.10129e+06	16269.2
	1187	2.10119e+06	16257.8
	1188	2.10114e+06	16246.5
	1189	2.10115e+06	16235.4
	1190	2.10121e+06	16224.3
	1191	2.10133e+06	16213.4
	1192	2.10151e+06	16202.7
	1193	2.10174e+06	16192
	1194	2.10202e+06	16181.5
	1195	2.10237e+06	16171.1
	1196	2.10276e+06	16160.8
	1197	2.10322e+06	16150.7
	1198	2.10372e+06	16140.7
	1199	2.10429e+06	16130.9
	1200	2.10491e+06	16121.2
	1201	2.10558e+06	16111.7
	1202	2.10631e+06	16102.3
	1203	2.10709e+06	16093.1
	1204	2.10793e+06	16084
	1205	2.10882e+06	16075.1
	1206	2.10976e+06	16066.3
	1207	2.11076e+06	16057.7
	1208	2.11181e+06	16049.2
	1209	2.11292e+06	16041
	1210	2.11407e+06	16032.8
	1211	2.11528e+06	16024.9
	1212	2.11654e+06	16017.1
	1213	2.11786e+06	16009.5
	1214	2.11922e+06	16002.1
	1215	2.12064e+06	15994.8
	1216	2.1221e+06	15987.7
	1217	2.12362e+06	15980.8
	1218	2.12518e+06	15974.1
	1219	2.1268e+06	15967.6
	1220	2.12846e+06	15961.2
	1221	2.13017e+06	15955
	1222	2.13193e+06	15949
	1223	2.13373e+06	15943.2
	1224	2.13559e+06	15937.6
	1225	2.13748e+06	15932.2
	1226	2.13943e+06	15926.9
	1227	2.14141e+06	15921.9
	1228	2.14344e+06	15917
	1229	2.14552e+06	15912.4
	1230	2.14764e+06	15907.9
	1231	2.1498e+06	15903.6
	1232	2.152e+06	15899.6
	1233	2.15424e+06	15895.7
	1234	2.15652e+06	15892
	1235	2.15884e+06	15888.5
	1236	2.1612e+06	15885.2
	1237	2.16359e+06	15882.2
	1238	2.16602e+06	15879.3
	1239	2.16849e+06	15876.6
	1240	2.17099e+06	15874.1
	1241	2.17353e+06	15871.8
	1242	2.1761e+06	15869.8
	1243	2.1787e+06	15867.9
	1244	2.18133e+06	15866.2
	1245	2.184e+06	15864.7
	1246	2.18669e+06	15863.5
	1247	2.18941e+06	15862.4
	1248	2.19216e+06	15861.5
	1249	2.19493e+06	15860.9
	1250	2.19773e+06	15860.4
	1251	2.20056e+06	15860.2
	1252	2.20341e+06	15860.1
	1253	2.20628e+06	15860.2
	1254	2.20917e+06	15860.6
	1255	2.21208e+06	15861.1
	1256	2.21502e+06	15861.9
	1257	2.21797e+06	15862.8
	1258	2.22093e+06	15864
	1259	2.22392e+06	15865.3
	1260	2.22691e+06	15866.8
	1261	2.22993e+06	15868.6
	1262	2.23295e+06	15870.5
	1263	2.23599e+06	15872.6
	1264	2.23903e+06	15874.9
	1265	2.24209e+06	15877.4
	1266	2.24515e+06	15880.1
	1267	2.24822e+06	15883
	1268	2.2513e+06	15886.1
	1269	2.25438e+06	15889.4
	1270	2.25746e+06	15892.8
	1271	2.26054e+06	15896.4
	1272	2.26363e+06	15900.3
	1273	2.26672e+06	15904.3
	1274	2.2698e+06	15908.4
	1275	2.27289e+06	15912.8
	1276	2.27597e+06	15917.3
	1277	2.27904e+06	15922
	1278	2.28211e+06	15926.9
	1279	2.28517e+06	15931.9
	1280	2.28823e+06	15937.1
	1281	2.29127e+06	15942.5
	1282	2.29431e+06	15948.1
	1283	2.29733e+06	15953.8
	1284	2.30034e+06	15959.6
	1285	2.30334e+06	15965.6
	1286	2.30632e+06	15971.8
	1287	2.30929e+06	15978.1
	1288	2.31224e+06	15984.6
	1289	2.31517e+06	15991.2
	1290	2.31808e+06	15998
	1291	2.32097e+06	16004.9
	1292	2.32384e+06	16011.9
	1293	2.32669e+06	16019.1
	1294	2.32952e+06	16026.4
	1295	2.33232e+06	16033.9
	1296	2.33509e+06	16041.5
	1297	2.33784e+06	16049.1
	1298	2.34057e+06	16057
	1299	2.34326e+06	16064.9
	1300	2.34593e+06	16073
	1301	2.34857e+06	16081.1
	1302	2.35117e+06	16089.4
	1303	2.35375e+06	16097.8
	1304	2.35629e+06	16106.3
	1305	2.3588e+06	16114.9
	1306	2.36128e+06	16123.6
	1307	2.36372e+06	16132.3
	1308	2.36612e+06	16141.2
	1309	2.36849e+06	16150.2
	1310	2.37083e+06	16159.2
	1311	2.37312e+06	16168.3
	1312	2.37538e+06	16177.5
	1313	2.3776e+06	16186.8
	1314	2.37978e+06	16196.2
	1315	2.38192e+06	16205.6
	1316	2.38402e+06	16215.1
	1317	2.38608e+06	16224.6
	1318	2.38809e+06	16234.2
	1319	2.39007e+06	16243.8
	1320	2.392e+06	16253.5
	1321	2.39389e+06	16263.3
	1322	2.39573e+06	16273.1
	1323	2.39753e+06	16282.9
	1324	2.39929e+06	16292.8
	1325	2.401e+06	16302.6
	1326	2.40267e+06	16312.6
	1327	2.40429e+06	16322.5
	1328	2.40587e+06	16332.5
	1329	2.4074e+06	16342.5
	1330	2.40888e+06	16352.5
	1331	2.41032e+06	16362.5
	1332	2.41171e+06	16372.5
	1333	2.41305e+06	16382.5
	1334	2.41435e+06	16392.6
	1335	2.4156e+06	16402.6
	1336	2.4168e+06	16412.6
	1337	2.41795e+06	16422.6
	1338	2.41906e+06	16432.6
	1339	2.42012e+06	16442.6
	1340	2.42113e+06	16452.5
	1341	2.42209e+06	16462.5
	1342	2.42301e+06	16472.4
	1343	2.42388e+06	16482.3
	1344	2.4247e+06	16492.1
	1345	2.42547e+06	16501.9
	1346	2.4262e+06	16511.7
	1347	2.42688e+06	16521.4
	1348	2.42751e+06	16531.1
	1349	2.42809e+06	16540.8
	1350	2.42863e+06	16550.3
	1351	2.42912e+06	16559.9
	1352	2.42957e+06	16569.4
	1353	2.42996e+06	16578.8
	1354	2.43031e+06	16588.1
	1355	2.43062e+06	16597.4
	1356	2.43088e+06	16606.6
	1357	2.43109e+06	16615.8
	1358	2.43126e+06	16624.8
	1359	2.43138e+06	16633.8
	1360	2.43146e+06	16642.8
	1361	2.4315e+06	16651.6
	1362	2.43149e+06	16660.3
	1363	2.43144e+06	16669
	1364	2.43134e+06	16677.6
	1365	2.4312e+06	16686
	1366	2.43102e+06	16694.4
	1367	2.4308e+06	16702.7
	1368	2.43053e+06	16710.9
	1369	2.43023e+06	16719
	1370	2.42988e+06	16727
	1371	2.42949e+06	16734.9
	1372	2.42907e+06	16742.6
	1373	2.4286e+06	16750.3
	1374	2.42809e+06	16757.8
	1375	2.42755e+06	16765.3
	1376	2.42697e+06	16772.6
	1377	2.42635e+06	16779.8
	1378	2.42569e+06	16786.9
	1379	2.425e+06	16793.8
	1380	2.42427e+06	16800.7
	1381	2.42351e+06	16807.4
	1382	2.42271e+06	16814
	1383	2.42187e+06	16820.5
	1384	2.42101e+06	16826.8
	1385	2.42011e+06	16833
	1386	2.41917e+06	16839.1
	1387	2.41821e+06	16845.1
	1388	2.41721e+06	16850.9
	1389	2.41618e+06	16856.6
	1390	2.41513e+06	16862.1
	1391	2.41404e+06	16867.5
	1392	2.41292e+06	16872.8
	1393	2.41177e+06	16878
	1394	2.4106e+06	16883
	1395	2.4094e+06	16887.8
	1396	2.40817e+06	16892.6
	1397	2.40691e+06	16897.1
	1398	2.40563e+06	16901.6
	1399	2.40433e+06	16905.9
	1400	2.403e+06	16910
	1401	2.40164e+06	16914.1
	1402	2.40027e+06	16917.9
	1403	2.39887e+06	16921.7
	1404	2.39744e+06	16925.2
	1405	2.396e+06	16928.7
	1406	2.39454e+06	16932
	1407	2.39305e+06	16935.1
	1408	2.39155e+06	16938.1
	1409	2.39002e+06	16941
	1410	2.38848e+06	16943.7
	1411	2.38692e+06	16946.3
	1412	2.38534e+06	16948.7
	1413	2.38375e+06	16951
	1414	2.38214e+06	16953.2
	1415	2.38051e+06	16955.2
	1416	2.37887e+06	16957
	1417	2.37722e+06	16958.8
	1418	2.37555e+06	16960.3
	1419	2.37387e+06	16961.8
	1420	2.37218e+06	16963.1
	1421	2.37047e+06	16964.2
	1422	2.36875e+06	16965.2
	1423	2.36703e+06	16966.1
	1424	2.36529e+06	16966.8
	1425	2.36354e+06	16967.4
	1426	2.36178e+06	16967.9
	1427	2.36002e+06	16968.2
	1428	2.35825e+06	16968.4
	1429	2.35647e+06	16968.4
	1430	2.35468e+06	16968.3
	1431	2.35289e+06	16968.1
	1432	2.35109e+06	16967.8
	1433	2.34929e+06	16967.3
	1434	2.34748e+06	16966.7
	1435	2.34567e+06	16965.9
	1436	2.34385e+06	16965
	1437	2.34203e+06	16964.1
	1438	2.34021e+06	16962.9
	1439	2.33839e+06	16961.7
	1440	2.33656e+06	16960.3
	1441	2.33474e+06	16958.8
	1442	2.33292e+06	16957.2
	1443	2.33109e+06	16955.5
	1444	2.32927e+06	16953.6
	1445	2.32744e+06	16951.6
	1446	2.32562e+06	16949.5
	1447	2.32381e+06	16947.3
	1448	2.32199e+06	16945
	1449	2.32018e+06	16942.6
	1450	2.31837e+06	16940.1
	1451	2.31656e+06	16937.4
	1452	2.31476e+06	16934.7
	1453	2.31297e+06	16931.8
	1454	2.31118e+06	16928.8
	1455	2.3094e+06	16925.8
	1456	2.30762e+06	16922.6
	1457	2.30585e+06	16919.3
	1458	2.30409e+06	16916
	1459	2.30233e+06	16912.5
	1460	2.30059e+06	16909
	1461	2.29885e+06	16905.3
	1462	2.29712e+06	16901.6
	1463	2.2954e+06	16897.8
	1464	2.2937e+06	16893.9
	1465	2.292e+06	16889.9
	1466	2.29031e+06	16885.8
	1467	2.28863e+06	16881.6
	1468	2.28697e+06	16877.4
	1469	2.28532e+06	16873.1
	1470	2.28368e+06	16868.7
	1471	2.28205e+06	16864.2
	1472	2.28043e+06	16859.6
	1473	2.27883e+06	16855
	1474	2.27725e+06	16850.3
	1475	2.27567e+06	16845.6
	1476	2.27412e+06	16840.7
	1477	2.27257e+06	16835.9
	1478	2.27105e+06	16830.9
	1479	2.26953e+06	16825.9
	1480	2.26804e+06	16820.8
	1481	2.26656e+06	16815.7
	1482	2.26509e+06	16810.5
	1483	2.26365e+06	16805.3
	1484	2.26222e+06	16800
	1485	2.26081e+06	16794.7
	1486	2.25941e+06	16789.3
	1487	2.25804e+06	16783.9
	1488	2.25668e+06	16778.4
	1489	2.25534e+06	16772.9
	1490	2.25402e+06	16767.3
	1491	2.25272e+06	16761.7
	1492	2.25144e+06	16756.1
	1493	2.25018e+06	16750.4
	1494	2.24894e+06	16744.7
	1495	2.24772e+06	16739
	1496	2.24652e+06	16733.3
	1497	2.24534e+06	16727.5
	1498	2.24418e+06	16721.7
	1499	2.24304e+06	16715.9
	1500	2.24193e+06	16710
	1501	2.24083e+06	16704.1
	1502	2.23976e+06	16698.2
	1503	2.23871e+06	16692.3
	1504	2.23769e+06	16686.4
	1505	2.23668e+06	16680.5
	1506	2.2357e+06	16674.6
	1507	2.23474e+06	16668.6
	1508	2.2338e+06	16662.7
	1509	2.23289e+06	16656.7
	1510	2.232e+06	16650.7
	1511	2.23113e+06	16644.8
	1512	2.23029e+06	16638.8
	1513	2.22947e+06	16632.8
	1514	2.22868e+06	16626.9
	1515	2.22791e+06	16620.9
	1516	2.22716e+06	16615
	1517	2.22644e+06	16609
	1518	2.22574e+06	16603.1
	1519	2.22507e+06	16597.2
	1520	2.22442e+06	16591.3
	1521	2.2238e+06	16585.4
	1522	2.2232e+06	16579.5
	1523	2.22263e+06	16573.7
	1524	2.22208e+06	16567.9
	1525	2.22156e+06	16562.1
	1526	2.22106e+06	16556.3
	1527	2.22058e+06	16550.5
	1528	2.22014e+06	16544.8
	1529	2.21972e+06	16539.1
	1530	2.21932e+06	16533.4
	1531	2.21895e+06	16527.8
	1532	2.2186e+06	16522.2
	1533	2.21828e+06	16516.6
	1534	2.21799e+06	16511
	1535	2.21772e+06	16505.5
	1536	2.21747e+06	16500.1
	1537	2.21725e+06	16494.7
	1538	2.21706e+06	16489.3
	1539	2.21689e+06	16483.9
	1540	2.21675e+06	16478.7
	1541	2.21663e+06	16473.4
	1542	2.21654e+06	16468.2
	1543	2.21647e+06	16463.1
	1544	2.21643e+06	16458
	1545	2.21642e+06	16452.9
	1546	2.21643e+06	16447.9
	1547	2.21646e+06	16443
	1548	2.21652e+06	16438.1
	1549	2.2166e+06	16433.2
	1550	2.21671e+06	16428.5
	1551	2.21685e+06	16423.7
	1552	2.217e+06	16419.1
	1553	2.21719e+06	16414.5
	1554	2.21739e+06	16410
	1555	2.21762e+06	16405.5
	1556	2.21788e+06	16401.1
	1557	2.21816e+06	16396.7
	1558	2.21846e+06	16392.4
	1559	2.21879e+06	16388.2
	1560	2.21914e+06	16384.1
	1561	2.21951e+06	16380
	1562	2.2199e+06	16376
	1563	2.22032e+06	16372.1
	1564	2.22076e+06	16368.2
	1565	2.22123e+06	16364.4
	1566	2.22171e+06	16360.7
	1567	2.22222e+06	16357.1
	1568	2.22275e+06	16353.5
	1569	2.2233e+06	16350
	1570	2.22388e+06	16346.6
	1571	2.22447e+06	16343.3
	1572	2.22509e+06	16340
	1573	2.22572e+06	16336.8
	1574	2.22638e+06	16333.7
	1575	2.22706e+06	16330.7
	1576	2.22775e+06	16327.7
	1577	2.22847e+06	16324.9
	1578	2.2292e+06	16322.1
	1579	2.22996e+06	16319.4
	1580	2.23073e+06	16316.8
	1581	2.23152e+06	16314.3
	1582	2.23233e+06	16311.8
	1583	2.23316e+06	16309.4
	1584	2.23401e+06	16307.2
	1585	2.23487e+06	16305
	1586	2.23575e+06	16302.9
	1587	2.23665e+06	16300.8
	1588	2.23756e+06	16298.9
	1589	2.23849e+06	16297
	1590	2.23943e+06	16295.3
	1591	2.24039e+06	16293.6
	1592	2.24136e+06	16292
	1593	2.24235e+06	16290.5
	1594	2.24336e+06	16289.1
	1595	2.24437e+06	16287.7
	1596	2.2454e+06	16286.5
	1597	2.24645e+06	16285.3
	1598	2.2475e+06	16284.3
	1599	2.24857e+06	16283.3
	1600	2.24965e+06	16282.4
	1601	2.25074e+06	16281.6
	1602	2.25184e+06	16280.9
	1603	2.25296e+06	16280.2
	1604	2.25408e+06	16279.7
	1605	2.25521e+06	16279.2
	1606	2.25636e+06	16278.8
	1607	2.25751e+06	16278.5
	1608	2.25867e+06	16278.3
	1609	2.25984e+06	16278.2
	1610	2.26102e+06	16278.2
	1611	2.2622e+06	16278.2
	1612	2.26339e+06	16278.4
	1613	2.26459e+06	16278.6
	1614	2.2658e+06	16278.9
	1615	2.26701e+06	16279.3
	1616	2.26822e+06	16279.8
	1617	2.26944e+06	16280.3
	1618	2.27067e+06	16281
	1619	2.2719e+06	16281.7
	1620	2.27313e+06	16282.5
	1621	2.27437e+06	16283.4
	1622	2.27561e+06	16284.4
	1623	2.27685e+06	16285.4
	1624	2.27809e+06	16286.5
	1625	2.27933e+06	16287.7
	1626	2.28058e+06	16289
	1627	2.28183e+06	16290.4
	1628	2.28307e+06	16291.8
	1629	2.28432e+06	16293.3
	1630	2.28557e+06	16294.9
	1631	2.28681e+06	16296.6
	1632	2.28806e+06	16298.3
	1633	2.2893e+06	16300.1
	1634	2.29054e+06	16302
	1635	2.29178e+06	16303.9
	1636	2.29301e+06	16305.9
	1637	2.29424e+06	16308
	1638	2.29547e+06	16310.2
	1639	2.29669e+06	16312.4
	1640	2.29791e+06	16314.7
	1641	2.29912e+06	16317
	1642	2.30033e+06	16319.4
	1643	2.30153e+06	16321.9
	1644	2.30273e+06	16324.5
	1645	2.30391e+06	16327.1
	1646	2.3051e+06	16329.7
	1647	2.30627e+06	16332.4
	1648	2.30744e+06	16335.2
	1649	2.3086e+06	16338.1
	1650	2.30975e+06	16340.9
	1651	2.31089e+06	16343.9
	1652	2.31202e+06	16346.9
	1653	2.31314e+06	16349.9
	1654	2.31426e+06	16353
	1655	2.31536e+06	16356.2
	1656	2.31645e+06	16359.4
	1657	2.31753e+06	16362.6
	1658	2.31861e+06	16365.9
	1659	2.31966e+06	16369.3
	1660	2.32071e+06	16372.6
	1661	2.32175e+06	16376.1
	1662	2.32277e+06	16379.5
	1663	2.32378e+06	16383
	1664	2.32478e+06	16386.6
	1665	2.32576e+06	16390.1
	1666	2.32673e+06	16393.8
	1667	2.32769e+06	16397.4
	1668	2.32864e+06	16401.1
	1669	2.32957e+06	16404.8
	1670	2.33048e+06	16408.5
	1671	2.33138e+06	16412.3
	1672	2.33227e+06	16416.1
	1673	2.33314e+06	16419.9
	1674	2.33399e+06	16423.8
	1675	2.33483e+06	16427.7
	1676	2.33565e+06	16431.5
	1677	2.33646e+06	16435.5
	1678	2.33725e+06	16439.4
	1679	2.33803e+06	16443.4
	1680	2.33879e+06	16447.3
	1681	2.33953e+06	16451.3
	1682	2.34025e+06	16455.3
	1683	2.34096e+06	16459.3
	1684	2.34165e+06	16463.4
	1685	2.34232e+06	16467.4
	1686	2.34298e+06	16471.4
	1687	2.34362e+06	16475.5
	1688	2.34424e+06	16479.5
	1689	2.34484e+06	16483.6
	1690	2.34543e+06	16487.7
	1691	2.346e+06	16491.7
	1692	2.34655e+06	16495.8
	1693	2.34708e+06	16499.9
	1694	2.34759e+06	16503.9
	1695	2.34809e+06	16508
	1696	2.34856e+06	16512
	1697	2.34902e+06	16516.1
	1698	2.34946e+06	16520.1
	1699	2.34988e+06	16524.2
	1700	2.35028e+06	16528.2
	1701	2.35067e+06	16532.2
	1702	2.35103e+06	16536.2
	1703	2.35138e+06	16540.2
	1704	2.35171e+06	16544.2
	1705	2.35202e+06	16548.1
	1706	2.35231e+06	16552.1
	1707	2.35259e+06	16556
	1708	2.35284e+06	16559.9
	1709	2.35308e+06	16563.8
	1710	2.35329e+06	16567.6
	1711	2.35349e+06	16571.4
	1712	2.35367e+06	16575.3
	1713	2.35384e+06	16579
	1714	2.35398e+06	16582.8
	1715	2.35411e+06	16586.5
	1716	2.35421e+06	16590.2
	1717	2.3543e+06	16593.9
	1718	2.35438e+06	16597.5
	1719	2.35443e+06	16601.2
	1720	2.35447e+06	16604.7
	1721	2.35448e+06	16608.3
	1722	2.35448e+06	16611.8
	1723	2.35447e+06	16615.3
	1724	2.35443e+06	16618.7
	1725	2.35438e+06	16622.1
	1726	2.35431e+06	16625.5
	1727	2.35423e+06	16628.8
	1728	2.35413e+06	16632.1
	1729	2.35401e+06	16635.3
	1730	2.35387e+06	16638.5
	1731	2.35372e+06	16641.7
	1732	2.35355e+06	16644.8
	1733	2.35337e+06	16647.8
	1734	2.35317e+06	16650.9
	1735	2.35295e+06	16653.8
	1736	2.35272e+06	16656.8
	1737	2.35247e+06	16659.7
	1738	2.35221e+06	16662.5
	1739	2.35193e+06	16665.3
	1740	2.35164e+06	16668
	1741	2.35133e+06	16670.7
	1742	2.35101e+06	16673.3
	1743	2.35067e+06	16675.9
	1744	2.35032e+06	16678.5
	1745	2.34996e+06	16681
	1746	2.34958e+06	16683.4
	1747	2.34919e+06	16685.8
	1748	2.34878e+06	16688.1
	1749	2.34836e+06	16690.4
	1750	2.34793e+06	16692.6
	1751	2.34749e+06	16694.7
	1752	2.34703e+06	16696.9
	1753	2.34656e+06	16698.9
	1754	2.34608e+06	16700.9
	1755	2.34559e+06	16702.8
	1756	2.34508e+06	16704.7
	1757	2.34457e+06	16706.5
	1758	2.34404e+06	16708.3
	1759	2.3435e+06	16710
	1760	2.34295e+06	16711.7
	1761	2.34239e+06	16713.3
	1762	2.34182e+06	16714.8
	1763	2.34125e+06	16716.3
	1764	2.34066e+06	16717.7
	1765	2.34006e+06	16719.1
	1766	2.33945e+06	16720.4
	1767	2.33883e+06	16721.6
	1768	2.33821e+06	16722.8
	1769	2.33757e+06	16724
	1770	2.33693e+06	16725
	1771	2.33628e+06	16726
	1772	2.33562e+06	16727
	1773	2.33496e+06	16727.9
	1774	2.33429e+06	16728.7
	1775	2.33361e+06	16729.5
	1776	2.33292e+06	16730.2
	1777	2.33223e+06	16730.9
	1778	2.33153e+06	16731.5
	1779	2.33082e+06	16732
	1780	2.33011e+06	16732.5
	1781	2.32939e+06	16732.9
	1782	2.32867e+06	16733.3
	1783	2.32794e+06	16733.6
	1784	2.32721e+06	16733.9
	1785	2.32648e+06	16734.1
	1786	2.32573e+06	16734.2
	1787	2.32499e+06	16734.3
	1788	2.32424e+06	16734.3
	1789	2.32349e+06	16734.3
	1790	2.32273e+06	16734.2
	1791	2.32198e+06	16734.1
	1792	2.32122e+06	16733.9
	1793	2.32045e+06	16733.7
	1794	2.31969e+06	16733.4
	1795	2.31892e+06	16733
	1796	2.31815e+06	16732.6
	1797	2.31738e+06	16732.1
	1798	2.3166e+06	16731.6
	1799	2.31583e+06	16731.1
	1800	2.31506e+06	16730.4
	1801	2.31428e+06	16729.8
	1802	2.31351e+06	16729.1
	1803	2.31273e+06	16728.3
	1804	2.31195e+06	16727.5
	1805	2.31118e+06	16726.6
	1806	2.3104e+06	16725.7
	1807	2.30963e+06	16724.7
	1808	2.30886e+06	16723.7
	1809	2.30808e+06	16722.7
	1810	2.30731e+06	16721.6
	1811	2.30655e+06	16720.4
	1812	2.30578e+06	16719.2
	1813	2.30501e+06	16718
	1814	2.30425e+06	16716.7
	1815	2.30349e+06	16715.4
	1816	2.30274e+06	16714
	1817	2.30198e+06	16712.6
	1818	2.30123e+06	16711.2
	1819	2.30048e+06	16709.7
	1820	2.29974e+06	16708.2
	1821	2.299e+06	16706.6
	1822	2.29826e+06	16705
	1823	2.29753e+06	16703.4
	1824	2.2968e+06	16701.7
	1825	2.29608e+06	16700
	1826	2.29536e+06	16698.2
	1827	2.29465e+06	16696.4
	1828	2.29394e+06	16694.6
	1829	2.29324e+06	16692.7
	1830	2.29254e+06	16690.9
	1831	2.29185e+06	16688.9
	1832	2.29116e+06	16687
	1833	2.29048e+06	16685
	1834	2.28981e+06	16683
	1835	2.28914e+06	16681
	1836	2.28848e+06	16678.9
	1837	2.28782e+06	16676.8
	1838	2.28718e+06	16674.7
	1839	2.28653e+06	16672.6
	1840	2.2859e+06	16670.4
	1841	2.28528e+06	16668.2
	1842	2.28466e+06	16666
	1843	2.28405e+06	16663.7
	1844	2.28344e+06	16661.5
	1845	2.28285e+06	16659.2
	1846	2.28226e+06	16656.9
	1847	2.28168e+06	16654.6
	1848	2.28111e+06	16652.2
	1849	2.28055e+06	16649.9
	1850	2.27999e+06	16647.5
	1851	2.27945e+06	16645.1
	1852	2.27891e+06	16642.7
	1853	2.27838e+06	16640.3
	1854	2.27787e+06	16637.9
	1855	2.27736e+06	16635.4
	1856	2.27686e+06	16633
	1857	2.27637e+06	16630.5
	1858	2.27588e+06	16628
	1859	2.27541e+06	16625.6
	1860	2.27495e+06	16623.1
	1861	2.2745e+06	16620.6
	1862	2.27406e+06	16618.1
	1863	2.27362e+06	16615.5
	1864	2.2732e+06	16613
	1865	2.27279e+06	16610.5
	1866	2.27239e+06	16608
	1867	2.27199e+06	16605.4
	1868	2.27161e+06	16602.9
	1869	2.27124e+06	16600.4
	1870	2.27088e+06	16597.8
	1871	2.27053e+06	16595.3
	1872	2.27019e+06	16592.8
	1873	2.26986e+06	16590.2
	1874	2.26954e+06	16587.7
	1875	2.26923e+06	16585.2
	1876	2.26894e+06	16582.6
	1877	2.26865e+06	16580.1
	1878	2.26837e+06	16577.6
	1879	2.26811e+06	16575.1
	1880	2.26786e+06	16572.6
	1881	2.26761e+06	16570.1
	1882	2.26738e+06	16567.6
	1883	2.26716e+06	16565.2
	1884	2.26695e+06	16562.7
	1885	2.26675e+06	16560.2
	1886	2.26657e+06	16557.8
	1887	2.26639e+06	16555.4
	1888	2.26622e+06	16552.9
	1889	2.26607e+06	16550.5
	1890	2.26593e+06	16548.1
	1891	2.26579e+06	16545.8
	1892	2.26567e+06	16543.4
	1893	2.26556e+06	16541.1
	1894	2.26546e+06	16538.7
	1895	2.26537e+06	16536.4
	1896	2.2653e+06	16534.1
	1897	2.26523e+06	16531.8
	1898	2.26518e+06	16529.6
	1899	2.26513e+06	16527.3
	1900	2.2651e+06	16525.1
	1901	2.26508e+06	16522.9
	1902	2.26506e+06	16520.8
	1903	2.26506e+06	16518.6
	1904	2.26507e+06	16516.5
	1905	2.26509e+06	16514.4
	1906	2.26512e+06	16512.3
	1907	2.26517e+06	16510.2
	1908	2.26522e+06	16508.2
	1909	2.26528e+06	16506.2
	1910	2.26535e+06	16504.2
	1911	2.26544e+06	16502.2
	1912	2.26553e+06	16500.3
	1913	2.26564e+06	16498.4
	1914	2.26575e+06	16496.5
	1915	2.26587e+06	16494.7
	1916	2.26601e+06	16492.8
	1917	2.26615e+06	16491
	1918	2.26631e+06	16489.3
	1919	2.26647e+06	16487.5
	1920	2.26664e+06	16485.8
	1921	2.26683e+06	16484.2
	1922	2.26702e+06	16482.5
	1923	2.26722e+06	16480.9
	1924	2.26743e+06	16479.3
	1925	2.26765e+06	16477.8
	1926	2.26788e+06	16476.3
	1927	2.26812e+06	16474.8
	1928	2.26837e+06	16473.3
	1929	2.26862e+06	16471.9
	1930	2.26889e+06	16470.5
	1931	2.26916e+06	16469.2
	1932	2.26944e+06	16467.9
	1933	2.26973e+06	16466.6
	1934	2.27003e+06	16465.3
	1935	2.27033e+06	16464.1
	1936	2.27065e+06	16462.9
	1937	2.27097e+06	16461.8
	1938	2.2713e+06	16460.7
	1939	2.27163e+06	16459.6
	1940	2.27198e+06	16458.6
	1941	2.27233e+06	16457.6
	1942	2.27268e+06	16456.6
	1943	2.27305e+06	16455.7
	1944	2.27342e+06	16454.8
	1945	2.2738e+06	16453.9
	1946	2.27418e+06	16453.1
	1947	2.27458e+06	16452.3
	1948	2.27497e+06	16451.6
	1949	2.27538e+06	16450.9
	1950	2.27579e+06	16450.2
	1951	2.2762e+06	16449.5
	1952	2.27662e+06	16448.9
	1953	2.27705e+06	16448.4
	1954	2.27748e+06	16447.9
	1955	2.27791e+06	16447.4
	1956	2.27836e+06	16446.9
	1957	2.2788e+06	16446.5
	1958	2.27925e+06	16446.1
	1959	2.27971e+06	16445.8
	1960	2.28017e+06	16445.5
	1961	2.28063e+06	16445.2
	1962	2.2811e+06	16445
	1963	2.28157e+06	16444.8
	1964	2.28205e+06	16444.6
	1965	2.28252e+06	16444.5
	1966	2.28301e+06	16444.4
	1967	2.28349e+06	16444.4
	1968	2.28398e+06	16444.3
	1969	2.28447e+06	16444.4
	1970	2.28496e+06	16444.4
	1971	2.28546e+06	16444.5
	1972	2.28596e+06	16444.6
	1973	2.28646e+06	16444.8
	1974	2.28696e+06	16445
	1975	2.28746e+06	16445.2
	1976	2.28797e+06	16445.5
	1977	2.28848e+06	16445.8
	1978	2.28899e+06	16446.1
	1979	2.2895e+06	16446.5
	1980	2.29001e+06	16446.9
	1981	2.29052e+06	16447.3
	1982	2.29103e+06	16447.8
	1983	2.29154e+06	16448.3
	1984	2.29205e+06	16448.8
	1985	2.29257e+06	16449.4
	1986	2.29308e+06	16450
	1987	2.29359e+06	16450.6
	1988	2.2941e+06	16451.3
	1989	2.29461e+06	16452
	1990	2.29513e+06	16452.7
	1991	2.29564e+06	16453.4
	1992	2.29614e+06	16454.2
	1993	2.29665e+06	16455
	1994	2.29716e+06	16455.9
	1995	2.29766e+06	16456.7
	1996	2.29817e+06	16457.6
	1997	2.29867e+06	16458.5
	1998	2.29917e+06	16459.5
	1999	2.29966e+06	16460.4
	2000	2.30016e+06	16461.4
	2001	2.30065e+06	16462.5
	2002	2.33405e+06	9918.95
	2003	2.36738e+06	9961.81
	2004	2.40061e+06	10006.1
	2005	2.43371e+06	10051.7
	2006	2.46664e+06	10098.8
	2007	2.49935e+06	10147.2
	2008	2.53182e+06	10197.1
	2009	2.56401e+06	10248.4
	2010	2.59588e+06	10301
	2011	2.62741e+06	10355
	2012	2.65855e+06	10410.5
	2013	2.68929e+06	10467.3
	2014	2.71958e+06	10525.4
	2015	2.74941e+06	10584.9
	2016	2.77873e+06	10645.8
	2017	2.80753e+06	10707.9
	2018	2.83579e+06	10771.4
	2019	2.86347e+06	10836.2
	2020	2.89056e+06	10902.3
	2021	2.91704e+06	10969.6
	2022	2.94289e+06	11038.1
	2023	2.96809e+06	11107.9
	2024	2.99263e+06	11178.9
	2025	3.01649e+06	11251
	2026	3.03967e+06	11324.3
	2027	3.06215e+06	11398.6
	2028	3.08392e+06	11474.1
	2029	3.10498e+06	11550.6
	2030	3.12532e+06	11628.2
	2031	3.14494e+06	11706.7
	2032	3.16383e+06	11786.2
	2033	3.18199e+06	11866.7
	2034	3.19942e+06	11948
	2035	3.21613e+06	12030.2
	2036	3.23211e+06	12113.2
	2037	3.24737e+06	12197.1
	2038	3.26192e+06	12281.6
	2039	3.27575e+06	12366.9
	2040	3.28887e+06	12452.9
	2041	3.30129e+06	12539.5
	2042	3.31302e+06	12626.7
	2043	3.32407e+06	12714.5
	2044	3.33444e+06	12802.8
	2045	3.34414e+06	12891.6
	2046	3.35319e+06	12980.9
	2047	3.36159e+06	13070.5
	2048	3.36936e+06	13160.5
	2049	3.3765e+06	13250.8
	2050	3.38303e+06	13341.4
	2051	3.38897e+06	13432.2
	2052	3.39431e+06	13523.3
	2053	3.39908e+06	13614.5
	2054	3.40328e+06	13705.8
	2055	3.40693e+06	13797.2
	2056	3.41004e+06	13888.6
	2057	3.41263e+06	13980
	2058	3.41471e+06	14071.4
	2059	3.41628e+06	14162.6
	2060	3.41736e+06	14253.8
	2061	3.41797e+06	14344.8
	2062	3.41811e+06	14435.6
	2063	3.41781e+06	14526.1
	2064	3.41706e+06	14616.4
	2065	3.41589e+06	14706.3
	2066	3.4143e+06	14795.9
	2067	3.41231e+06	14885.1
	2068	3.40992e+06	14973.8
	2069	3.40716e+06	15062.1
	2070	3.40403e+06	15149.9
	2071	3.40054e+06	15237.1
	2072	3.3967e+06	15323.8
	2073	3.39253e+06	15409.9
	2074	3.38803e+06	15495.3
	2075	3.38322e+06	15580.1
	2076	3.3781e+06	15664.2
	2077	3.37268e+06	15747.5
	2078	3.36698e+06	15830.1
	2079	3.36101e+06	15911.9
	2080	3.35476e+06	15992.9
	2081	3.34826e+06	16073.1
	2082	3.34152e+06	16152.3
	2083	3.33453e+06	16230.7
	2084	3.32731e+06	16308.2
	2085	3.31986e+06	16384.7
	2086	3.3122e+06	16460.3
	2087	3.30434e+06	16534.8
	2088	3.29627e+06	16608.4
	2089	3.28802e+06	16680.9
	2090	3.27957e+06	16752.4
	2091	3.27095e+06	16822.8
	2092	3.26217e+06	16892.1
	2093	3.25321e+06	16960.3
	2094	3.2441e+06	17027.4
	2095	3.23484e+06	17093.4
	2096	3.22544e+06	17158.2
	2097	3.2159e+06	17221.9
	2098	3.20622e+06	17284.3
	2099	3.19642e+06	17345.6
	2100	3.1865e+06	17405.7
	2101	3.17646e+06	17464.6
	2102	3.16632e+06	17522.3
	2103	3.15607e+06	17578.7
	2104	3.14572e+06	17633.9
	2105	3.13528e+06	17687.9
	2106	3.12475e+06	17740.6
	2107	3.11413e+06	17792.1
	2108	3.10344e+06	17842.3
	2109	3.09267e+06	17891.3
	2110	3.08183e+06	17939
	2111	3.07092e+06	17985.4
	2112	3.05995e+06	18030.6
	2113	3.04892e+06	18074.5
	2114	3.03784e+06	18117.1
	2115	3.0267e+06	18158.5
	2116	3.01552e+06	18198.6
	2117	3.0043e+06	18237.4
	2118	2.99304e+06	18275
	2119	2.98174e+06	18311.3
	2120	2.9704e+06	18346.3
	2121	2.95904e+06	18380.2
	2122	2.94765e+06	18412.7
	2123	2.93624e+06	18444
	2124	2.9248e+06	18474.1
	2125	2.91335e+06	18503
	2126	2.90188e+06	18530.6
	2127	2.89041e+06	18557
	2128	2.87892e+06	18582.3
	2129	2.86742e+06	18606.3
	2130	2.85592e+06	18629.1
	2131	2.84442e+06	18650.7
	2132	2.83292e+06	18671.2
	2133	2.82142e+06	18690.5
	2134	2.80993e+06	18708.7
	2135	2.79844e+06	18725.7
	2136	2.78696e+06	18741.6
	2137	2.77549e+06	18756.4
	2138	2.76404e+06	18770
	2139	2.7526e+06	18782.6
	2140	2.74118e+06	18794
	2141	2.72978e+06	18804.4
	2142	2.7184e+06	18813.8
	2143	2.70704e+06	18822.1
	2144	2.6957e+06	18829.3
	2145	2.68439e+06	18835.6
	2146	2.6731e+06	18840.8
	2147	2.66185e+06	18845
	2148	2.65062e+06	18848.2
	2149	2.63943e+06	18850.5
	2150	2.62827e+06	18851.8
	2151	2.61714e+06	18852.2
	2152	2.60605e+06	18851.6
	2153	2.59499e+06	18850.1
	2154	2.58397e+06	18847.7
	2155	2.57299e+06	18844.5
	2156	2.56205e+06	18840.3
	2157	2.55115e+06	18835.3
	2158	2.5403e+06	18829.5
	2159	2.52948e+06	18822.8
	2160	2.51871e+06	18815.3
	2161	2.50799e+06	18807
	2162	2.49731e+06	18797.9
	2163	2.48668e+06	18788
	2164	2.47609e+06	18777.4
	2165	2.46555e+06	18766
	2166	2.45507e+06	18753.9
	2167	2.44463e+06	18741.1
	2168	2.43424e+06	18727.5
	2169	2.4239e+06	18713.3
	2170	2.41362e+06	18698.4
	2171	2.40339e+06	18682.8
	2172	2.39321e+06	18666.6
	2173	2.38308e+06	18649.8
	2174	2.37301e+06	18632.3
	2175	2.363e+06	18614.2
	2176	2.35304e+06	18595.5
	2177	2.34313e+06	18576.2
	2178	2.33329e+06	18556.4
	2179	2.3235e+06	18536
	2180	2.31376e+06	18515
	2181	2.30409e+06	18493.6
	2182	2.29447e+06	18471.6
	2183	2.28491e+06	18449.1
	2184	2.27541e+06	18426.1
	2185	2.26597e+06	18402.6
	2186	2.25659e+06	18378.7
	2187	2.24727e+06	18354.2
	2188	2.23802e+06	18329.4
	2189	2.22882e+06	18304.1
	2190	2.21968e+06	18278.4
	2191	2.2106e+06	18252.3
	2192	2.20159e+06	18225.8
	2193	2.19264e+06	18198.9
	2194	2.18375e+06	18171.6
	2195	2.17492e+06	18143.9
	2196	2.16616e+06	18115.9
	2197	2.15746e+06	18087.6
	2198	2.14882e+06	18058.9
	2199	2.14025e+06	18029.9
	2200	2.13174e+06	18000.6
	2201	2.12329e+06	17971
	2202	2.11491e+06	17941.1
	2203	2.10659e+06	17910.9
	2204	2.09834e+06	17880.4
	2205	2.09015e+06	17849.7
	2206	2.08203e+06	17818.7
	2207	2.07397e+06	17787.5
	2208	2.06598e+06	17756
	2209	2.05806e+06	17724.3
	2210	2.0502e+06	17692.4
	2211	2.04241e+06	17660.3
	2212	2.03468e+06	17628
	2213	2.02702e+06	17595.5
	2214	2.01943e+06	17562.8
	2215	2.0119e+06	17529.9
	2216	2.00444e+06	17496.9
	2217	1.99705e+06	17463.7
	2218	1.98972e+06	17430.4
	2219	1.98247e+06	17396.9
	2220	1.97528e+06	17363.3
	2221	1.96816e+06	17329.6
	2222	1.96111e+06	17295.8
	2223	1.95412e+06	17261.8
	2224	1.94721e+06	17227.7
	2225	1.94036e+06	17193.6
	2226	1.93359e+06	17159.3
	2227	1.92688e+06	17125
	2228	1.92025e+06	17090.6
	2229	1.91368e+06	17056.1
	2230	1.90718e+06	17021.6
	2231	1.90076e+06	16987
	2232	1.89441e+06	16952.3
	2233	1.88812e+06	16917.6
	2234	1.88191e+06	16882.9
	2235	1.87577e+06	16848.2
	2236	1.86971e+06	16813.4
	2237	1.86371e+06	16778.6
	2238	1.85779e+06	16743.8
	2239	1.85194e+06	16709
	2240	1.84617e+06	16674.2
	2241	1.84047e+06	16639.4
	2242	1.83484e+06	16604.6
	2243	1.82929e+06	16569.8
	2244	1.82382e+06	16535.1
	2245	1.81841e+06	16500.3
	2246	1.81309e+06	16465.6
	2247	1.80784e+06	16431
	2248	1.80267e+06	16396.4
	2249	1.79758e+06	16361.8
	2250	1.79256e+06	16327.3
	2251	1.78763e+06	16292.9
	2252	1.78277e+06	16258.5
	2253	1.77799e+06	16224.2
	2254	1.77329e+06	16189.9
	2255	1.76868e+06	16155.8
	2256	1.76414e+06	16121.7
	2257	1.75969e+06	16087.7
	2258	1.75531e+06	16053.8
	2259	1.75103e+06	16020
	2260	1.74682e+06	15986.3
	2261	1.7427e+06	15952.7
	2262	1.73867e+06	15919.3
	2263	1.73472e+06	15885.9
	2264	1.73086e+06	15852.7
	2265	1.72709e+06	15819.5
	2266	1.7234e+06	15786.6
	2267	1.7198e+06	15753.7
	2268	1.7163e+06	15721
	2269	1.71288e+06	15688.4
	2270	1.70956e+06	15656
	2271	1.70633e+06	15623.7
	2272	1.70319e+06	15591.6
	2273	1.70015e+06	15559.7
	2274	1.6972e+06	15527.9
	2275	1.69435e+06	15496.2
	2276	1.6916e+06	15464.8
	2277	1.68894e+06	15433.5
	2278	1.68639e+06	15402.4
	2279	1.68393e+06	15371.5
	2280	1.68158e+06	15340.8
	2281	1.67933e+06	15310.3
	2282	1.67719e+06	15280
	2283	1.67514e+06	15249.8
	2284	1.67321e+06	15219.9
	2285	1.67138e+06	15190.2
	2286	1.66967e+06	15160.7
	2287	1.66806e+06	15131.5
	2288	1.66656e+06	15102.4
	2289	1.66518e+06	15073.6
	2290	1.66391e+06	15045
	2291	1.66275e+06	15016.7
	2292	1.66172e+06	14988.6
	2293	1.6608e+06	14960.7
	2294	1.65999e+06	14933.1
	2295	1.65932e+06	14905.8
	2296	1.65876e+06	14878.7
	2297	1.65832e+06	14851.9
	2298	1.65802e+06	14825.3
	2299	1.65783e+06	14799
	2300	1.65778e+06	14773
	2301	1.65785e+06	14747.3
	2302	1.65806e+06	14721.8
	2303	1.6584e+06	14696.7
	2304	1.65887e+06	14671.8
	2305	1.65948e+06	14647.3
	2306	1.66023e+06	14623
	2307	1.66112e+06	14599.1
	2308	1.66214e+06	14575.4
	2309	1.66331e+06	14552.1
	2310	1.66462e+06	14529.2
	2311	1.66607e+06	14506.5
	2312	1.66768e+06	14484.2
	2313	1.66943e+06	14462.2
	2314	1.67132e+06	14440.6
	2315	1.67337e+06	14419.3
	2316	1.67558e+06	14398.4
	2317	1.67793e+06	14377.8
	2318	1.68044e+06	14357.6
	2319	1.68311e+06	14337.8
	2320	1.68594e+06	14318.3
	2321	1.68893e+06	14299.3
	2322	1.69207e+06	14280.6
	2323	1.69538e+06	14262.3
	2324	1.69885e+06	14244.4
	2325	1.70249e+06	14226.9
	2326	1.70629e+06	14209.8
	2327	1.71026e+06	14193.1
	2328	1.71439e+06	14176.9
	2329	1.7187e+06	14161
	2330	1.72317e+06	14145.6
	2331	1.72782e+06	14130.7
	2332	1.73263e+06	14116.2
	2333	1.73762e+06	14102.1
	2334	1.74278e+06	14088.5
	2335	1.74811e+06	14075.3
	2336	1.75362e+06	14062.6
	2337	1.7593e+06	14050.4
	2338	1.76515e+06	14038.6
	2339	1.77118e+06	14027.3
	2340	1.77738e+06	14016.5
	2341	1.78375e+06	14006.2
	2342	1.7903e+06	13996.4
	2343	1.79702e+06	13987.1
	2344	1.80392e+06	13978.3
	2345	1.81099e+06	13970
	2346	1.81823e+06	13962.2
	2347	1.82564e+06	13955
	2348	1.83321e+06	13948.3
	2349	1.84096e+06	13942.1
	2350	1.84888e+06	13936.5
	2351	1.85696e+06	13931.4
	2352	1.8652e+06	13926.8
	2353	1.87361e+06	13922.8
	2354	1.88218e+06	13919.4
	2355	1.8909e+06	13916.5
	2356	1.89979e+06	13914.2
	2357	1.90882e+06	13912.4
	2358	1.91801e+06	13911.3
	2359	1.92734e+06	13910.7
	2360	1.93682e+06	13910.7
	2361	1.94644e+06	13911.3
	2362	1.9562e+06	13912.5
	2363	1.9661e+06	13914.3
	2364	1.97612e+06	13916.6
	2365	1.98628e+06	13919.6
	2366	1.99656e+06	13923.2
	2367	2.00695e+06	13927.4
	2368	2.01747e+06	13932.2
	2369	2.02809e+06	13937.6
	2370	2.03882e+06	13943.6
	2371	2.04965e+06	13950.3
	2372	2.06057e+06	13957.5
	2373	2.07159e+06	13965.4
	2374	2.08269e+06	13973.9
	2375	2.09387e+06	13983
	2376	2.10512e+06	13992.8
	2377	2.11645e+06	14003.1
	2378	2.12783e+06	14014.1
	2379	2.13928e+06	14025.7
	2380	2.15077e+06	14038
	2381	2.16231e+06	14050.8
	2382	2.17389e+06	14064.3
	2383	2.1855e+06	14078.4
	2384	2.19713e+06	14093.1
	2385	2.20878e+06	14108.4
	2386	2.22045e+06	14124.4
	2387	2.23212e+06	14140.9
	2388	2.24379e+06	14158.1
	2389	2.25545e+06	14175.8
	2390	2.2671e+06	14194.2
	2391	2.27873e+06	14213.1
	2392	2.29033e+06	14232.7
	2393	2.3019e+06	14252.8
	2394	2.31342e+06	14273.5
	2395	2.3249e+06	14294.8
	2396	2.33632e+06	14316.6
	2397	2.34768e+06	14339
	2398	2.35897e+06	14362
	2399	2.37019e+06	14385.5
	2400	2.38133e+06	14409.6
	2401	2.39239e+06	14434.2
	2402	2.40335e+06	14459.3
	2403	2.41421e+06	14485
	2404	2.42497e+06	14511.2
	2405	2.43561e+06	14537.8
	2406	2.44614e+06	14565
	2407	2.45655e+06	14592.6
	2408	2.46683e+06	14620.7
	2409	2.47698e+06	14649.3
	2410	2.48699e+06	14678.3
	2411	2.49686e+06	14707.8
	2412	2.50658e+06	14737.7
	2413	2.51614e+06	14768
	2414	2.52556e+06	14798.7
	2415	2.53481e+06	14829.8
	2416	2.54389e+06	14861.3
	2417	2.55281e+06	14893.2
	2418	2.56155e+06	14925.5
	2419	2.57012e+06	14958
	2420	2.5785e+06	14990.9
	2421	2.58671e+06	15024.2
	2422	2.59473e+06	15057.7
	2423	2.60256e+06	15091.6
	2424	2.6102e+06	15125.7
	2425	2.61764e+06	15160
	2426	2.62489e+06	15194.7
	2427	2.63195e+06	15229.5
	2428	2.6388e+06	15264.6
	2429	2.64545e+06	15299.9
	2430	2.6519e+06	15335.4
	2431	2.65815e+06	15371.1
	2432	2.66419e+06	15406.9
	2433	2.67003e+06	15442.9
	2434	2.67566e+06	15479
	2435	2.68108e+06	15515.2
	2436	2.6863e+06	15551.5
	2437	2.69131e+06	15588
	2438	2.69611e+06	15624.5
	2439	2.70071e+06	15661
	2440	2.70509e+06	15697.6
	2441	2.70927e+06	15734.2
	2442	2.71325e+06	15770.9
	2443	2.71702e+06	15807.5
	2444	2.72059e+06	15844.2
	2445	2.72395e+06	15880.8
	2446	2.72711e+06	15917.3
	2447	2.73007e+06	15953.8
	2448	2.73283e+06	15990.2
	2449	2.73539e+06	16026.6
	2450	2.73775e+06	16062.8
	2451	2.73992e+06	16098.9
	2452	2.74189e+06	16134.9
	2453	2.74368e+06	16170.8
	2454	2.74527e+06	16206.5
	2455	2.74667e+06	16242
	2456	2.74789e+06	16277.3
	2457	2.74893e+06	16312.5
	2458	2.74978e+06	16347.4
	2459	2.75046e+06	16382.1
	2460	2.75096e+06	16416.6
	2461	2.75128e+06	16450.8
	2462	2.75143e+06	16484.8
	2463	2.75141e+06	16518.5
	2464	2.75123e+06	16551.9
	2465	2.75088e+06	16585
	2466	2.75037e+06	16617.9
	2467	2.7497e+06	16650.4
	2468	2.74887e+06	16682.6
	2469	2.74789e+06	16714.4
	2470	2.74675e+06	16745.9
	2471	2.74547e+06	16777.1
	2472	2.74404e+06	16807.9
	2473	2.74247e+06	16838.3
	2474	2.74076e+06	16868.3
	2475	2.73891e+06	16897.9
	2476	2.73693e+06	16927.2
	2477	2.73481e+06	16956
	2478	2.73257e+06	16984.4
	2479	2.73019e+06	17012.4
	2480	2.7277e+06	17040
	2481	2.72508e+06	17067.1
	2482	2.72234e+06	17093.8
	2483	2.71949e+06	17120
	2484	2.71652e+06	17145.8
	2485	2.71345e+06	17171.1
	2486	2.71027e+06	17195.9
	2487	2.70698e+06	17220.3
	2488	2.70359e+06	17244.2
	2489	2.7001e+06	17267.6
	2490	2.69651e+06	17290.5
	2491	2.69283e+06	17312.9
	2492	2.68906e+06	17334.9
	2493	2.6852e+06	17356.3
	2494	2.68125e+06	17377.2
	2495	2.67722e+06	17397.6
	2496	2.6731e+06	17417.6
	2497	2.66891e+06	17437
	2498	2.66464e+06	17455.9
	2499	2.6603e+06	17474.2
	2500	2.65588e+06	17492.1
	2501	2.6514e+06	17509.4
	2502	2.64684e+06	17526.3
	2503	2.64223e+06	17542.6
	2504	2.63755e+06	17558.4
	2505	2.6328e+06	17573.6
	2506	2.62801e+06	17588.3
	2507	2.62315e+06	17602.6
	2508	2.61824e+06	17616.3
	2509	2.61328e+06	17629.4
	2510	2.60827e+06	17642.1
	2511	2.60322e+06	17654.2
	2512	2.59812e+06	17665.8
	2513	2.59297e+06	17676.9
	2514	2.58778e+06	17687.5
	2515	2.58256e+06	17697.5
	2516	2.57729e+06	17707.1
	2517	2.572e+06	17716.1
	2518	2.56666e+06	17724.6
	2519	2.5613e+06	17732.6
	2520	2.5559e+06	17740.1
	2521	2.55048e+06	17747.1
	2522	2.54503e+06	17753.6
	2523	2.53956e+06	17759.6
	2524	2.53406e+06	17765.1
	2525	2.52854e+06	17770.2
	2526	2.523e+06	17774.7
	2527	2.51745e+06	17778.7
	2528	2.51188e+06	17782.3
	2529	2.50629e+06	17785.4
	2530	2.50069e+06	17788
	2531	2.49508e+06	17790.2
	2532	2.48945e+06	17791.9
	2533	2.48382e+06	17793.1
	2534	2.47818e+06	17793.8
	2535	2.47254e+06	17794.2
	2536	2.46689e+06	17794
	2537	2.46124e+06	17793.4
	2538	2.45558e+06	17792.4
	2539	2.44993e+06	17791
	2540	2.44427e+06	17789.1
	2541	2.43862e+06	17786.8
	2542	2.43297e+06	17784.1
	2543	2.42733e+06	17780.9
	2544	2.42169e+06	17777.4
	2545	2.41606e+06	17773.5
	2546	2.41043e+06	17769.1
	2547	2.40482e+06	17764.4
	2548	2.39921e+06	17759.3
	2549	2.39362e+06	17753.8
	2550	2.38804e+06	17747.9
	2551	2.38248e+06	17741.6
	2552	2.37692e+06	17735
	2553	2.37139e+06	17728
	2554	2.36587e+06	17720.7
	2555	2.36037e+06	17713
	2556	2.35489e+06	17705
	2557	2.34942e+06	17696.6
	2558	2.34398e+06	17687.9
	2559	2.33856e+06	17678.9
	2560	2.33317e+06	17669.6
	2561	2.32779e+06	17659.9
	2562	2.32244e+06	17649.9
	2563	2.31712e+06	17639.7
	2564	2.31182e+06	17629.1
	2565	2.30655e+06	17618.3
	2566	2.30131e+06	17607.1
	2567	2.29609e+06	17595.7
	2568	2.29091e+06	17584
	2569	2.28575e+06	17572.1
	2570	2.28063e+06	17559.8
	2571	2.27554e+06	17547.4
	2572	2.27048e+06	17534.6
	2573	2.26546e+06	17521.7
	2574	2.26046e+06	17508.5
	2575	2.25551e+06	17495
	2576	2.25059e+06	17481.3
	2577	2.2457e+06	17467.5
	2578	2.24086e+06	17453.3
	2579	2.23605e+06	17439
	2580	2.23127e+06	17424.5
	2581	2.22654e+06	17409.8
	2582	2.22185e+06	17394.9
	2583	2.2172e+06	17379.8
	2584	2.21259e+06	17364.5
	2585	2.20802e+06	17349
	2586	2.20349e+06	17333.4
	2587	2.199e+06	17317.6
	2588	2.19456e+06	17301.7
	2589	2.19017e+06	17285.6
	2590	2.18581e+06	17269.3
	2591	2.18151e+06	17252.9
	2592	2.17725e+06	17236.4
	2593	2.17303e+06	17219.7
	2594	2.16887e+06	17202.9
	2595	2.16475e+06	17186
	2596	2.16068e+06	17169
	2597	2.15665e+06	17151.8
	2598	2.15268e+06	17134.6
	2599	2.14876e+06	17117.3
	2600	2.14489e+06	17099.8
	2601	2.14106e+06	17082.3
	2602	2.13729e+06	17064.7
	2603	2.13358e+06	17047
	2604	2.12991e+06	17029.2
	2605	2.1263e+06	17011.4
	2606	2.12274e+06	16993.5
	2607	2.11924e+06	16975.5
	2608	2.11579e+06	16957.5
	2609	2.11239e+06	16939.4
	2610	2.10905e+06	16921.3
	2611	2.10577e+06	16903.1
	2612	2.10254e+06	16885
	2613	2.09937e+06	16866.7
	2614	2.09626e+06	16848.5
	2615	2.09321e+06	16830.2
	2616	2.09021e+06	16811.9
	2617	2.08728e+06	16793.6
	2618	2.0844e+06	16775.3
	2619	2.08159e+06	16757
	2620	2.07883e+06	16738.7
	2621	2.07614e+06	16720.4
	2622	2.0735e+06	16702.2
	2623	2.07093e+06	16683.9
	2624	2.06842e+06	16665.6
	2625	2.06597e+06	16647.4
	2626	2.06359e+06	16629.2
	2627	2.06127e+06	16611
	2628	2.05901e+06	16592.9
	2629	2.05682e+06	16574.8
	2630	2.05469e+06	16556.8
	2631	2.05263e+06	16538.8
	2632	2.05064e+06	16520.9
	2633	2.04871e+06	16503
	2634	2.04684e+06	16485.2
	2635	2.04505e+06	16467.4
	2636	2.04332e+06	16449.7
	2637	2.04165e+06	16432.1
	2638	2.04006e+06	16414.6
	2639	2.03853e+06	16397.1
	2640	2.03708e+06	16379.8
	2641	2.03569e+06	16362.5
	2642	2.03437e+06	16345.3
	2643	2.03312e+06	16328.2
	2644	2.03194e+06	16311.3
	2645	2.03083e+06	16294.4
	2646	2.02979e+06	16277.6
	2647	2.02883e+06	16261
	2648	2.02793e+06	16244.4
	2649	2.02711e+06	16228
	2650	2.02636e+06	16211.7
	2651	2.02567e+06	16195.5
	2652	2.02507e+06	16179.5
	2653	2.02453e+06	16163.6
	2654	2.02407e+06	16147.8
	2655	2.02368e+06	16132.2
	2656	2.02336e+06	16116.7
	2657	2.02312e+06	16101.4
	2658	2.02295e+06	16086.2
	2659	2.02286e+06	16071.2
	2660	2.02284e+06	16056.3
	2661	2.02289e+06	16041.6
	2662	2.02302e+06	16027.1
	2663	2.02322e+06	16012.7
	2664	2.02349e+06	15998.5
	2665	2.02384e+06	15984.5
	2666	2.02427e+06	15970.6
	2667	2.02477e+06	15957
	2668	2.02534e+06	15943.5
	2669	2.02599e+06	15930.2
	2670	2.02672e+06	15917.1
	2671	2.02752e+06	15904.1
	2672	2.02839e+06	15891.4
	2673	2.02934e+06	15878.9
	2674	2.03036e+06	15866.6
	2675	2.03146e+06	15854.4
	2676	2.03263e+06	15842.5
	2677	2.03387e+06	15830.8
	2678	2.03519e+06	15819.3
	2679	2.03659e+06	15808.1
	2680	2.03805e+06	15797
	2681	2.03959e+06	15786.2
	2682	2.0412e+06	15775.5
	2683	2.04289e+06	15765.1
	2684	2.04465e+06	15755
	2685	2.04648e+06	15745
	2686	2.04838e+06	15735.3
	2687	2.05035e+06	15725.9
	2688	2.0524e+06	15716.6
	2689	2.05451e+06	15707.6
	2690	2.05669e+06	15698.9
	2691	2.05895e+06	15690.4
	2692	2.06127e+06	15682.1
	2693	2.06366e+06	15674.1
	2694	2.06612e+06	15666.3
	2695	2.06864e+06	15658.8
	2696	2.07123e+06	15651.6
	2697	2.07389e+06	15644.5
	2698	2.07661e+06	15637.8
	2699	2.0794e+06	15631.3
	2700	2.08225e+06	15625.1
	2701	2.08516e+06	15619.1
	2702	2.08814e+06	15613.4
	2703	2.09117e+06	15607.9
	2704	2.09427e+06	15602.8
	2705	2.09742e+06	15597.8
	2706	2.10063e+06	15593.2
	2707	2.1039e+06	15588.8
	2708	2.10723e+06	15584.7
	2709	2.11061e+06	15580.9
	2710	2.11404e+06	15577.3
	2711	2.11753e+06	15574
	2712	2.12106e+06	15571
	2713	2.12465e+06	15568.3
	2714	2.12829e+06	15565.8
	2715	2.13198e+06	15563.6
	2716	2.13571e+06	15561.7
	2717	2.13949e+06	15560.1
	2718	2.14331e+06	15558.7
	2719	2.14717e+06	15557.6
	2720	2.15108e+06	15556.8
	2721	2.15503e+06	15556.3
	2722	2.15901e+06	15556.1
	2723	2.16303e+06	15556.1
	2724	2.16709e+06	15556.4
	2725	2.17118e+06	15557
	2726	2.1753e+06	15557.9
	2727	2.17945e+06	15559
	2728	2.18364e+06	15560.4
	2729	2.18785e+06	15562.1
	2730	2.19208e+06	15564.1
	2731	2.19634e+06	15566.3
	2732	2.20063e+06	15568.8
	2733	2.20493e+06	15571.6
	2734	2.20926e+06	15574.7
	2735	2.2136e+06	15578
	2736	2.21795e+06	15581.6
	2737	2.22233e+06	15585.4
	2738	2.22671e+06	15589.6
	2739	2.2311e+06	15594
	2740	2.23551e+06	15598.6
	2741	2.23992e+06	15603.5
	2742	2.24434e+06	15608.7
	2743	2.24875e+06	15614.1
	2744	2.25318e+06	15619.8
	2745	2.2576e+06	15625.8
	2746	2.26202e+06	15632
	2747	2.26643e+06	15638.4
	2748	2.27085e+06	15645.1
	2749	2.27525e+06	15652
	2750	2.27964e+06	15659.2
	2751	2.28403e+06	15666.6
	2752	2.2884e+06	15674.2
	2753	2.29276e+06	15682.1
	2754	2.2971e+06	15690.2
	2755	2.30142e+06	15698.6
	2756	2.30573e+06	15707.1
	2757	2.31001e+06	15715.9
	2758	2.31427e+06	15724.9
	2759	2.31851e+06	15734.1
	2760	2.32272e+06	15743.5
	2761	2.3269e+06	15753.2
	2762	2.33106e+06	15763
	2763	2.33518e+06	15773
	2764	2.33927e+06	15783.2
	2765	2.34332e+06	15793.7
	2766	2.34734e+06	15804.3
	2767	2.35133e+06	15815.1
	2768	2.35527e+06	15826
	2769	2.35917e+06	15837.2
	2770	2.36303e+06	15848.5
	2771	2.36685e+06	15860
	2772	2.37063e+06	15871.6
	2773	2.37436e+06	15883.4
	2774	2.37804e+06	15895.4
	2775	2.38167e+06	15907.5
	2776	2.38526e+06	15919.7
	2777	2.38879e+06	15932.1
	2778	2.39227e+06	15944.7
	2779	2.3957e+06	15957.3
	2780	2.39908e+06	15970.1
	2781	2.4024e+06	15983
	2782	2.40566e+06	15996
	2783	2.40886e+06	16009.2
	2784	2.41201e+06	16022.4
	2785	2.4151e+06	16035.8
	2786	2.41813e+06	16049.2
	2787	2.4211e+06	16062.7
	2788	2.424e+06	16076.4
	2789	2.42684e+06	16090.1
	2790	2.42962e+06	16103.8
	2791	2.43234e+06	16117.7
	2792	2.43499e+06	16131.6
	2793	2.43758e+06	16145.6
	2794	2.4401e+06	16159.6
	2795	2.44255e+06	16173.7
	2796	2.44494e+06	16187.8
	2797	2.44726e+06	16202
	2798	2.44951e+06	16216.2
	2799	2.4517e+06	16230.4
	2800	2.45381e+06	16244.7
	2801	2.45586e+06	16258.9
	2802	2.45784e+06	16273.2
	2803	2.45975e+06	16287.5
	2804	2.46159e+06	16301.8
	2805	2.46336e+06	16316.1
	2806	2.46506e+06	16330.4
	2807	2.46669e+06	16344.7
	2808	2.46825e+06	16359
	2809	2.46974e+06	16373.2
	2810	2.47116e+06	16387.5
	2811	2.47251e+06	16401.7
	2812	2.47379e+06	16415.8
	2813	2.475e+06	16429.9
	2814	2.47614e+06	16444
	2815	2.47721e+06	16458
	2816	2.47821e+06	16472
	2817	2.47914e+06	16485.9
	2818	2.48001e+06	16499.8
	2819	2.4808e+06	16513.5
	2820	2.48153e+06	16527.3
	2821	2.48219e+06	16540.9
	2822	2.48278e+06	16554.4
	2823	2.4833e+06	16567.9
	2824	2.48376e+06	16581.3
	2825	2.48415e+06	16594.5
	2826	2.48447e+06	16607.7
	2827	2.48473e+06	16620.8
	2828	2.48493e+06	16633.8
	2829	2.48506e+06	16646.6
	2830	2.48512e+06	16659.4
	2831	2.48512e+06	16672
	2832	2.48506e+06	16684.5
	2833	2.48494e+06	16696.9
	2834	2.48475e+06	16709.1
	2835	2.48451e+06	16721.2
	2836	2.4842e+06	16733.2
	2837	2.48384e+06	16745
	2838	2.48341e+06	16756.7
	2839	2.48293e+06	16768.3
	2840	2.48239e+06	16779.7
	2841	2.48179e+06	16790.9
	2842	2.48114e+06	16802
	2843	2.48043e+06	16813
	2844	2.47966e+06	16823.8
	2845	2.47885e+06	16834.4
	2846	2.47798e+06	16844.8
	2847	2.47705e+06	16855.1
	2848	2.47608e+06	16865.2
	2849	2.47505e+06	16875.1
	2850	2.47398e+06	16884.9
	2851	2.47285e+06	16894.5
	2852	2.47168e+06	16903.9
	2853	2.47046e+06	16913.1
	2854	2.46919e+06	16922.1
	2855	2.46788e+06	16931
	2856	2.46652e+06	16939.6
	2857	2.46512e+06	16948.1
	2858	2.46368e+06	16956.4
	2859	2.46219e+06	16964.5
	2860	2.46066e+06	16972.4
	2861	2.45909e+06	16980.1
	2862	2.45748e+06	16987.6
	2863	2.45583e+06	16994.9
	2864	2.45415e+06	17002
	2865	2.45242e+06	17008.9
	2866	2.45066e+06	17015.6
	2867	2.44887e+06	17022.1
	2868	2.44704e+06	17028.4
	2869	2.44518e+06	17034.5
	2870	2.44328e+06	17040.4
	2871	2.44136e+06	17046.1
	2872	2.4394e+06	17051.6
	2873	2.43741e+06	17056.9
	2874	2.43539e+06	17062
	2875	2.43334e+06	17066.9
	2876	2.43127e+06	17071.5
	2877	2.42917e+06	17076
	2878	2.42704e+06	17080.3
	2879	2.42489e+06	17084.3
	2880	2.42272e+06	17088.2
	2881	2.42052e+06	17091.8
	2882	2.4183e+06	17095.3
	2883	2.41605e+06	17098.5
	2884	2.41379e+06	17101.5
	2885	2.41151e+06	17104.4
	2886	2.40921e+06	17107
	2887	2.40689e+06	17109.4
	2888	2.40455e+06	17111.6
	2889	2.40219e+06	17113.7
	2890	2.39982e+06	17115.5
	2891	2.39744e+06	17117.1
	2892	2.39504e+06	17118.5
	2893	2.39263e+06	17119.8
	2894	2.3902e+06	17120.8
	2895	2.38776e+06	17121.6
	2896	2.38531e+06	17122.3
	2897	2.38286e+06	17122.7
	2898	2.38039e+06	17123
	2899	2.37791e+06	17123.1
	2900	2.37543e+06	17123
	2901	2.37293e+06	17122.7
	2902	2.37044e+06	17122.2
	2903	2.36793e+06	17121.5
	2904	2.36542e+06	17120.6
	2905	2.36291e+06	17119.6
	2906	2.36039e+06	17118.4
	2907	2.35787e+06	17117
	2908	2.35535e+06	17115.4
	2909	2.35283e+06	17113.7
	2910	2.3503e+06	17111.8
	2911	2.34778e+06	17109.7
	2912	2.34526e+06	17107.4
	2913	2.34273e+06	17105
	2914	2.34021e+06	17102.4
	2915	2.3377e+06	17099.7
	2916	2.33518e+06	17096.7
	2917	2.33267e+06	17093.7
	2918	2.33017e+06	17090.4
	2919	2.32766e+06	17087.1
	2920	2.32517e+06	17083.5
	2921	2.32268e+06	17079.8
	2922	2.3202e+06	17076
	2923	2.31773e+06	17072
	2924	2.31526e+06	17067.9
	2925	2.3128e+06	17063.6
	2926	2.31036e+06	17059.2
	2927	2.30792e+06	17054.7
	2928	2.30549e+06	17050
	2929	2.30308e+06	17045.2
	2930	2.30067e+06	17040.3
	2931	2.29828e+06	17035.2
	2932	2.2959e+06	17030
	2933	2.29354e+06	17024.7
	2934	2.29119e+06	17019.3
	2935	2.28885e+06	17013.7
	2936	2.28653e+06	17008.1
	2937	2.28422e+06	17002.3
	2938	2.28193e+06	16996.4
	2939	2.27965e+06	16990.4
	2940	2.2774e+06	16984.3
	2941	2.27516e+06	16978.1
	2942	2.27293e+06	16971.8
	2943	2.27073e+06	16965.4
	2944	2.26855e+06	16958.9
	2945	2.26638e+06	16952.3
	2946	2.26423e+06	16945.6
	2947	2.26211e+06	16938.8
	2948	2.26e+06	16932
	2949	2.25792e+06	16925
	2950	2.25586e+06	16918
	2951	2.25382e+06	16910.9
	2952	2.2518e+06	16903.8
	2953	2.2498e+06	16896.5
	2954	2.24783e+06	16889.2
	2955	2.24588e+06	16881.8
	2956	2.24396e+06	16874.4
	2957	2.24206e+06	16866.9
	2958	2.24018e+06	16859.3
	2959	2.23833e+06	16851.7
	2960	2.23651e+06	16844
	2961	2.23471e+06	16836.3
	2962	2.23293e+06	16828.5
	2963	2.23119e+06	16820.7
	2964	2.22947e+06	16812.8
	2965	2.22777e+06	16804.9
	2966	2.22611e+06	16796.9
	2967	2.22447e+06	16788.9
	2968	2.22286e+06	16780.9
	2969	2.22128e+06	16772.8
	2970	2.21973e+06	16764.8
	2971	2.21821e+06	16756.6
	2972	2.21671e+06	16748.5
	2973	2.21525e+06	16740.3
	2974	2.21381e+06	16732.2
	2975	2.21241e+06	16724
	2976	2.21103e+06	16715.8
	2977	2.20969e+06	16707.5
	2978	2.20838e+06	16699.3
	2979	2.2071e+06	16691.1
	2980	2.20585e+06	16682.8
	2981	2.20463e+06	16674.6
	2982	2.20344e+06	16666.3
	2983	2.20229e+06	16658.1
	2984	2.20116e+06	16649.8
	2985	2.20007e+06	16641.6
	2986	2.19902e+06	16633.4
	2987	2.19799e+06	16625.2
	2988	2.197e+06	16617
	2989	2.19604e+06	16608.8
	2990	2.19511e+06	16600.6
	2991	2.19422e+06	16592.5
	2992	2.19336e+06	16584.4
	2993	2.19254e+06	16576.3
	2994	2.19175e+06	16568.2
	2995	2.19099e+06	16560.2
	2996	2.19026e+06	16552.1
	2997	2.18957e+06	16544.2
	2998	2.18892e+06	16536.2
	2999	2.1883e+06	16528.3
	3000	2.18771e+06	16520.5
	3001	2.18716e+06	16512.6
	3002	2.18664e+06	16504.9
	3003	2.18616e+06	16497.1
	3004	2.18571e+06	16489.5
	3005	2.1853e+06	16481.8
	3006	2.18492e+06	16474.2
	3007	2.18457e+06	16466.7
	3008	2.18427e+06	16459.2
	3009	2.18399e+06	16451.8
	3010	2.18375e+06	16444.5
	3011	2.18355e+06	16437.2
	3012	2.18338e+06	16430
	3013	2.18324e+06	16422.8
	3014	2.18314e+06	16415.7
	3015	2.18307e+06	16408.7
	3016	2.18304e+06	16401.7
	3017	2.18304e+06	16394.8
	3018	2.18308e+06	16388
	3019	2.18315e+06	16381.3
	3020	2.18326e+06	16374.6
	3021	2.1834e+06	16368
	3022	2.18357e+06	16361.5
	3023	2.18378e+06	16355.1
	3024	2.18402e+06	16348.8
	3025	2.18429e+06	16342.5
	3026	2.1846e+06	16336.3
	3027	2.18494e+06	16330.3
	3028	2.18532e+06	16324.3
	3029	2.18573e+06	16318.4
	3030	2.18617e+06	16312.6
	3031	2.18664e+06	16306.9
	3032	2.18715e+06	16301.2
	3033	2.18769e+06	16295.7
	3034	2.18826e+06	16290.3
	3035	2.18886e+06	16285
	3036	2.18949e+06	16279.7
	3037	2.19016e+06	16274.6
	3038	2.19085e+06	16269.6
	3039	2.19158e+06	16264.6
	3040	2.19234e+06	16259.8
	3041	2.19312e+06	16255.1
	3042	2.19394e+06	16250.5
	3043	2.19479e+06	16246
	3044	2.19566e+06	16241.6
	3045	2.19657e+06	16237.3
	3046	2.1975e+06	16233.1
	3047	2.19846e+06	16229.1
	3048	2.19945e+06	16225.1
	3049	2.20047e+06	16221.3
	3050	2.20151e+06	16217.6
	3051	2.20259e+06	16213.9
	3052	2.20368e+06	16210.4
	3053	2.20481e+06	16207.1
	3054	2.20596e+06	16203.8
	3055	2.20713e+06	16200.6
	3056	2.20833e+06	16197.6
	3057	2.20955e+06	16194.7
	3058	2.2108e+06	16191.9
	3059	2.21207e+06	16189.2
	3060	2.21336e+06	16186.7
	3061	2.21468e+06	16184.2
	3062	2.21602e+06	16181.9
	3063	2.21737e+06	16179.7
	3064	2.21875e+06	16177.6
	3065	2.22016e+06	16175.6
	3066	2.22158e+06	16173.8
	3067	2.22302e+06	16172.1
	3068	2.22448e+06	16170.5
	3069	2.22595e+06	16169
	3070	2.22745e+06	16167.6
	3071	2.22896e+06	16166.4
	3072	2.23049e+06	16165.3
	3073	2.23204e+06	16164.3
	3074	2.2336e+06	16163.4
	3075	2.23518e+06	16162.7
	3076	2.23677e+06	16162
	3077	2.23838e+06	16161.5
	3078	2.24e+06	16161.1
	3079	2.24163e+06	16160.9
	3080	2.24328e+06	16160.7
	3081	2.24493e+06	16160.7
	3082	2.2466e+06	16160.8
	3083	2.24828e+06	16161
	3084	2.24997e+06	16161.3
	3085	2.25167e+06	16161.7
	3086	2.25337e+06	16162.3
	3087	2.25509e+06	16163
	3088	2.25681e+06	16163.8
	3089	2.25854e+06	16164.7
	3090	2.26028e+06	16165.7
	3091	2.26202e+06	16166.8
	3092	2.26376e+06	16168.1
	3093	2.26551e+06	16169.5
	3094	2.26727e+06	16170.9
	3095	2.26903e+06	16172.5
	3096	2.27079e+06	16174.2
	3097	2.27255e+06	16176
	3098	2.27432e+06	16177.9
	3099	2.27608e+06	16180
	3100	2.27785e+06	16182.1
	3101	2.27961e+06	16184.3
	3102	2.28137e+06	16186.7
	3103	2.28314e+06	16189.1
	3104	2.28489e+06	16191.6
	3105	2.28665e+06	16194.3
	3106	2.2884e+06	16197
	3107	2.29015e+06	16199.9
	3108	2.2919e+06	16202.8
	3109	2.29364e+06	16205.9
	3110	2.29537e+06	16209
	3111	2.2971e+06	16212.2
	3112	2.29882e+06	16215.5
	3113	2.30053e+06	16218.9
	3114	2.30223e+06	16222.4
	3115	2.30393e+06	16226
	3116	2.30561e+06	16229.7
	3117	2.30729e+06	16233.4
	3118	2.30896e+06	16237.3
	3119	2.31061e+06	16241.2
	3120	2.31225e+06	16245.2
	3121	2.31389e+06	16249.3
	3122	2.3155e+06	16253.4
	3123	2.31711e+06	16257.7
	3124	2.3187e+06	16262
	3125	2.32028e+06	16266.4
	3126	2.32184e+06	16270.8
	3127	2.32339e+06	16275.3
	3128	2.32493e+06	16279.9
	3129	2.32644e+06	16284.6
	3130	2.32794e+06	16289.3
	3131	2.32943e+06	16294.1
	3132	2.33089e+06	16298.9
	3133	2.33234e+06	16303.8
	3134	2.33377e+06	16308.7
	3135	2.33518e+06	16313.7
	3136	2.33658e+06	16318.8
	3137	2.33795e+06	16323.9
	3138	2.3393e+06	16329.1
	3139	2.34064e+06	16334.3
	3140	2.34195e+06	16339.5
	3141	2.34324e+06	16344.8
	3142	2.34451e+06	16350.1
	3143	2.34576e+06	16355.5
	3144	2.34699e+06	16360.9
	3145	2.3482e+06	16366.4
	3146	2.34938e+06	16371.8
	3147	2.35054e+06	16377.4
	3148	2.35168e+06	16382.9
	3149	2.35279e+06	16388.5
	3150	2.35388e+06	16394.1
	3151	2.35495e+06	16399.7
	3152	2.35599e+06	16405.3
	3153	2.35701e+06	16411
	3154	2.358e+06	16416.6
	3155	2.35897e+06	16422.3
	3156	2.35991e+06	16428
	3157	2.36083e+06	16433.8
	3158	2.36173e+06	16439.5
	3159	2.3626e+06	16445.2
	3160	2.36344e+06	16451
	3161	2.36426e+06	16456.7
	3162	2.36505e+06	16462.5
	3163	2.36581e+06	16468.2
	3164	2.36655e+06	16474
	3165	2.36726e+06	16479.7
	3166	2.36795e+06	16485.5
	3167	2.36861e+06	16491.2
	3168	2.36925e+06	16496.9
	3169	2.36985e+06	16502.6
	3170	2.37043e+06	16508.3
	3171	2.37099e+06	16514
	3172	2.37152e+06	16519.7
	3173	2.37202e+06	16525.3
	3174	2.37249e+06	16531
	3175	2.37294e+06	16536.6
	3176	2.37336e+06	16542.2
	3177	2.37376e+06	16547.7
	3178	2.37413e+06	16553.3
	3179	2.37447e+06	16558.8
	3180	2.37479e+06	16564.3
	3181	2.37508e+06	16569.7
	3182	2.37534e+06	16575.1
	3183	2.37558e+06	16580.5
	3184	2.37579e+06	16585.8
	3185	2.37598e+06	16591.1
	3186	2.37614e+06	16596.4
	3187	2.37627e+06	16601.6
	3188	2.37638e+06	16606.8
	3189	2.37646e+06	16611.9
	3190	2.37652e+06	16617
	3191	2.37655e+06	16622.1
	3192	2.37656e+06	16627.1
	3193	2.37654e+06	16632
	3194	2.3765e+06	16636.9
	3195	2.37643e+06	16641.7
	3196	2.37634e+06	16646.5
	3197	2.37623e+06	16651.3
	3198	2.37609e+06	16655.9
	3199	2.37592e+06	16660.5
	3200	2.37574e+06	16665.1
	3201	2.37553e+06	16669.6
	3202	2.37529e+06	16674
	3203	2.37504e+06	16678.4
	3204	2.37476e+06	16682.7
	3205	2.37446e+06	16687
	3206	2.37414e+06	16691.2
	3207	2.37379e+06	16695.3
	3208	2.37343e+06	16699.3
	3209	2.37304e+06	16703.3
	3210	2.37263e+06	16707.2
	3211	2.3722e+06	16711
	3212	2.37175e+06	16714.8
	3213	2.37128e+06	16718.5
	3214	2.37079e+06	16722.1
	3215	2.37028e+06	16725.7
	3216	2.36975e+06	16729.2
	3217	2.3692e+06	16732.6
	3218	2.36864e+06	16735.9
	3219	2.36805e+06	16739.1
	3220	2.36745e+06	16742.3
	3221	2.36683e+06	16745.4
	3222	2.36619e+06	16748.4
	3223	2.36553e+06	16751.4
	3224	2.36486e+06	16754.2
	3225	2.36417e+06	16757
	3226	2.36346e+06	16759.7
	3227	2.36274e+06	16762.3
	3228	2.36201e+06	16764.9
	3229	2.36125e+06	16767.3
	3230	2.36049e+06	16769.7
	3231	2.3597e+06	16772
	3232	2.35891e+06	16774.2
	3233	2.3581e+06	16776.4
	3234	2.35727e+06	16778.4
	3235	2.35644e+06	16780.4
	3236	2.35559e+06	16782.3
	3237	2.35473e+06	16784.1
	3238	2.35385e+06	16785.8
	3239	2.35297e+06	16787.4
	3240	2.35207e+06	16789
	3241	2.35116e+06	16790.4
	3242	2.35024e+06	16791.8
	3243	2.34931e+06	16793.1
	3244	2.34837e+06	16794.4
	3245	2.34742e+06	16795.5
	3246	2.34646e+06	16796.6
	3247	2.34549e+06	16797.5
	3248	2.34452e+06	16798.4
	3249	2.34353e+06	16799.2
	3250	2.34254e+06	16800
	3251	2.34154e+06	16800.6
	3252	2.34053e+06	16801.2
	3253	2.33951e+06	16801.7
	3254	2.33849e+06	16802.1
	3255	2.33746e+06	16802.4
	3256	2.33643e+06	16802.6
	3257	2.33539e+06	16802.8
	3258	2.33435e+06	16802.9
	3259	2.3333e+06	16802.9
	3260	2.33224e+06	16802.8
	3261	2.33119e+06	16802.7
	3262	2.33012e+06	16802.4
	3263	2.32906e+06	16802.1
	3264	2.32799e+06	16801.8
	3265	2.32692e+06	16801.3
	3266	2.32585e+06	16800.8
	3267	2.32477e+06	16800.2
	3268	2.32369e+06	16799.5
	3269	2.32261e+06	16798.7
	3270	2.32153e+06	16797.9
	3271	2.32045e+06	16797
	3272	2.31937e+06	16796.1
	3273	2.31829e+06	16795
	3274	2.31721e+06	16793.9
	3275	2.31612e+06	16792.7
	3276	2.31504e+06	16791.5
	3277	2.31396e+06	16790.2
	3278	2.31289e+06	16788.8
	3279	2.31181e+06	16787.4
	3280	2.31073e+06	16785.9
	3281	2.30966e+06	16784.3
	3282	2.30859e+06	16782.6
	3283	2.30753e+06	16781
	3284	2.30646e+06	16779.2
	3285	2.3054e+06	16777.4
	3286	2.30435e+06	16775.5
	3287	2.30329e+06	16773.6
	3288	2.30224e+06	16771.6
	3289	2.3012e+06	16769.5
	3290	2.30016e+06	16767.4
	3291	2.29913e+06	16765.2
	3292	2.2981e+06	16763
	3293	2.29708e+06	16760.8
	3294	2.29606e+06	16758.4
	3295	2.29505e+06	16756.1
	3296	2.29405e+06	16753.6
	3297	2.29305e+06	16751.2
	3298	2.29206e+06	16748.7
	3299	2.29108e+06	16746.1
	3300	2.2901e+06	16743.5
	3301	2.28914e+06	16740.8
	3302	2.28818e+06	16738.1
	3303	2.28722e+06	16735.4
	3304	2.28628e+06	16732.6
	3305	2.28535e+06	16729.8
	3306	2.28442e+06	16726.9
	3307	2.28351e+06	16724
	3308	2.2826e+06	16721.1
	3309	2.2817e+06	16718.1
	3310	2.28081e+06	16715.1
	3311	2.27994e+06	16712.1
	3312	2.27907e+06	16709
	3313	2.27821e+06	16705.9
	3314	2.27736e+06	16702.7
	3315	2.27653e+06	16699.6
	3316	2.2757e+06	16696.4
	3317	2.27489e+06	16693.2
	3318	2.27409e+06	16689.9
	3319	2.2733e+06	16686.6
	3320	2.27252e+06	16683.3
	3321	2.27175e+06	16680
	3322	2.27099e+06	16676.7
	3323	2.27025e+06	16673.3
	3324	2.26952e+06	16669.9
	3325	2.2688e+06	16666.5
	3326	2.2681e+06	16663.1
	3327	2.2674e+06	16659.7
	3328	2.26672e+06	16656.2
	3329	2.26606e+06	16652.8
	3330	2.2654e+06	16649.3
	3331	2.26476e+06	16645.8
	3332	2.26414e+06	16642.3
	3333	2.26352e+06	16638.8
	3334	2.26292e+06	16635.3
	3335	2.26234e+06	16631.8
	3336	2.26177e+06	16628.3
	3337	2.26121e+06	16624.8
	3338	2.26066e+06	16621.2
	3339	2.26014e+06	16617.7
	3340	2.25962e+06	16614.2
	3341	2.25912e+06	16610.6
	3342	2.25863e+06	16607.1
	3343	2.25816e+06	16603.5
	3344	2.25771e+06	16600
	3345	2.25726e+06	16596.5
	3346	2.25684e+06	16593
	3347	2.25642e+06	16589.4
	3348	2.25603e+06	16585.9
	3349	2.25564e+06	16582.4
	3350	2.25528e+06	16578.9
	3351	2.25492e+06	16575.4
	3352	2.25459e+06	16572
	3353	2.25427e+06	16568.5
	3354	2.25396e+06	16565.1
	3355	2.25367e+06	16561.6
	3356	2.25339e+06	16558.2
	3357	2.25313e+06	16554.8
	3358	2.25288e+06	16551.4
	3359	2.25265e+06	16548.1
	3360	2.25244e+06	16544.7
	3361	2.25224e+06	16541.4
	3362	2.25206e+06	16538.1
	3363	2.25189e+06	16534.8
	3364	2.25173e+06	16531.5
	3365	2.25159e+06	16528.3
	3366	2.25147e+06	16525
	3367	2.25136e+06	16521.8
	3368	2.25127e+06	16518.7
	3369	2.25119e+06	16515.5
	3370	2.25113e+06	16512.4
	3371	2.25108e+06	16509.3
	3372	2.25105e+06	16506.3
	3373	2.25104e+06	16503.2
	3374	2.25103e+06	16500.2
	3375	2.25105e+06	16497.3
	3376	2.25108e+06	16494.3
	3377	2.25112e+06	16491.4
	3378	2.25118e+06	16488.6
	3379	2.25125e+06	16485.7
	3380	2.25134e+06	16482.9
	3381	2.25144e+06	16480.2
	3382	2.25155e+06	16477.5
	3383	2.25168e+06	16474.8
	3384	2.25183e+06	16472.1
	3385	2.25199e+06	16469.5
	3386	2.25216e+06	16466.9
	3387	2.25235e+06	16464.4
	3388	2.25255e+06	16461.9
	3389	2.25276e+06	16459.4
	3390	2.25299e+06	16457
	3391	2.25323e+06	16454.7
	3392	2.25348e+06	16452.3
	3393	2.25375e+06	16450
	3394	2.25403e+06	16447.8
	3395	2.25433e+06	16445.6
	3396	2.25464e+06	16443.4
	3397	2.25496e+06	16441.3
	3398	2.25529e+06	16439.3
	3399	2.25563e+06	16437.2
	3400	2.25599e+06	16435.3
	3401	2.25636e+06	16433.4
	3402	2.25674e+06	16431.5
	3403	2.25713e+06	16429.6
	3404	2.25754e+06	16427.9
	3405	2.25795e+06	16426.1
	3406	2.25838e+06	16424.4
	3407	2.25882e+06	16422.8
	3408	2.25927e+06	16421.2
	3409	2.25973e+06	16419.7
	3410	2.2602e+06	16418.2
	3411	2.26068e+06	16416.7
	3412	2.26117e+06	16415.3
	3413	2.26167e+06	16414
	3414	2.26218e+06	16412.7
	3415	2.2627e+06	16411.5
	3416	2.26323e+06	16410.3
	3417	2.26377e+06	16409.1
	3418	2.26432e+06	16408
	3419	2.26488e+06	16407
	3420	2.26544e+06	16406
	3421	2.26602e+06	16405.1
	3422	2.2666e+06	16404.2
	3423	2.26719e+06	16403.4
	3424	2.26779e+06	16402.6
	3425	2.26839e+06	16401.9
	3426	2.269e+06	16401.2
	3427	2.26962e+06	16400.6
	3428	2.27025e+06	16400
	3429	2.27088e+06	16399.5
	3430	2.27152e+06	16399
	3431	2.27217e+06	16398.6
	3432	2.27282e+06	16398.2
	3433	2.27348e+06	16397.9
	3434	2.27414e+06	16397.6
	3435	2.27481e+06	16397.4
	3436	2.27548e+06	16397.2
	3437	2.27616e+06	16397.1
	3438	2.27684e+06	16397.1
	3439	2.27752e+06	16397
	3440	2.27821e+06	16397.1
	3441	2.27891e+06	16397.2
	3442	2.27961e+06	16397.3
	3443	2.28031e+06	16397.5
	3444	2.28101e+06	16397.7
	3445	2.28172e+06	16398
	3446	2.28243e+06	16398.3
	3447	2.28314e+06	16398.7
	3448	2.28385e+06	16399.1
	3449	2.28457e+06	16399.6
	3450	2.28528e+06	16400.1
	3451	2.286e+06	16400.7
	3452	2.28672e+06	16401.3
	3453	2.28744e+06	16402
	3454	2.28817e+06	16402.7
	3455	2.28889e+06	16403.4
	3456	2.28961e+06	16404.2
	3457	2.29033e+06	16405.1
	3458	2.29105e+06	16406
	3459	2.29177e+06	16406.9
	3460	2.29249e+06	16407.9
	3461	2.29321e+06	16408.9
	3462	2.29393e+06	16409.9
	3463	2.29465e+06	16411
	3464	2.29536e+06	16412.2
	3465	2.29608e+06	16413.4
	3466	2.29679e+06	16414.6
	3467	2.2975e+06	16415.8
	3468	2.2982e+06	16417.1
	3469	2.29891e+06	16418.5
	3470	2.29961e+06	16419.8
	3471	2.3003e+06	16421.3
	3472	2.301e+06	16422.7
	3473	2.30169e+06	16424.2
	3474	2.30237e+06	16425.7
	3475	2.30305e+06	16427.3
	3476	2.30373e+06	16428.8
	3477	2.30441e+06	16430.5
	3478	2.30507e+06	16432.1
	3479	2.30574e+06	16433.8
	3480	2.3064e+06	16435.5
	3481	2.30705e+06	16437.3
	3482	2.3077e+06	16439
	3483	2.30834e+06	16440.8
	3484	2.30898e+06	16442.7
	3485	2.30961e+06	16444.5
	3486	2.31023e+06	16446.4
	3487	2.31085e+06	16448.3
	3488	2.31146e+06	16450.3
	3489	2.31207e+06	16452.2
	3490	2.31266e+06	16454.2
	3491	2.31325e+06	16456.2
	3492	2.31384e+06	16458.3
	3493	2.31441e+06	16460.3
	3494	2.31498e+06	16462.4
	3495	2.31554e+06	16464.5
	3496	2.3161e+06	16466.6
	3497	2.31664e+06	16468.8
	3498	2.31718e+06	16470.9
	3499	2.31771e+06	16473.1
	3500	2.31823e+06	16475.3
	3501	2.31874e+06	16477.5
	3502	2.31925e+06	16479.7
	3503	2.31974e+06	16481.9
	3504	2.32023e+06	16484.2
	3505	2.3207e+06	16486.4
	3506	2.32117e+06	16488.7
	3507	2.32163e+06	16491
	3508	2.32208e+06	16493.3
	3509	2.32252e+06	16495.6
	3510	2.32295e+06	16497.9
	3511	2.32337e+06	16500.2
	3512	2.32378e+06	16502.5
	3513	2.32419e+06	16504.9
	3514	2.32458e+06	16507.2
	3515	2.32496e+06	16509.6
	3516	2.32533e+06	16511.9
	3517	2.32569e+06	16514.3
	3518	2.32605e+06	16516.6
	3519	2.32639e+06	16519
	3520	2.32672e+06	16521.3
	3521	2.32704e+06	16523.7
	3522	2.32735e+06	16526
	3523	2.32765e+06	16528.4
	3524	2.32794e+06	16530.7
	3525	2.32822e+06	16533.1
	3526	2.32849e+06	16535.4
	3527	2.32875e+06	16537.8
	3528	2.329e+06	16540.1
	3529	2.32924e+06	16542.4
	3530	2.32946e+06	16544.8
	3531	2.32968e+06	16547.1
	3532	2.32988e+06	16549.4
	3533	2.33008e+06	16551.7
	3534	2.33026e+06	16554
	3535	2.33044e+06	16556.3
	3536	2.3306e+06	16558.5
	3537	2.33075e+06	16560.8
	3538	2.3309e+06	16563.1
	3539	2.33103e+06	16565.3
	3540	2.33115e+06	16567.5
	3541	2.33126e+06	16569.7
	3542	2.33136e+06	16571.9
	3543	2.33145e+06	16574.1
	3544	2.33153e+06	16576.3
	3545	2.3316e+06	16578.4
	3546	2.33165e+06	16580.5
	3547	2.3317e+06	16582.7
	3548	2.33174e+06	16584.8
	3549	2.33177e+06	16586.8
	3550	2.33178e+06	16588.9
	3551	2.33179e+06	16590.9
	3552	2.33179e+06	16592.9
	3553	2.33177e+06	16594.9
	3554	2.33175e+06	16596.9
	3555	2.33171e+06	16598.9
	3556	2.33167e+06	16600.8
	3557	2.33162e+06	16602.7
	3558	2.33155e+06	16604.6
	3559	2.33148e+06	16606.4
	3560	2.3314e+06	16608.3
	3561	2.33131e+06	16610.1
	3562	2.33121e+06	16611.9
	3563	2.3311e+06	16613.6
	3564	2.33098e+06	16615.4
	3565	2.33085e+06	16617.1
	3566	2.33071e+06	16618.8
	3567	2.33056e+06	16620.4
	3568	2.33041e+06	16622
	3569	2.33024e+06	16623.6
	3570	2.33007e+06	16625.2
	3571	2.32989e+06	16626.7
	3572	2.3297e+06	16628.2
	3573	2.3295e+06	16629.7
	3574	2.32929e+06	16631.2
	3575	2.32908e+06	16632.6
	3576	2.32885e+06	16634
	3577	2.32862e+06	16635.3
	3578	2.32838e+06	16636.7
	3579	2.32814e+06	16638
	3580	2.32788e+06	16639.2
	3581	2.32762e+06	16640.5
	3582	2.32735e+06	16641.7
	3583	2.32708e+06	16642.8
	3584	2.32679e+06	16644
	3585	2.3265e+06	16645.1
	3586	2.32621e+06	16646.1
	3587	2.3259e+06	16647.2
	3588	2.32559e+06	16648.2
	3589	2.32528e+06	16649.1
	3590	2.32495e+06	16650.1
	3591	2.32463e+06	16651
	3592	2.32429e+06	16651.9
	3593	2.32395e+06	16652.7
	3594	2.3236e+06	16653.5
	3595	2.32325e+06	16654.3
	3596	2.3229e+06	16655
	3597	2.32253e+06	16655.7
	3598	2.32217e+06	16656.4
	3599	2.32179e+06	16657
	3600	2.32142e+06	16657.6
	3601	2.32103e+06	16658.2
	3602	2.32065e+06	16658.7
	3603	2.32026e+06	16659.2
	3604	2.31986e+06	16659.7
	3605	2.31946e+06	16660.1
	3606	2.31906e+06	16660.5
	3607	2.31865e+06	16660.8
	3608	2.31824e+06	16661.2
	3609	2.31782e+06	16661.5
	3610	2.31741e+06	16661.7
	3611	2.31698e+06	16661.9
	3612	2.31656e+06	16662.1
	3613	2.31613e+06	16662.3
	3614	2.3157e+06	16662.4
	3615	2.31527e+06	16662.5
	3616	2.31483e+06	16662.6
	3617	2.3144e+06	16662.6
	3618	2.31396e+06	16662.6
	3619	2.31351e+06	16662.6
	3620	2.31307e+06	16662.5
	3621	2.31262e+06	16662.4
	3622	2.31218e+06	16662.3
	3623	2.31173e+06	16662.1
	3624	2.31128e+06	16661.9
	3625	2.31083e+06	16661.7
	3626	2.31037e+06	16661.4
	3627	2.30992e+06	16661.1
	3628	2.30946e+06	16660.8
	3629	2.30901e+06	16660.4
	3630	2.30855e+06	16660.1
	3631	2.3081e+06	16659.6
	3632	2.30764e+06	16659.2
	3633	2.30719e+06	16658.7
	3634	2.30673e+06	16658.2
	3635	2.30628e+06	16657.7
	3636	2.30582e+06	16657.2
	3637	2.30536e+06	16656.6
	3638	2.30491e+06	16656
	3639	2.30446e+06	16655.3
	3640	2.304e+06	16654.7
	3641	2.30355e+06	16654
	3642	2.3031e+06	16653.3
	3643	2.30265e+06	16652.5
	3644	2.30221e+06	16651.8
	3645	2.30176e+06	16651
	3646	2.30131e+06	16650.1
	3647	2.30087e+06	16649.3
	3648	2.30043e+06	16648.4
	3649	2.29999e+06	16647.5
	3650	2.29956e+06	16646.6
