	0	5e+06	9000
	1	4.95609e+06	9149.93	0
	2	4.91424e+06	9299.73	0
	3	4.87428e+06	9449.39	0
	4	4.83604e+06	9598.91	0
	5	4.79939e+06	9748.26	0
	6	4.76419e+06	9897.45	0
	7	4.73033e+06	10046.5	0
	8	4.69771e+06	10195.3	0
	9	4.66622e+06	10343.9	0
	10	4.63578e+06	10492.2	0
	11	4.6063e+06	10640.3	0
	12	4.57771e+06	10788.1	0
	13	4.54994e+06	10935.6	0
	14	4.52294e+06	11082.7	0
	15	4.49664e+06	11229.5	0
	16	4.47099e+06	11375.9	0
	17	4.44594e+06	11521.8	0
	18	4.42144e+06	11667.3	0
	19	4.39746e+06	11812.3	0
	20	4.37396e+06	11956.8	0
	21	4.35091e+06	12100.7	0
	22	4.32826e+06	12244	0
	23	4.30599e+06	12386.6	0
	24	4.28407e+06	12528.6	0
	25	4.26248e+06	12669.9	0
	26	4.2412e+06	12810.5	0
	27	4.22019e+06	12950.3	0
	28	4.19945e+06	13089.2	0
	29	4.17894e+06	13227.3	0
	30	4.15866e+06	13364.6	0
	31	4.13859e+06	13500.9	0
	32	4.11872e+06	13636.2	0
	33	4.09902e+06	13770.5	0
	34	4.07949e+06	13903.8	0
	35	4.06012e+06	14036	0
	36	4.04089e+06	14167.1	0
	37	4.0218e+06	14297.1	0
	38	4.00283e+06	14425.9	0
	39	3.98397e+06	14553.4	0
	40	3.96523e+06	14679.8	0
	41	3.94659e+06	14804.8	0
	42	3.92804e+06	14928.5	0
	43	3.90959e+06	15050.9	0
	44	3.89122e+06	15171.9	0
	45	3.87292e+06	15291.5	0
	46	3.8547e+06	15409.6	0
	47	3.83655e+06	15526.3	0
	48	3.81847e+06	15641.5	0
	49	3.80045e+06	15755.2	0
	50	3.78248e+06	15867.3	0
	51	3.76458e+06	15977.8	0
	52	3.74673e+06	16086.8	0
	53	3.72893e+06	16194.1	0
	54	3.71118e+06	16299.7	0
	55	3.69348e+06	16403.8	0
	56	3.67582e+06	16506.1	0
	57	3.65822e+06	16606.7	0
	58	3.64065e+06	16705.6	0
	59	3.62313e+06	16802.8	0
	60	3.60565e+06	16898.2	0
	61	3.58822e+06	16991.8	0
	62	3.57082e+06	17083.7	0
	63	3.55347e+06	17173.8	0
	64	3.53616e+06	17262	0
	65	3.51888e+06	17348.5	0
	66	3.50165e+06	17433.1	0
	67	3.48447e+06	17515.9	0
	68	3.46732e+06	17596.9	0
	69	3.45021e+06	17676	0
	70	3.43315e+06	17753.2	0
	71	3.41613e+06	17828.6	0
	72	3.39915e+06	17902.2	0
	73	3.38221e+06	17973.9	0
	74	3.36532e+06	18043.7	0
	75	3.34847e+06	18111.7	0
	76	3.33167e+06	18177.8	0
	77	3.31492e+06	18242.1	0
	78	3.29821e+06	18304.5	0
	79	3.28155e+06	18365.1	0
	80	3.26494e+06	18423.8	0
	81	3.24838e+06	18480.7	0
	82	3.23186e+06	18535.8	0
	83	3.2154e+06	18589	0
	84	3.19899e+06	18640.5	0
	85	3.18263e+06	18690.1	0
	86	3.16633e+06	18738	0
	87	3.15008e+06	18784	0
	88	3.13389e+06	18828.3	0
	89	3.11775e+06	18870.9	0
	90	3.10167e+06	18911.7	0
	91	3.08565e+06	18950.7	0
	92	3.06968e+06	18988.1	0
	93	3.05378e+06	19023.7	0
	94	3.03794e+06	19057.7	0
	95	3.02215e+06	19090	0
	96	3.00643e+06	19120.6	0
	97	2.99077e+06	19149.6	0
	98	2.97518e+06	19177	0
	99	2.95965e+06	19202.7	0
	100	2.94419e+06	19226.9	0
	101	2.92879e+06	19249.5	0
	102	2.91345e+06	19270.6	0
	103	2.89819e+06	19290.1	0
	104	2.88299e+06	19308.2	0
	105	2.86786e+06	19324.7	0
	106	2.8528e+06	19339.8	0
	107	2.83781e+06	19353.4	0
	108	2.82289e+06	19365.5	0
	109	2.80804e+06	19376.3	0
	110	2.79327e+06	19385.7	0
	111	2.77856e+06	19393.7	0
	112	2.76393e+06	19400.3	0
	113	2.74937e+06	19405.7	0
	114	2.73488e+06	19409.7	0
	115	2.72047e+06	19412.4	0
	116	2.70613e+06	19413.9	0
	117	2.69186e+06	19414.1	0
	118	2.67767e+06	19413.1	0
	119	2.66356e+06	19410.9	0
	120	2.64952e+06	19407.5	0
	121	2.63555e+06	19403	0
	122	2.62166e+06	19397.3	0
	123	2.60785e+06	19390.5	0
	124	2.59411e+06	19382.6	0
	125	2.58045e+06	19373.6	0
	126	2.56687e+06	19363.6	0
	127	2.55337e+06	19352.6	0
	128	2.53994e+06	19340.5	0
	129	2.52659e+06	19327.4	0
	130	2.51331e+06	19313.4	0
	131	2.50011e+06	19298.4	0
	132	2.48699e+06	19282.5	0
	133	2.47395e+06	19265.6	0
	134	2.46099e+06	19247.9	0
	135	2.4481e+06	19229.3	0
	136	2.43529e+06	19209.9	0
	137	2.42255e+06	19189.6	0
	138	2.4099e+06	19168.5	0
	139	2.39732e+06	19146.6	0
	140	2.38482e+06	19123.9	0
	141	2.37239e+06	19100.5	0
	142	2.36005e+06	19076.3	0
	143	2.34777e+06	19051.4	0
	144	2.33558e+06	19025.8	0
	145	2.32346e+06	18999.5	0
	146	2.31142e+06	18972.5	0
	147	2.29946e+06	18944.9	0
	148	2.28757e+06	18916.7	0
	149	2.27575e+06	18887.8	0
	150	2.26401e+06	18858.3	0
	151	2.25235e+06	18828.3	0
	152	2.24076e+06	18797.6	0
	153	2.22925e+06	18766.5	0
	154	2.21781e+06	18734.7	0
	155	2.20644e+06	18702.5	0
	156	2.19515e+06	18669.7	0
	157	2.18394e+06	18636.4	0
	158	2.17279e+06	18602.7	0
	159	2.16172e+06	18568.5	0
	160	2.15072e+06	18533.8	0
	161	2.13979e+06	18498.8	0
	162	2.12894e+06	18463.2	0
	163	2.11816e+06	18427.3	0
	164	2.10745e+06	18391	0
	165	2.09681e+06	18354.3	0
	166	2.08623e+06	18317.2	0
	167	2.07573e+06	18279.7	0
	168	2.0653e+06	18241.9	0
	169	2.05494e+06	18203.8	0
	170	2.04465e+06	18165.3	0
	171	2.03443e+06	18126.6	0
	172	2.02427e+06	18087.5	0
	173	2.01418e+06	18048.1	0
	174	2.00416e+06	18008.5	0
	175	1.99421e+06	17968.6	0
	176	1.98432e+06	17928.4	0
	177	1.9745e+06	17888	0
	178	1.96475e+06	17847.3	0
	179	1.95505e+06	17806.4	0
	180	1.94543e+06	17765.3	0
	181	1.93587e+06	17724	0
	182	1.92637e+06	17682.5	0
	183	1.91693e+06	17640.8	0
	184	1.90756e+06	17598.9	0
	185	1.89825e+06	17556.8	0
	186	1.889e+06	17514.6	0
	187	1.87982e+06	17472.2	0
	188	1.87069e+06	17429.7	0
	189	1.86163e+06	17387	0
	190	1.85262e+06	17344.2	0
	191	1.84368e+06	17301.2	0
	192	1.83479e+06	17258.1	0
	193	1.82596e+06	17215	0
	194	1.81719e+06	17171.7	0
	195	1.80848e+06	17128.3	0
	196	1.79982e+06	17084.8	0
	197	1.79122e+06	17041.3	0
	198	1.78268e+06	16997.6	0
	199	1.77419e+06	16953.9	0
	200	1.76576e+06	16910.2	0
	201	1.75738e+06	16866.3	0
	202	1.74906e+06	16822.4	0
	203	1.74078e+06	16778.5	0
	204	1.73257e+06	16734.5	0
	205	1.7244e+06	16690.5	0
	206	1.71629e+06	16646.4	0
	207	1.70822e+06	16602.3	0
	208	1.70021e+06	16558.2	0
	209	1.69225e+06	16514.1	0
	210	1.68434e+06	16470	0
	211	1.67648e+06	16425.8	0
	212	1.66866e+06	16381.6	0
	213	1.6609e+06	16337.5	0
	214	1.65318e+06	16293.3	0
	215	1.64551e+06	16249.2	0
	216	1.63788e+06	16205	0
	217	1.6303e+06	16160.9	0
	218	1.62277e+06	16116.8	0
	219	1.61528e+06	16072.7	0
	220	1.60784e+06	16028.6	0
	221	1.60044e+06	15984.6	0
	222	1.59308e+06	15940.6	0
	223	1.58576e+06	15896.6	0
	224	1.57849e+06	15852.7	0
	225	1.57126e+06	15808.8	0
	226	1.56407e+06	15764.9	0
	227	1.55692e+06	15721.1	0
	228	1.5498e+06	15677.4	0
	229	1.54273e+06	15633.7	0
	230	1.5357e+06	15590	0
	231	1.5287e+06	15546.4	0
	232	1.52174e+06	15502.9	0
	233	1.51482e+06	15459.4	0
	234	1.50793e+06	15416	0
	235	1.50108e+06	15372.7	0
	236	1.49426e+06	15329.4	0
	237	1.48748e+06	15286.2	0
	238	1.48073e+06	15243	0
	239	1.47401e+06	15199.9	0
	240	1.46733e+06	15156.9	0
	241	1.46067e+06	15114	0
	242	1.45405e+06	15071.1	0
	243	1.44745e+06	15028.4	0
	244	1.44089e+06	14985.7	0
	245	1.43435e+06	14943.1	0
	246	1.42784e+06	14900.5	0
	247	1.42136e+06	14858.1	0
	248	1.4149e+06	14815.7	0
	249	1.40847e+06	14773.4	0
	250	1.40206e+06	14731.2	0
	251	1.39568e+06	14689.1	0
	252	1.38932e+06	14647.1	0
	253	1.38298e+06	14605.1	0
	254	1.37666e+06	14563.3	0
	255	1.37036e+06	14521.5	0
	256	1.36408e+06	14479.8	0
	257	1.35782e+06	14438.2	0
	258	1.35158e+06	14396.7	0
	259	1.34535e+06	14355.3	0
	260	1.33914e+06	14314	0
	261	1.33294e+06	14272.7	0
	262	1.32676e+06	14231.6	0
	263	1.32058e+06	14190.5	0
	264	1.31442e+06	14149.6	0
	265	1.30827e+06	14108.7	0
	266	1.30213e+06	14067.9	0
	267	1.296e+06	14027.2	0
	268	1.28987e+06	13986.6	0
	269	1.28375e+06	13946	0
	270	1.27763e+06	13905.6	0
	271	1.27151e+06	13865.2	0
	272	1.2654e+06	13825	0
	273	1.25928e+06	13784.8	0
	274	1.25316e+06	13744.7	0
	275	1.24704e+06	13704.6	0
	276	1.24092e+06	13664.7	0
	277	1.23479e+06	13624.8	0
	278	1.22865e+06	13585.1	0
	279	1.2225e+06	13545.4	0
	280	1.21634e+06	13505.7	0
	281	1.21017e+06	13466.2	0
	282	1.20398e+06	13426.7	0
	283	1.19778e+06	13387.3	0
	284	1.19155e+06	13348	0
	285	1.18531e+06	13308.7	0
	286	1.17904e+06	13269.5	0
	287	1.17275e+06	13230.4	0
	288	1.16643e+06	13191.4	0
	289	1.16008e+06	13152.4	0
	290	1.15369e+06	13113.4	0
	291	1.14727e+06	13074.5	0
	292	1.14082e+06	13035.7	0
	293	1.13432e+06	12996.9	0
	294	1.12778e+06	12958.2	0
	295	1.12119e+06	12919.5	0
	296	1.11455e+06	12880.9	0
	297	1.10786e+06	12842.3	0
	298	1.10111e+06	12803.8	0
	299	1.09431e+06	12765.2	0
	300	1.08743e+06	12726.8	0
	301	1.08049e+06	12688.3	0
	302	1.07348e+06	12649.9	0
	303	1.06639e+06	12611.4	0
	304	1.05923e+06	12573.1	0
	305	1.05197e+06	12534.7	0
	306	1.04463e+06	12496.3	0
	307	1.03719e+06	12457.9	0
	308	1.02966e+06	12419.5	0
	309	1.02201e+06	12381.2	0
	310	1.01426e+06	12342.8	0
	311	1.00638e+06	12304.4	0
	312	998388	12265.9	0
	313	990261	12227.5	0
	314	981996	12189	0
	315	973586	12150.4	0
	316	965024	12111.9	0
	317	956301	12073.2	0
	318	947409	12034.5	0
	319	938338	11995.8	0
	320	929080	11956.9	0
	321	919625	11918	0
	322	909961	11879	0
	323	900078	11839.9	0
	324	889965	11800.6	0
	325	879609	11761.3	0
	326	868997	11721.8	0
	327	858115	11682.2	0
	328	846949	11642.4	0
	329	835483	11602.5	0
	330	823701	11562.4	0
	331	811587	11522.1	0
	332	799121	11481.6	0
	333	786284	11440.9	0
	334	773056	11400	0
	335	759415	11358.8	0
	336	745336	11317.4	0
	337	730797	11275.7	0
	338	715769	11233.6	0
	339	700224	11191.3	0
	340	684133	11148.7	0
	341	667463	11105.7	0
	342	650179	11062.3	0
	343	632245	11018.5	0
	344	613620	10974.3	0
	345	594262	10929.7	0
	346	574125	10884.6	0
	347	553160	10839	0
	348	531312	10792.8	0
	349	508526	10746.1	0
	350	484737	10698.8	0
	351	459880	10650.9	0
	352	433881	10602.3	0
	353	406660	10553	0
	354	378133	10502.9	0
	355	348203	10452.1	0
	356	316770	10400.4	0
	357	283720	10347.8	0
	358	248932	10294.3	0
	359	212269	10239.7	0
	360	173584	10184.1	0
	361	132711	10127.4	0
	362	89471.5	10069.4	0
	363	43662.7	10010.2	0
	364	0	9949.57	0
	365	0	9888.73	0
	366	0	9828.63	0
	367	0	9769.25	0
	368	0	9710.58	0
	369	0	9652.62	0
	370	0	9595.34	0
	371	0	9538.74	0
	372	0	9482.81	0
	373	0	9427.52	0
	374	0	9372.88	0
	375	0	9318.87	0
	376	0	9265.47	0
	377	0	9212.69	0
	378	0	9160.5	0
	379	0	9108.9	0
	380	0	9057.87	0
	381	0	9007.42	0
	382	0	8957.53	0
	383	0	8908.18	0
	384	0	8859.38	0
	385	0	8811.1	0
	386	0	8763.35	0
	387	0	8716.12	0
	388	0	8669.39	0
	389	0	8623.16	0
	390	0	8577.42	0
	391	0	8532.17	0
	392	0	8487.38	0
	393	0	8443.07	0
	394	0	8399.22	0
	395	0	8355.82	0
	396	0	8312.86	0
	397	0	8270.35	0
	398	0	8228.26	0
	399	0	8186.61	0
	400	0	8145.37	0
	401	0	8104.55	0
	402	0	8064.13	0
	403	0	8024.12	0
	404	0	7984.5	0
	405	0	7945.27	0
	406	0	7906.42	0
	407	0	7867.95	0
	408	0	7829.85	0
	409	0	7792.13	0
	410	0	7754.76	0
	411	0	7717.75	0
	412	0	7681.09	0
	413	0	7644.78	0
	414	0	7608.81	0
	415	0	7573.17	0
	416	0	7537.87	0
	417	0	7502.9	0
	418	0	7468.25	0
	419	0	7433.91	0
	420	0	7399.89	0
	421	0	7366.19	0
	422	0	7332.78	0
	423	0	7299.68	0
	424	0	7266.88	0
	425	0	7234.37	0
	426	0	7202.15	0
	427	0	7170.21	0
	428	0	7138.56	0
	429	0	7107.19	0
	430	0	7076.09	0
	431	0	7045.26	0
	432	0	7014.7	0
	433	0	6984.4	0
	434	0	6954.36	0
	435	0	6924.58	0
	436	0	6895.06	0
	437	0	6865.78	0
	438	0	6836.76	0
	439	0	6807.97	0
	440	0	6779.43	0
	441	0	6751.13	0
	442	0	6723.06	0
	443	0	6695.22	0
	444	0	6667.62	0
	445	0	6640.24	0
	446	0	6613.08	0
	447	0	6586.15	0
	448	0	6559.43	0
	449	0	6532.93	0
	450	0	6506.65	0
	451	0	6480.57	0
	452	0	6454.7	0
	453	0	6429.04	0
	454	0	6403.58	0
	455	0	6378.33	0
	456	0	6353.27	0
	457	0	6328.4	0
	458	0	6303.73	0
	459	0	6279.26	0
	460	0	6254.97	0
	461	0	6230.87	0
	462	0	6206.95	0
	463	0	6183.22	0
	464	0	6159.66	0
	465	0	6136.29	0
	466	0	6113.09	0
	467	0	6090.07	0
	468	0	6067.22	0
	469	0	6044.54	0
	470	0	6022.03	0
	471	0	5999.69	0
	472	0	5977.51	0
	473	0	5955.5	0
	474	0	5933.64	0
	475	0	5911.95	0
	476	0	5890.42	0
	477	0	5869.04	0
	478	0	5847.81	0
	479	0	5826.74	0
	480	0	5805.82	0
	481	0	5785.05	0
	482	0	5764.43	0
	483	0	5743.95	0
	484	0	5723.62	0
	485	0	5703.44	0
	486	0	5683.39	0
	487	0	5663.49	0
	488	0	5643.72	0
	489	0	5624.09	0
	490	0	5604.6	0
	491	0	5585.24	0
	492	0	5566.02	0
	493	0	5546.93	0
	494	0	5527.96	0
	495	0	5509.13	0
	496	0	5490.43	0
	497	0	5471.85	0
	498	0	5453.39	0
	499	0	5435.07	0
	500	0	5416.86	0
	501	0	5398.77	0
	502	0	5380.81	0
	503	0	5362.97	0
	504	0	5345.24	0
	505	0	5327.63	0
	506	0	5310.13	0
	507	0	5292.75	0
	508	0	5275.49	0
	509	0	5258.33	0
	510	0	5241.29	0
	511	0	5224.35	0
	512	0	5207.53	0
	513	0	5190.81	0
	514	0	5174.21	0
	515	0	5157.7	0
	516	0	5141.3	0
	517	0	5125.01	0
	518	0	5108.82	0
	519	0	5092.73	0
	520	0	5076.74	0
	521	0	5060.85	0
	522	0	5045.06	0
	523	0	5029.37	0
	524	0	5013.78	0
	525	0	4998.28	0
	526	0	4982.88	0
	527	0	4967.57	0
	528	0	4952.36	0
	529	0	4937.24	0
	530	0	4922.21	0
	531	0	4907.27	0
	532	0	4892.43	0
	533	0	4877.67	0
	534	0	4863	0
	535	0	4848.42	0
	536	0	4833.93	0
	537	0	4819.52	0
	538	0	4805.2	0
	539	0	4790.96	0
	540	0	4776.81	0
	541	0	4762.74	0
	542	0	4748.76	0
	543	0	4734.85	0
	544	0	4721.03	0
	545	0	4707.28	0
	546	0	4693.62	0
	547	0	4680.04	0
	548	0	4666.53	0
	549	0	4653.1	0
	550	0	4639.75	0
	551	0	4626.48	0
	552	0	4613.28	0
	553	0	4600.16	0
	554	0	4587.11	0
	555	0	4574.13	0
	556	0	4561.23	0
	557	0	4548.4	0
	558	0	4535.64	0
	559	0	4522.96	0
	560	0	4510.34	0
	561	0	4497.8	0
	562	0	4485.32	0
	563	0	4472.92	0
	564	0	4460.58	0
	565	0	4448.31	0
	566	0	4436.1	0
	567	0	4423.97	0
	568	0	4411.9	0
	569	0	4399.89	0
	570	0	4387.95	0
	571	0	4376.08	0
	572	0	4364.27	0
	573	0	4352.52	0
	574	0	4340.84	0
	575	0	4329.22	0
	576	0	4317.66	0
	577	0	4306.16	0
	578	0	4294.72	0
	579	0	4283.35	0
	580	0	4272.03	0
	581	0	4260.78	0
	582	0	4249.58	0
	583	0	4238.44	0
	584	0	4227.36	0
	585	0	4216.34	0
	586	0	4205.37	0
	587	0	4194.47	0
	588	0	4183.61	0
	589	0	4172.82	0
	590	0	4162.08	0
	591	0	4151.39	0
	592	0	4140.76	0
	593	0	4130.19	0
	594	0	4119.67	0
	595	0	4109.2	0
	596	0	4098.78	0
	597	0	4088.42	0
	598	0	4078.11	0
	599	0	4067.85	0
	600	0	4057.64	0
	601	0	4047.49	0
	602	0	4037.38	0
	603	0	4027.33	0
	604	0	4017.32	0
	605	0	4007.37	0
	606	0	3997.46	0
	607	0	3987.6	0
	608	0	3977.79	0
	609	0	3968.03	0
	610	0	3958.32	0
	611	0	3948.65	0
	612	0	3939.03	0
	613	0	3929.46	0
	614	0	3919.94	0
	615	0	3910.46	0
	616	0	3901.03	0
	617	0	3891.64	0
	618	0	3882.29	0
	619	0	3873	0
	620	0	3863.74	0
	621	0	3854.53	0
	622	0	3845.37	0
	623	0	3836.24	0
	624	0	3827.16	0
	625	0	3818.13	0
	626	0	3809.13	0
	627	0	3800.18	0
	628	0	3791.27	0
	629	0	3782.41	0
	630	0	3773.58	0
	631	0	3764.79	0
	632	0	3756.05	0
	633	0	3747.34	0
	634	0	3738.68	0
	635	0	3730.06	0
	636	0	3721.47	0
	637	0	3712.93	0
	638	0	3704.42	0
	639	0	3695.96	0
	640	0	3687.53	0
	641	0	3679.14	0
	642	0	3670.79	0
	643	0	3662.47	0
	644	0	3654.2	0
	645	0	3645.96	0
	646	0	3637.76	0
	647	0	3629.59	0
	648	0	3621.46	0
	649	0	3613.37	0
	650	0	3605.31	0
	651	0	3597.29	0
	652	0	3589.31	0
	653	0	3581.36	0
	654	0	3573.45	0
	655	0	3565.57	0
	656	0	3557.72	0
	657	0	3549.91	0
	658	0	3542.14	0
	659	0	3534.39	0
	660	0	3526.69	0
	661	0	3519.01	0
	662	0	3511.37	0
	663	0	3503.76	0
	664	0	3496.19	0
	665	0	3488.64	0
	666	0	3481.13	0
	667	0	3473.66	0
	668	0	3466.21	0
	669	0	3458.8	0
	670	0	3451.41	0
	671	0	3444.06	0
	672	0	3436.74	0
	673	0	3429.46	0
	674	0	3422.2	0
	675	0	3414.97	0
	676	0	3407.77	0
	677	0	3400.61	0
	678	0	3393.47	0
	679	0	3386.37	0
	680	0	3379.29	0
	681	0	3372.24	0
	682	0	3365.22	0
	683	0	3358.23	0
	684	0	3351.28	0
	685	0	3344.34	0
	686	0	3337.44	0
	687	0	3330.57	0
	688	0	3323.72	0
	689	0	3316.91	0
	690	0	3310.12	0
	691	0	3303.35	0
	692	0	3296.62	0
	693	0	3289.91	0
	694	0	3283.23	0
	695	0	3276.58	0
	696	0	3269.95	0
	697	0	3263.36	0
	698	0	3256.78	0
	699	0	3250.24	0
	700	0	3243.72	0
	701	0	3237.22	0
	702	0	3230.76	0
	703	0	3224.31	0
	704	0	3217.9	0
	705	0	3211.51	0
	706	0	3205.14	0
	707	0	3198.8	0
	708	0	3192.49	0
	709	0	3186.2	0
	710	0	3179.93	0
	711	0	3173.69	0
	712	0	3167.47	0
	713	0	3161.28	0
	714	0	3155.11	0
	715	0	3148.97	0
	716	0	3142.85	0
	717	0	3136.75	0
	718	0	3130.68	0
	719	0	3124.63	0
	720	0	3118.61	0
	721	0	3112.6	0
	722	0	3106.62	0
	723	0	3100.67	0
	724	0	3094.73	0
	725	0	3088.82	0
	726	0	3082.93	0
	727	0	3077.07	0
	728	0	3071.22	0
	729	0	3065.4	0
	730	0	3059.6	0
	731	0	3053.82	0
	732	0	3048.07	0
	733	0	3042.33	0
	734	0	3036.62	0
	735	0	3030.93	0
	736	0	3025.26	0
	737	0	3019.61	0
	738	0	3013.98	0
	739	0	3008.37	0
	740	0	3002.79	0
	741	0	2997.22	0
	742	0	2991.68	0
	743	0	2986.15	0
	744	0	2980.65	0
	745	0	2975.16	0
	746	0	2969.7	0
	747	0	2964.26	0
	748	0	2958.83	0
	749	0	2953.43	0
	750	0	2948.04	0
	751	0	2942.68	0
	752	0	2937.33	0
	753	0	2932.01	0
	754	0	2926.7	0
	755	0	2921.41	0
	756	0	2916.15	0
	757	0	2910.9	0
	758	0	2905.67	0
	759	0	2900.45	0
	760	0	2895.26	0
	761	0	2890.09	0
	762	0	2884.93	0
	763	0	2879.79	0
	764	0	2874.67	0
	765	0	2869.57	0
	766	0	2864.49	0
	767	0	2859.42	0
	768	0	2854.38	0
	769	0	2849.35	0
	770	0	2844.34	0
	771	0	2839.34	0
	772	0	2834.36	0
	773	0	2829.4	0
	774	0	2824.46	0
	775	0	2819.54	0
	776	0	2814.63	0
	777	0	2809.74	0
	778	0	2804.87	0
	779	0	2800.01	0
	780	0	2795.17	0
	781	0	2790.35	0
	782	0	2785.54	0
	783	0	2780.75	0
	784	0	2775.98	0
	785	0	2771.22	0
	786	0	2766.48	0
	787	0	2761.75	0
	788	0	2757.05	0
	789	0	2752.35	0
	790	0	2747.68	0
	791	0	2743.01	0
	792	0	2738.37	0
	793	0	2733.74	0
	794	0	2729.13	0
	795	0	2724.53	0
	796	0	2719.95	0
	797	0	2715.38	0
	798	0	2710.83	0
	799	0	2706.29	0
	800	0	2701.77	0
	801	0	2697.26	0
	802	0	2692.77	0
	803	0	2688.29	0
	804	0	2683.83	0
	805	0	2679.39	0
	806	0	2674.95	0
	807	0	2670.54	0
	808	0	2666.13	0
	809	0	2661.74	0
	810	0	2657.37	0
	811	0	2653.01	0
	812	0	2648.67	0
	813	0	2644.33	0
	814	0	2640.02	0
	815	0	2635.71	0
	816	0	2631.42	0
	817	0	2627.15	0
	818	0	2622.89	0
	819	0	2618.64	0
	820	0	2614.41	0
	821	0	2610.19	0
	822	0	2605.98	0
	823	0	2601.79	0
	824	0	2597.61	0
	825	0	2593.44	0
	826	0	2589.29	0
	827	0	2585.15	0
	828	0	2581.02	0
	829	0	2576.91	0
	830	0	2572.81	0
	831	0	2568.72	0
	832	0	2564.65	0
	833	0	2560.59	0
	834	0	2556.54	0
	835	0	2552.51	0
	836	0	2548.48	0
	837	0	2544.47	0
	838	0	2540.48	0
	839	0	2536.49	0
	840	0	2532.52	0
	841	0	2528.56	0
	842	0	2524.61	0
	843	0	2520.68	0
	844	0	2516.75	0
	845	0	2512.84	0
	846	0	2508.94	0
	847	0	2505.06	0
	848	0	2501.18	0
	849	0	2497.32	0
	850	0	2493.47	0
	851	0	2489.63	0
	852	0	2485.8	0
	853	0	2481.99	0
	854	0	2478.18	0
	855	0	2474.39	0
	856	0	2470.61	0
	857	0	2466.84	0
	858	0	2463.08	0
	859	0	2459.34	0
	860	0	2455.6	0
	861	0	2451.88	0
	862	0	2448.17	0
	863	0	2444.47	0
	864	0	2440.78	0
	865	0	2437.1	0
	866	0	2433.43	0
	867	0	2429.78	0
	868	0	2426.13	0
	869	0	2422.5	0
	870	0	2418.87	0
	871	0	2415.26	0
	872	0	2411.66	0
	873	0	2408.07	0
	874	0	2404.49	0
	875	0	2400.92	0
	876	0	2397.36	0
	877	0	2393.81	0
	878	0	2390.27	0
	879	0	2386.74	0
	880	0	2383.22	0
	881	0	2379.72	0
	882	0	2376.22	0
	883	0	2372.73	0
	884	0	2369.26	0
	885	0	2365.79	0
	886	0	2362.33	0
	887	0	2358.89	0
	888	0	2355.45	0
	889	0	2352.03	0
	890	0	2348.61	0
	891	0	2345.2	0
	892	0	2341.81	0
	893	0	2338.42	0
	894	0	2335.05	0
	895	0	2331.68	0
	896	0	2328.32	0
	897	0	2324.97	0
	898	0	2321.64	0
	899	0	2318.31	0
	900	0	2314.99	0
	901	0	2311.68	0
	902	0	2308.38	0
	903	0	2305.09	0
	904	0	2301.81	0
	905	0	2298.54	0
	906	0	2295.27	0
	907	0	2292.02	0
	908	0	2288.78	0
	909	0	2285.54	0
	910	0	2282.32	0
	911	0	2279.1	0
	912	0	2275.89	0
	913	0	2272.69	0
	914	0	2269.5	0
	915	0	2266.32	0
	916	0	2263.15	0
	917	0	2259.99	0
	918	0	2256.83	0
	919	0	2253.69	0
	920	0	2250.55	0
	921	0	2247.42	0
	922	0	2244.3	0
	923	0	2241.19	0
	924	0	2238.09	0
	925	0	2235	0
	926	0	2231.91	0
	927	0	2228.84	0
	928	0	2225.77	0
	929	0	2222.71	0
	930	0	2219.66	0
	931	0	2216.62	0
	932	0	2213.58	0
	933	0	2210.56	0
	934	0	2207.54	0
	935	0	2204.53	0
	936	0	2201.53	0
	937	0	2198.54	0
	938	0	2195.55	0
	939	0	2192.57	0
	940	0	2189.6	0
	941	0	2186.64	0
	942	0	2183.69	0
	943	0	2180.75	0
	944	0	2177.81	0
	945	0	2174.88	0
	946	0	2171.96	0
	947	0	2169.05	0
	948	0	2166.14	0
	949	0	2163.24	0
	950	0	2160.35	0
	951	0	2157.47	0
	952	0	2154.6	0
	953	0	2151.73	0
	954	0	2148.87	0
	955	0	2146.02	0
	956	0	2143.17	0
	957	0	2140.34	0
	958	0	2137.51	0
	959	0	2134.69	0
	960	0	2131.87	0
	961	0	2129.06	0
	962	0	2126.27	0
	963	0	2123.47	0
	964	0	2120.69	0
	965	0	2117.91	0
	966	0	2115.14	0
	967	0	2112.38	0
	968	0	2109.62	0
	969	0	2106.87	0
	970	0	2104.13	0
	971	0	2101.4	0
	972	0	2098.67	0
	973	0	2095.95	0
	974	0	2093.24	0
	975	0	2090.53	0
	976	0	2087.83	0
	977	0	2085.14	0
	978	0	2082.45	0
	979	0	2079.78	0
	980	0	2077.1	0
	981	0	2074.44	0
	982	0	2071.78	0
	983	0	2069.13	0
	984	0	2066.49	0
	985	0	2063.85	0
	986	0	2061.22	0
	987	0	2058.6	0
	988	0	2055.98	0
	989	0	2053.37	0
	990	0	2050.76	0
	991	0	2048.17	0
	992	0	2045.57	0
	993	0	2042.99	0
	994	0	2040.41	0
	995	0	2037.84	0
	996	0	2035.28	0
	997	0	2032.72	0
	998	0	2030.17	0
	999	0	2027.62	0
	1000	0	2025.08	0
	1001	0	2022.55	0
	1002	0	2020.02	0
	1003	0	2017.5	0
	1004	0	2014.99	0
	1005	0	2012.48	0
	1006	0	2009.98	0
	1007	0	2007.48	0
	1008	0	2004.99	0
	1009	0	2002.51	0
	1010	0	2000.03	0
	1011	0	1997.56	0
	1012	0	1995.1	0
	1013	0	1992.64	0
	1014	0	1990.19	0
	1015	0	1987.74	0
	1016	0	1985.3	0
	1017	0	1982.87	0
	1018	0	1980.44	0
	1019	0	1978.02	0
	1020	0	1975.6	0
	1021	0	1973.19	0
	1022	0	1970.78	0
	1023	0	1968.39	0
	1024	0	1965.99	0
	1025	0	1963.61	0
	1026	0	1961.22	0
	1027	0	1958.85	0
	1028	0	1956.48	0
	1029	0	1954.11	0
	1030	0	1951.76	0
	1031	0	1949.4	0
	1032	0	1947.06	0
	1033	0	1944.71	0
	1034	0	1942.38	0
	1035	0	1940.05	0
	1036	0	1937.72	0
	1037	0	1935.4	0
	1038	0	1933.09	0
	1039	0	1930.78	0
	1040	0	1928.48	0
	1041	0	1926.18	0
	1042	0	1923.89	0
	1043	0	1921.6	0
	1044	0	1919.32	0
	1045	0	1917.05	0
	1046	0	1914.78	0
	1047	0	1912.51	0
	1048	0	1910.25	0
	1049	0	1908	0
	1050	0	1905.75	0
	1051	0	1903.51	0
	1052	0	1901.27	0
	1053	0	1899.04	0
	1054	0	1896.81	0
	1055	0	1894.59	0
	1056	0	1892.37	0
	1057	0	1890.16	0
	1058	0	1887.95	0
	1059	0	1885.75	0
	1060	0	1883.55	0
	1061	0	1881.36	0
	1062	0	1879.18	0
	1063	0	1877	0
	1064	0	1874.82	0
	1065	0	1872.65	0
	1066	0	1870.48	0
	1067	0	1868.32	0
	1068	0	1866.16	0
	1069	0	1864.01	0
	1070	0	1861.87	0
	1071	0	1859.73	0
	1072	0	1857.59	0
	1073	0	1855.46	0
	1074	0	1853.33	0
	1075	0	1851.21	0
	1076	0	1849.09	0
	1077	0	1846.98	0
	1078	0	1844.87	0
	1079	0	1842.77	0
	1080	0	1840.67	0
	1081	0	1838.58	0
	1082	0	1836.49	0
	1083	0	1834.41	0
	1084	0	1832.33	0
	1085	0	1830.26	0
	1086	0	1828.19	0
	1087	0	1826.12	0
	1088	0	1824.06	0
	1089	0	1822.01	0
	1090	0	1819.96	0
	1091	0	1817.91	0
	1092	0	1815.87	0
	1093	0	1813.83	0
	1094	0	1811.8	0
	1095	0	1809.77	0
	1096	0	1807.75	0
	1097	0	1805.73	0
	1098	0	1803.72	0
	1099	0	1801.71	0
	1100	0	1799.7	0
	1101	0	1797.7	0
	1102	0	1795.71	0
	1103	0	1793.71	0
	1104	0	1791.73	0
	1105	0	1789.74	0
	1106	0	1787.77	0
	1107	0	1785.79	0
	1108	0	1783.82	0
	1109	0	1781.86	0
	1110	0	1779.89	0
	1111	0	1777.94	0
	1112	0	1775.99	0
	1113	0	1774.04	0
	1114	0	1772.09	0
	1115	0	1770.15	0
	1116	0	1768.22	0
	1117	0	1766.29	0
	1118	0	1764.36	0
	1119	0	1762.44	0
	1120	0	1760.52	0
	1121	0	1758.6	0
	1122	0	1756.69	0
	1123	0	1754.79	0
	1124	0	1752.88	0
	1125	0	1750.99	0
	1126	0	1749.09	0
	1127	0	1747.2	0
	1128	0	1745.32	0
	1129	0	1743.43	0
	1130	0	1741.56	0
	1131	0	1739.68	0
	1132	0	1737.81	0
	1133	0	1735.95	0
	1134	0	1734.09	0
	1135	0	1732.23	0
	1136	0	1730.38	0
	1137	0	1728.53	0
	1138	0	1726.68	0
	1139	0	1724.84	0
	1140	0	1723	0
	1141	0	1721.17	0
	1142	0	1719.34	0
	1143	0	1717.51	0
	1144	0	1715.69	0
	1145	0	1713.87	0
	1146	0	1712.06	0
	1147	0	1710.24	0
	1148	0	1708.44	0
	1149	0	1706.63	0
	1150	0	1704.84	0
	1151	0	1703.04	0
	1152	0	1701.25	0
	1153	0	1699.46	0
	1154	0	1697.68	0
	1155	0	1695.9	0
	1156	0	1694.12	0
	1157	0	1692.35	0
	1158	0	1690.58	0
	1159	0	1688.81	0
	1160	0	1687.05	0
	1161	0	1685.29	0
	1162	0	1683.54	0
	1163	0	1681.79	0
	1164	0	1680.04	0
	1165	0	1678.29	0
	1166	0	1676.55	0
	1167	0	1674.82	0
	1168	0	1673.09	0
	1169	0	1671.36	0
	1170	0	1669.63	0
	1171	0	1667.91	0
	1172	0	1666.19	0
	1173	0	1664.48	0
	1174	0	1662.76	0
	1175	0	1661.06	0
	1176	0	1659.35	0
	1177	0	1657.65	0
	1178	0	1655.95	0
	1179	0	1654.26	0
	1180	0	1652.57	0
	1181	0	1650.88	0
	1182	0	1649.2	0
	1183	0	1647.52	0
	1184	0	1645.84	0
	1185	0	1644.17	0
	1186	0	1642.5	0
	1187	0	1640.83	0
	1188	0	1639.17	0
	1189	0	1637.51	0
	1190	0	1635.85	0
	1191	0	1634.2	0
	1192	0	1632.55	0
	1193	0	1630.9	0
	1194	0	1629.26	0
	1195	0	1627.62	0
	1196	0	1625.98	0
	1197	0	1624.35	0
	1198	0	1622.72	0
	1199	0	1621.09	0
	1200	0	1619.47	0
	1201	0	1617.85	0
	1202	0	1616.23	0
	1203	0	1614.62	0
	1204	0	1613.01	0
	1205	0	1611.4	0
	1206	0	1609.8	0
	1207	0	1608.19	0
	1208	0	1606.6	0
	1209	0	1605	0
	1210	0	1603.41	0
	1211	0	1601.82	0
	1212	0	1600.24	0
	1213	0	1598.65	0
	1214	0	1597.08	0
	1215	0	1595.5	0
	1216	0	1593.93	0
	1217	0	1592.36	0
	1218	0	1590.79	0
	1219	0	1589.23	0
	1220	0	1587.67	0
	1221	0	1586.11	0
	1222	0	1584.56	0
	1223	0	1583.01	0
	1224	0	1581.46	0
	1225	0	1579.91	0
	1226	0	1578.37	0
	1227	0	1576.83	0
	1228	0	1575.29	0
	1229	0	1573.76	0
	1230	0	1572.23	0
	1231	0	1570.7	0
	1232	0	1569.18	0
	1233	0	1567.66	0
	1234	0	1566.14	0
	1235	0	1564.63	0
	1236	0	1563.11	0
	1237	0	1561.6	0
	1238	0	1560.1	0
	1239	0	1558.59	0
	1240	0	1557.09	0
	1241	0	1555.59	0
	1242	0	1554.1	0
	1243	0	1552.61	0
	1244	0	1551.12	0
	1245	0	1549.63	0
	1246	0	1548.15	0
	1247	0	1546.67	0
	1248	0	1545.19	0
	1249	0	1543.71	0
	1250	0	1542.24	0
	1251	0	1540.77	0
	1252	0	1539.31	0
	1253	0	1537.84	0
	1254	0	1536.38	0
	1255	0	1534.92	0
	1256	0	1533.47	0
	1257	0	1532.01	0
	1258	0	1530.56	0
	1259	0	1529.12	0
	1260	0	1527.67	0
	1261	0	1526.23	0
	1262	0	1524.79	0
	1263	0	1523.36	0
	1264	0	1521.92	0
	1265	0	1520.49	0
	1266	0	1519.06	0
	1267	0	1517.64	0
	1268	0	1516.21	0
	1269	0	1514.79	0
	1270	0	1513.38	0
	1271	0	1511.96	0
	1272	0	1510.55	0
	1273	0	1509.14	0
	1274	0	1507.73	0
	1275	0	1506.33	0
	1276	0	1504.93	0
	1277	0	1503.53	0
	1278	0	1502.13	0
	1279	0	1500.74	0
	1280	0	1499.34	0
	1281	0	1497.95	0
	1282	0	1496.57	0
	1283	0	1495.18	0
	1284	0	1493.8	0
	1285	0	1492.42	0
	1286	0	1491.05	0
	1287	0	1489.68	0
	1288	0	1488.3	0
	1289	0	1486.94	0
	1290	0	1485.57	0
	1291	0	1484.21	0
	1292	0	1482.85	0
	1293	0	1481.49	0
	1294	0	1480.13	0
	1295	0	1478.78	0
	1296	0	1477.43	0
	1297	0	1476.08	0
	1298	0	1474.73	0
	1299	0	1473.39	0
	1300	0	1472.05	0
	1301	0	1470.71	0
	1302	0	1469.37	0
	1303	0	1468.04	0
	1304	0	1466.71	0
	1305	0	1465.38	0
	1306	0	1464.05	0
	1307	0	1462.73	0
	1308	0	1461.4	0
	1309	0	1460.08	0
	1310	0	1458.77	0
	1311	0	1457.45	0
	1312	0	1456.14	0
	1313	0	1454.83	0
	1314	0	1453.52	0
	1315	0	1452.22	0
	1316	0	1450.91	0
	1317	0	1449.61	0
	1318	0	1448.31	0
	1319	0	1447.02	0
	1320	0	1445.73	0
	1321	0	1444.43	0
	1322	0	1443.14	0
	1323	0	1441.86	0
	1324	0	1440.57	0
	1325	0	1439.29	0
	1326	0	1438.01	0
	1327	0	1436.73	0
	1328	0	1435.46	0
	1329	0	1434.19	0
	1330	0	1432.91	0
	1331	0	1431.65	0
	1332	0	1430.38	0
	1333	0	1429.12	0
	1334	0	1427.85	0
	1335	0	1426.59	0
	1336	0	1425.34	0
	1337	0	1424.08	0
	1338	0	1422.83	0
	1339	0	1421.58	0
	1340	0	1420.33	0
	1341	0	1419.08	0
	1342	0	1417.84	0
	1343	0	1416.6	0
	1344	0	1415.36	0
	1345	0	1414.12	0
	1346	0	1412.88	0
	1347	0	1411.65	0
	1348	0	1410.42	0
	1349	0	1409.19	0
	1350	0	1407.96	0
	1351	0	1406.74	0
	1352	0	1405.51	0
	1353	0	1404.29	0
	1354	0	1403.08	0
	1355	0	1401.86	0
	1356	0	1400.65	0
	1357	0	1399.43	0
	1358	0	1398.22	0
	1359	0	1397.02	0
	1360	0	1395.81	0
	1361	0	1394.61	0
	1362	0	1393.4	0
	1363	0	1392.2	0
	1364	0	1391.01	0
	1365	0	1389.81	0
	1366	0	1388.62	0
	1367	0	1387.43	0
	1368	0	1386.24	0
	1369	0	1385.05	0
	1370	0	1383.86	0
	1371	0	1382.68	0
	1372	0	1381.5	0
	1373	0	1380.32	0
	1374	0	1379.14	0
	1375	0	1377.97	0
	1376	0	1376.79	0
	1377	0	1375.62	0
	1378	0	1374.45	0
	1379	0	1373.29	0
	1380	0	1372.12	0
	1381	0	1370.96	0
	1382	0	1369.8	0
	1383	0	1368.64	0
	1384	0	1367.48	0
	1385	0	1366.33	0
	1386	0	1365.17	0
	1387	0	1364.02	0
	1388	0	1362.87	0
	1389	0	1361.72	0
	1390	0	1360.58	0
	1391	0	1359.43	0
	1392	0	1358.29	0
	1393	0	1357.15	0
	1394	0	1356.01	0
	1395	0	1354.88	0
	1396	0	1353.74	0
	1397	0	1352.61	0
	1398	0	1351.48	0
	1399	0	1350.35	0
	1400	0	1349.23	0
	1401	0	1348.1	0
	1402	0	1346.98	0
	1403	0	1345.86	0
	1404	0	1344.74	0
	1405	0	1343.62	0
	1406	0	1342.5	0
	1407	0	1341.39	0
	1408	0	1340.28	0
	1409	0	1339.17	0
	1410	0	1338.06	0
	1411	0	1336.95	0
	1412	0	1335.85	0
	1413	0	1334.75	0
	1414	0	1333.65	0
	1415	0	1332.55	0
	1416	0	1331.45	0
	1417	0	1330.36	0
	1418	0	1329.26	0
	1419	0	1328.17	0
	1420	0	1327.08	0
	1421	0	1325.99	0
	1422	0	1324.91	0
	1423	0	1323.82	0
	1424	0	1322.74	0
	1425	0	1321.66	0
	1426	0	1320.58	0
	1427	0	1319.5	0
	1428	0	1318.42	0
	1429	0	1317.35	0
	1430	0	1316.28	0
	1431	0	1315.21	0
	1432	0	1314.14	0
	1433	0	1313.07	0
	1434	0	1312.01	0
	1435	0	1310.94	0
	1436	0	1309.88	0
	1437	0	1308.82	0
	1438	0	1307.76	0
	1439	0	1306.71	0
	1440	0	1305.65	0
	1441	0	1304.6	0
	1442	0	1303.55	0
	1443	0	1302.5	0
	1444	0	1301.45	0
	1445	0	1300.4	0
	1446	0	1299.36	0
	1447	0	1298.31	0
	1448	0	1297.27	0
	1449	0	1296.23	0
	1450	0	1295.19	0
	1451	0	1294.16	0
	1452	0	1293.12	0
	1453	0	1292.09	0
	1454	0	1291.06	0
	1455	0	1290.03	0
	1456	0	1289	0
	1457	0	1287.97	0
	1458	0	1286.95	0
	1459	0	1285.92	0
	1460	0	1284.9	0
	1461	0	1283.88	0
	1462	0	1282.86	0
	1463	0	1281.85	0
	1464	0	1280.83	0
	1465	0	1279.82	0
	1466	0	1278.8	0
	1467	0	1277.79	0
	1468	0	1276.79	0
	1469	0	1275.78	0
	1470	0	1274.77	0
	1471	0	1273.77	0
	1472	0	1272.77	0
	1473	0	1271.76	0
	1474	0	1270.77	0
	1475	0	1269.77	0
	1476	0	1268.77	0
	1477	0	1267.78	0
	1478	0	1266.78	0
	1479	0	1265.79	0
	1480	0	1264.8	0
	1481	0	1263.81	0
	1482	0	1262.83	0
	1483	0	1261.84	0
	1484	0	1260.86	0
	1485	0	1259.87	0
	1486	0	1258.89	0
	1487	0	1257.91	0
	1488	0	1256.94	0
	1489	0	1255.96	0
	1490	0	1254.99	0
	1491	0	1254.01	0
	1492	0	1253.04	0
	1493	0	1252.07	0
	1494	0	1251.1	0
	1495	0	1250.13	0
	1496	0	1249.17	0
	1497	0	1248.2	0
	1498	0	1247.24	0
	1499	0	1246.28	0
	1500	0	1245.32	0
	1501	0	1244.36	0
	1502	0	1243.41	0
	1503	0	1242.45	0
	1504	0	1241.5	0
	1505	0	1240.54	0
	1506	0	1239.59	0
	1507	0	1238.64	0
	1508	0	1237.7	0
	1509	0	1236.75	0
	1510	0	1235.8	0
	1511	0	1234.86	0
	1512	0	1233.92	0
	1513	0	1232.98	0
	1514	0	1232.04	0
	1515	0	1231.1	0
	1516	0	1230.16	0
	1517	0	1229.23	0
	1518	0	1228.29	0
	1519	0	1227.36	0
	1520	0	1226.43	0
	1521	0	1225.5	0
	1522	0	1224.57	0
	1523	0	1223.65	0
	1524	0	1222.72	0
	1525	0	1221.8	0
	1526	0	1220.88	0
	1527	0	1219.95	0
	1528	0	1219.04	0
	1529	0	1218.12	0
	1530	0	1217.2	0
	1531	0	1216.28	0
	1532	0	1215.37	0
	1533	0	1214.46	0
	1534	0	1213.55	0
	1535	0	1212.64	0
	1536	0	1211.73	0
	1537	0	1210.82	0
	1538	0	1209.91	0
	1539	0	1209.01	0
	1540	0	1208.11	0
	1541	0	1207.2	0
	1542	0	1206.3	0
	1543	0	1205.4	0
	1544	0	1204.51	0
	1545	0	1203.61	0
	1546	0	1202.72	0
	1547	0	1201.82	0
	1548	0	1200.93	0
	1549	0	1200.04	0
	1550	0	1199.15	0
	1551	0	1198.26	0
	1552	0	1197.37	0
	1553	0	1196.49	0
	1554	0	1195.6	0
	1555	0	1194.72	0
	1556	0	1193.84	0
	1557	0	1192.96	0
	1558	0	1192.08	0
	1559	0	1191.2	0
	1560	0	1190.32	0
	1561	0	1189.45	0
	1562	0	1188.57	0
	1563	0	1187.7	0
	1564	0	1186.83	0
	1565	0	1185.96	0
	1566	0	1185.09	0
	1567	0	1184.22	0
	1568	0	1183.35	0
	1569	0	1182.49	0
	1570	0	1181.62	0
	1571	0	1180.76	0
	1572	0	1179.9	0
	1573	0	1179.04	0
	1574	0	1178.18	0
	1575	0	1177.32	0
	1576	0	1176.47	0
	1577	0	1175.61	0
	1578	0	1174.76	0
	1579	0	1173.9	0
	1580	0	1173.05	0
	1581	0	1172.2	0
	1582	0	1171.35	0
	1583	0	1170.5	0
	1584	0	1169.66	0
	1585	0	1168.81	0
	1586	0	1167.97	0
	1587	0	1167.12	0
	1588	0	1166.28	0
	1589	0	1165.44	0
	1590	0	1164.6	0
	1591	0	1163.77	0
	1592	0	1162.93	0
	1593	0	1162.09	0
	1594	0	1161.26	0
	1595	0	1160.42	0
	1596	0	1159.59	0
	1597	0	1158.76	0
	1598	0	1157.93	0
	1599	0	1157.1	0
	1600	0	1156.28	0
	1601	0	1155.45	0
	1602	0	1154.62	0
	1603	0	1153.8	0
	1604	0	1152.98	0
	1605	0	1152.16	0
	1606	0	1151.34	0
	1607	0	1150.52	0
	1608	0	1149.7	0
	1609	0	1148.88	0
	1610	0	1148.07	0
	1611	0	1147.25	0
	1612	0	1146.44	0
	1613	0	1145.63	0
	1614	0	1144.82	0
	1615	0	1144.01	0
	1616	0	1143.2	0
	1617	0	1142.39	0
	1618	0	1141.58	0
	1619	0	1140.78	0
	1620	0	1139.97	0
	1621	0	1139.17	0
	1622	0	1138.37	0
	1623	0	1137.57	0
	1624	0	1136.77	0
	1625	0	1135.97	0
	1626	0	1135.17	0
	1627	0	1134.38	0
	1628	0	1133.58	0
	1629	0	1132.79	0
	1630	0	1131.99	0
	1631	0	1131.2	0
	1632	0	1130.41	0
	1633	0	1129.62	0
	1634	0	1128.83	0
	1635	0	1128.05	0
	1636	0	1127.26	0
	1637	0	1126.47	0
	1638	0	1125.69	0
	1639	0	1124.91	0
	1640	0	1124.12	0
	1641	0	1123.34	0
	1642	0	1122.56	0
	1643	0	1121.78	0
	1644	0	1121.01	0
	1645	0	1120.23	0
	1646	0	1119.46	0
	1647	0	1118.68	0
	1648	0	1117.91	0
	1649	0	1117.14	0
	1650	0	1116.36	0
	1651	0	1115.59	0
	1652	0	1114.82	0
	1653	0	1114.06	0
	1654	0	1113.29	0
	1655	0	1112.52	0
	1656	0	1111.76	0
	1657	0	1110.99	0
	1658	0	1110.23	0
	1659	0	1109.47	0
	1660	0	1108.71	0
	1661	0	1107.95	0
	1662	0	1107.19	0
	1663	0	1106.43	0
	1664	0	1105.68	0
	1665	0	1104.92	0
	1666	0	1104.17	0
	1667	0	1103.41	0
	1668	0	1102.66	0
	1669	0	1101.91	0
	1670	0	1101.16	0
	1671	0	1100.41	0
	1672	0	1099.66	0
	1673	0	1098.92	0
	1674	0	1098.17	0
	1675	0	1097.42	0
	1676	0	1096.68	0
	1677	0	1095.94	0
	1678	0	1095.19	0
	1679	0	1094.45	0
	1680	0	1093.71	0
	1681	0	1092.97	0
	1682	0	1092.23	0
	1683	0	1091.5	0
	1684	0	1090.76	0
	1685	0	1090.03	0
	1686	0	1089.29	0
	1687	0	1088.56	0
	1688	0	1087.83	0
	1689	0	1087.09	0
	1690	0	1086.36	0
	1691	0	1085.64	0
	1692	0	1084.91	0
	1693	0	1084.18	0
	1694	0	1083.45	0
	1695	0	1082.73	0
	1696	0	1082	0
	1697	0	1081.28	0
	1698	0	1080.56	0
	1699	0	1079.84	0
	1700	0	1079.12	0
	1701	0	1078.4	0
	1702	0	1077.68	0
	1703	0	1076.96	0
	1704	0	1076.24	0
	1705	0	1075.53	0
	1706	0	1074.81	0
	1707	0	1074.1	0
	1708	0	1073.38	0
	1709	0	1072.67	0
	1710	0	1071.96	0
	1711	0	1071.25	0
	1712	0	1070.54	0
	1713	0	1069.83	0
	1714	0	1069.13	0
	1715	0	1068.42	0
	1716	0	1067.71	0
	1717	0	1067.01	0
	1718	0	1066.31	0
	1719	0	1065.6	0
	1720	0	1064.9	0
	1721	0	1064.2	0
	1722	0	1063.5	0
	1723	0	1062.8	0
	1724	0	1062.1	0
	1725	0	1061.41	0
	1726	0	1060.71	0
	1727	0	1060.02	0
	1728	0	1059.32	0
	1729	0	1058.63	0
	1730	0	1057.94	0
	1731	0	1057.24	0
	1732	0	1056.55	0
	1733	0	1055.86	0
	1734	0	1055.17	0
	1735	0	1054.49	0
	1736	0	1053.8	0
	1737	0	1053.11	0
	1738	0	1052.43	0
	1739	0	1051.74	0
	1740	0	1051.06	0
	1741	0	1050.38	0
	1742	0	1049.69	0
	1743	0	1049.01	0
	1744	0	1048.33	0
	1745	0	1047.65	0
	1746	0	1046.98	0
	1747	0	1046.3	0
	1748	0	1045.62	0
	1749	0	1044.95	0
	1750	0	1044.27	0
	1751	0	1043.6	0
	1752	0	1042.92	0
	1753	0	1042.25	0
	1754	0	1041.58	0
	1755	0	1040.91	0
	1756	0	1040.24	0
	1757	0	1039.57	0
	1758	0	1038.9	0
	1759	0	1038.24	0
	1760	0	1037.57	0
	1761	0	1036.91	0
	1762	0	1036.24	0
	1763	0	1035.58	0
	1764	0	1034.92	0
	1765	0	1034.25	0
	1766	0	1033.59	0
	1767	0	1032.93	0
	1768	0	1032.27	0
	1769	0	1031.61	0
	1770	0	1030.96	0
	1771	0	1030.3	0
	1772	0	1029.64	0
	1773	0	1028.99	0
	1774	0	1028.33	0
	1775	0	1027.68	0
	1776	0	1027.03	0
	1777	0	1026.38	0
	1778	0	1025.73	0
	1779	0	1025.07	0
	1780	0	1024.43	0
	1781	0	1023.78	0
	1782	0	1023.13	0
	1783	0	1022.48	0
	1784	0	1021.84	0
	1785	0	1021.19	0
	1786	0	1020.55	0
	1787	0	1019.9	0
	1788	0	1019.26	0
	1789	0	1018.62	0
	1790	0	1017.98	0
	1791	0	1017.34	0
	1792	0	1016.7	0
	1793	0	1016.06	0
	1794	0	1015.42	0
	1795	0	1014.78	0
	1796	0	1014.15	0
	1797	0	1013.51	0
	1798	0	1012.88	0
	1799	0	1012.24	0
	1800	0	1011.61	0
	1801	0	1010.98	0
	1802	0	1010.34	0
	1803	0	1009.71	0
	1804	0	1009.08	0
	1805	0	1008.45	0
	1806	0	1007.83	0
	1807	0	1007.2	0
	1808	0	1006.57	0
	1809	0	1005.94	0
	1810	0	1005.32	0
	1811	0	1004.69	0
	1812	0	1004.07	0
	1813	0	1003.45	0
	1814	0	1002.83	0
	1815	0	1002.2	0
	1816	0	1001.58	0
	1817	0	1000.96	0
	1818	0	1000.34	0
	1819	0	999.726	0
	1820	0	999.108	0
	1821	0	998.491	0
	1822	0	997.875	0
	1823	0	997.26	0
	1824	0	996.645	0
	1825	0	996.031	0
	1826	0	995.418	0
	1827	0	994.806	0
	1828	0	994.194	0
	1829	0	993.583	0
	1830	0	992.973	0
	1831	0	992.364	0
	1832	0	991.755	0
	1833	0	991.147	0
	1834	0	990.54	0
	1835	0	989.934	0
	1836	0	989.328	0
	1837	0	988.723	0
	1838	0	988.119	0
	1839	0	987.515	0
	1840	0	986.913	0
	1841	0	986.311	0
	1842	0	985.71	0
	1843	0	985.109	0
	1844	0	984.509	0
	1845	0	983.91	0
	1846	0	983.312	0
	1847	0	982.715	0
	1848	0	982.118	0
	1849	0	981.522	0
	1850	0	980.926	0
	1851	0	980.331	0
	1852	0	979.738	0
	1853	0	979.144	0
	1854	0	978.552	0
	1855	0	977.96	0
	1856	0	977.369	0
	1857	0	976.779	0
	1858	0	976.189	0
	1859	0	975.6	0
	1860	0	975.012	0
	1861	0	974.424	0
	1862	0	973.837	0
	1863	0	973.251	0
	1864	0	972.666	0
	1865	0	972.081	0
	1866	0	971.497	0
	1867	0	970.914	0
	1868	0	970.331	0
	1869	0	969.749	0
	1870	0	969.168	0
	1871	0	968.588	0
	1872	0	968.008	0
	1873	0	967.429	0
	1874	0	966.85	0
	1875	0	966.273	0
	1876	0	965.696	0
	1877	0	965.119	0
	1878	0	964.544	0
	1879	0	963.969	0
	1880	0	963.394	0
	1881	0	962.821	0
	1882	0	962.248	0
	1883	0	961.675	0
	1884	0	961.104	0
	1885	0	960.533	0
	1886	0	959.963	0
	1887	0	959.393	0
	1888	0	958.824	0
	1889	0	958.256	0
	1890	0	957.689	0
	1891	0	957.122	0
	1892	0	956.556	0
	1893	0	955.99	0
	1894	0	955.425	0
	1895	0	954.861	0
	1896	0	954.298	0
	1897	0	953.735	0
	1898	0	953.173	0
	1899	0	952.611	0
	1900	0	952.05	0
	1901	0	951.49	0
	1902	0	950.931	0
	1903	0	950.372	0
	1904	0	949.814	0
	1905	0	949.256	0
	1906	0	948.699	0
	1907	0	948.143	0
	1908	0	947.587	0
	1909	0	947.032	0
	1910	0	946.478	0
	1911	0	945.924	0
	1912	0	945.371	0
	1913	0	944.819	0
	1914	0	944.267	0
	1915	0	943.716	0
	1916	0	943.166	0
	1917	0	942.616	0
	1918	0	942.067	0
	1919	0	941.518	0
	1920	0	940.971	0
	1921	0	940.423	0
	1922	0	939.877	0
	1923	0	939.331	0
	1924	0	938.785	0
	1925	0	938.241	0
	1926	0	937.697	0
	1927	0	937.153	0
	1928	0	936.61	0
	1929	0	936.068	0
	1930	0	935.527	0
	1931	0	934.986	0
	1932	0	934.446	0
	1933	0	933.906	0
	1934	0	933.367	0
	1935	0	932.828	0
	1936	0	932.291	0
	1937	0	931.753	0
	1938	0	931.217	0
	1939	0	930.681	0
	1940	0	930.146	0
	1941	0	929.611	0
	1942	0	929.077	0
	1943	0	928.543	0
	1944	0	928.01	0
	1945	0	927.478	0
	1946	0	926.947	0
	1947	0	926.416	0
	1948	0	925.885	0
	1949	0	925.355	0
	1950	0	924.826	0
	1951	0	924.297	0
	1952	0	923.769	0
	1953	0	923.242	0
	1954	0	922.715	0
	1955	0	922.189	0
	1956	0	921.663	0
	1957	0	921.138	0
	1958	0	920.614	0
	1959	0	920.09	0
	1960	0	919.567	0
	1961	0	919.044	0
	1962	0	918.522	0
	1963	0	918.001	0
	1964	0	917.48	0
	1965	0	916.96	0
	1966	0	916.44	0
	1967	0	915.921	0
	1968	0	915.403	0
	1969	0	914.885	0
	1970	0	914.367	0
	1971	0	913.851	0
	1972	0	913.334	0
	1973	0	912.819	0
	1974	0	912.304	0
	1975	0	911.79	0
	1976	0	911.276	0
	1977	0	910.762	0
	1978	0	910.25	0
	1979	0	909.738	0
	1980	0	909.226	0
	1981	0	908.715	0
	1982	0	908.205	0
	1983	0	907.695	0
	1984	0	907.186	0
	1985	0	906.677	0
	1986	0	906.169	0
	1987	0	905.662	0
	1988	0	905.155	0
	1989	0	904.648	0
	1990	0	904.143	0
	1991	0	903.637	0
	1992	0	903.133	0
	1993	0	902.629	0
	1994	0	902.125	0
	1995	0	901.622	0
	1996	0	901.12	0
	1997	0	900.618	0
	1998	0	900.116	0
	1999	0	899.616	0
	2000	0	899.115	0
	2001	0	898.616	0
	2002	0	898.117	0
	2003	0	897.618	0
	2004	0	897.12	0
	2005	0	896.623	0
	2006	0	896.126	0
	2007	0	895.63	0
	2008	0	895.134	0
	2009	0	894.639	0
	2010	0	894.144	0
	2011	0	893.65	0
	2012	0	893.156	0
	2013	0	892.663	0
	2014	0	892.171	0
	2015	0	891.679	0
	2016	0	891.187	0
	2017	0	890.696	0
	2018	0	890.206	0
	2019	0	889.716	0
	2020	0	889.227	0
	2021	0	888.738	0
	2022	0	888.25	0
	2023	0	887.762	0
	2024	0	887.275	0
	2025	0	886.789	0
	2026	0	886.303	0
	2027	0	885.817	0
	2028	0	885.332	0
	2029	0	884.848	0
	2030	0	884.364	0
	2031	0	883.881	0
	2032	0	883.398	0
	2033	0	882.915	0
	2034	0	882.434	0
	2035	0	881.952	0
	2036	0	881.472	0
	2037	0	880.991	0
	2038	0	880.512	0
	2039	0	880.032	0
	2040	0	879.554	0
	2041	0	879.076	0
	2042	0	878.598	0
	2043	0	878.121	0
	2044	0	877.644	0
	2045	0	877.168	0
	2046	0	876.693	0
	2047	0	876.218	0
	2048	0	875.743	0
	2049	0	875.269	0
	2050	0	874.796	0
	2051	0	874.323	0
	2052	0	873.85	0
	2053	0	873.378	0
	2054	0	872.907	0
	2055	0	872.436	0
	2056	0	871.965	0
	2057	0	871.495	0
	2058	0	871.026	0
	2059	0	870.557	0
	2060	0	870.089	0
	2061	0	869.621	0
	2062	0	869.153	0
	2063	0	868.687	0
	2064	0	868.22	0
	2065	0	867.754	0
	2066	0	867.289	0
	2067	0	866.824	0
	2068	0	866.359	0
	2069	0	865.896	0
	2070	0	865.432	0
	2071	0	864.969	0
	2072	0	864.507	0
	2073	0	864.045	0
	2074	0	863.583	0
	2075	0	863.123	0
	2076	0	862.662	0
	2077	0	862.202	0
	2078	0	861.743	0
	2079	0	861.284	0
	2080	0	860.825	0
	2081	0	860.367	0
	2082	0	859.91	0
	2083	0	859.453	0
	2084	0	858.996	0
	2085	0	858.54	0
	2086	0	858.084	0
	2087	0	857.629	0
	2088	0	857.175	0
	2089	0	856.721	0
	2090	0	856.267	0
	2091	0	855.814	0
	2092	0	855.361	0
	2093	0	854.909	0
	2094	0	854.457	0
	2095	0	854.006	0
	2096	0	853.555	0
	2097	0	853.105	0
	2098	0	852.655	0
	2099	0	852.206	0
	2100	0	851.757	0
	2101	0	851.308	0
	2102	0	850.861	0
	2103	0	850.413	0
	2104	0	849.966	0
	2105	0	849.52	0
	2106	0	849.073	0
	2107	0	848.628	0
	2108	0	848.183	0
	2109	0	847.738	0
	2110	0	847.294	0
	2111	0	846.85	0
	2112	0	846.407	0
	2113	0	845.964	0
	2114	0	845.522	0
	2115	0	845.08	0
	2116	0	844.639	0
	2117	0	844.198	0
	2118	0	843.757	0
	2119	0	843.317	0
	2120	0	842.878	0
	2121	0	842.438	0
	2122	0	842	0
	2123	0	841.562	0
	2124	0	841.124	0
	2125	0	840.687	0
	2126	0	840.25	0
	2127	0	839.813	0
	2128	0	839.377	0
	2129	0	838.942	0
	2130	0	838.507	0
	2131	0	838.072	0
	2132	0	837.638	0
	2133	0	837.205	0
	2134	0	836.771	0
	2135	0	836.339	0
	2136	0	835.906	0
	2137	0	835.474	0
	2138	0	835.043	0
	2139	0	834.612	0
	2140	0	834.182	0
	2141	0	833.751	0
	2142	0	833.322	0
	2143	0	832.893	0
	2144	0	832.464	0
	2145	0	832.035	0
	2146	0	831.608	0
	2147	0	831.18	0
	2148	0	830.753	0
	2149	0	830.327	0
	2150	0	829.9	0
	2151	0	829.475	0
	2152	0	829.049	0
	2153	0	828.625	0
	2154	0	828.2	0
	2155	0	827.776	0
	2156	0	827.353	0
	2157	0	826.93	0
	2158	0	826.507	0
	2159	0	826.085	0
	2160	0	825.663	0
	2161	0	825.242	0
	2162	0	824.821	0
	2163	0	824.4	0
	2164	0	823.98	0
	2165	0	823.561	0
	2166	0	823.141	0
	2167	0	822.723	0
	2168	0	822.304	0
	2169	0	821.886	0
	2170	0	821.469	0
	2171	0	821.052	0
	2172	0	820.635	0
	2173	0	820.219	0
	2174	0	819.803	0
	2175	0	819.388	0
	2176	0	818.973	0
	2177	0	818.558	0
	2178	0	818.144	0
	2179	0	817.73	0
	2180	0	817.317	0
	2181	0	816.904	0
	2182	0	816.491	0
	2183	0	816.079	0
	2184	0	815.668	0
	2185	0	815.257	0
	2186	0	814.846	0
	2187	0	814.435	0
	2188	0	814.025	0
	2189	0	813.616	0
	2190	0	813.207	0
	2191	0	812.798	0
	2192	0	812.39	0
	2193	0	811.982	0
	2194	0	811.574	0
	2195	0	811.167	0
	2196	0	810.76	0
	2197	0	810.354	0
	2198	0	809.948	0
	2199	0	809.543	0
	2200	0	809.138	0
	2201	0	808.733	0
	2202	0	808.329	0
	2203	0	807.925	0
	2204	0	807.521	0
	2205	0	807.118	0
	2206	0	806.716	0
	2207	0	806.313	0
	2208	0	805.912	0
	2209	0	805.51	0
	2210	0	805.109	0
	2211	0	804.708	0
	2212	0	804.308	0
	2213	0	803.908	0
	2214	0	803.509	0
	2215	0	803.11	0
	2216	0	802.711	0
	2217	0	802.313	0
	2218	0	801.915	0
	2219	0	801.518	0
	2220	0	801.121	0
	2221	0	800.724	0
	2222	0	800.328	0
	2223	0	799.932	0
	2224	0	799.536	0
	2225	0	799.141	0
	2226	0	798.746	0
	2227	0	798.352	0
	2228	0	797.958	0
	2229	0	797.564	0
	2230	0	797.171	0
	2231	0	796.778	0
	2232	0	796.386	0
	2233	0	795.994	0
	2234	0	795.602	0
	2235	0	795.211	0
	2236	0	794.82	0
	2237	0	794.43	0
	2238	0	794.04	0
	2239	0	793.65	0
	2240	0	793.261	0
	2241	0	792.872	0
	2242	0	792.483	0
	2243	0	792.095	0
	2244	0	791.707	0
	2245	0	791.32	0
	2246	0	790.933	0
	2247	0	790.546	0
	2248	0	790.16	0
	2249	0	789.774	0
	2250	0	789.388	0
	2251	0	789.003	0
	2252	0	788.618	0
	2253	0	788.234	0
	2254	0	787.85	0
	2255	0	787.466	0
	2256	0	787.083	0
	2257	0	786.7	0
	2258	0	786.318	0
	2259	0	785.935	0
	2260	0	785.554	0
	2261	0	785.172	0
	2262	0	784.791	0
	2263	0	784.411	0
	2264	0	784.03	0
	2265	0	783.65	0
	2266	0	783.271	0
	2267	0	782.891	0
	2268	0	782.513	0
	2269	0	782.134	0
	2270	0	781.756	0
	2271	0	781.378	0
	2272	0	781.001	0
	2273	0	780.624	0
	2274	0	780.247	0
	2275	0	779.871	0
	2276	0	779.495	0
	2277	0	779.119	0
	2278	0	778.744	0
	2279	0	778.369	0
	2280	0	777.995	0
	2281	0	777.621	0
	2282	0	777.247	0
	2283	0	776.874	0
	2284	0	776.501	0
	2285	0	776.128	0
	2286	0	775.756	0
	2287	0	775.384	0
	2288	0	775.012	0
	2289	0	774.641	0
	2290	0	774.27	0
	2291	0	773.899	0
	2292	0	773.529	0
	2293	0	773.159	0
	2294	0	772.79	0
	2295	0	772.421	0
	2296	0	772.052	0
	2297	0	771.683	0
	2298	0	771.315	0
	2299	0	770.948	0
	2300	0	770.58	0
	2301	0	770.213	0
	2302	0	769.847	0
	2303	0	769.48	0
	2304	0	769.114	0
	2305	0	768.749	0
	2306	0	768.383	0
	2307	0	768.018	0
	2308	0	767.654	0
	2309	0	767.29	0
	2310	0	766.926	0
	2311	0	766.562	0
	2312	0	766.199	0
	2313	0	765.836	0
	2314	0	765.474	0
	2315	0	765.111	0
	2316	0	764.75	0
	2317	0	764.388	0
	2318	0	764.027	0
	2319	0	763.666	0
	2320	0	763.306	0
	2321	0	762.945	0
	2322	0	762.586	0
	2323	0	762.226	0
	2324	0	761.867	0
	2325	0	761.508	0
	2326	0	761.15	0
	2327	0	760.792	0
	2328	0	760.434	0
	2329	0	760.077	0
	2330	0	759.72	0
	2331	0	759.363	0
	2332	0	759.006	0
	2333	0	758.65	0
	2334	0	758.295	0
	2335	0	757.939	0
	2336	0	757.584	0
	2337	0	757.229	0
	2338	0	756.875	0
	2339	0	756.521	0
	2340	0	756.167	0
	2341	0	755.814	0
	2342	0	755.46	0
	2343	0	755.108	0
	2344	0	754.755	0
	2345	0	754.403	0
	2346	0	754.051	0
	2347	0	753.7	0
	2348	0	753.349	0
	2349	0	752.998	0
	2350	0	752.648	0
	2351	0	752.297	0
	2352	0	751.948	0
	2353	0	751.598	0
	2354	0	751.249	0
	2355	0	750.9	0
	2356	0	750.552	0
	2357	0	750.203	0
	2358	0	749.855	0
	2359	0	749.508	0
	2360	0	749.161	0
	2361	0	748.814	0
	2362	0	748.467	0
	2363	0	748.121	0
	2364	0	747.775	0
	2365	0	747.429	0
	2366	0	747.084	0
	2367	0	746.739	0
	2368	0	746.394	0
	2369	0	746.05	0
	2370	0	745.706	0
	2371	0	745.362	0
	2372	0	745.019	0
	2373	0	744.676	0
	2374	0	744.333	0
	2375	0	743.991	0
	2376	0	743.648	0
	2377	0	743.307	0
	2378	0	742.965	0
	2379	0	742.624	0
	2380	0	742.283	0
	2381	0	741.942	0
	2382	0	741.602	0
	2383	0	741.262	0
	2384	0	740.923	0
	2385	0	740.583	0
	2386	0	740.244	0
	2387	0	739.906	0
	2388	0	739.567	0
	2389	0	739.229	0
	2390	0	738.891	0
	2391	0	738.554	0
	2392	0	738.217	0
	2393	0	737.88	0
	2394	0	737.543	0
	2395	0	737.207	0
	2396	0	736.871	0
	2397	0	736.535	0
	2398	0	736.2	0
	2399	0	735.865	0
	2400	0	735.53	0
	2401	0	735.196	0
	2402	0	734.862	0
	2403	0	734.528	0
	2404	0	734.195	0
	2405	0	733.861	0
	2406	0	733.529	0
	2407	0	733.196	0
	2408	0	732.864	0
	2409	0	732.532	0
	2410	0	732.2	0
	2411	0	731.869	0
	2412	0	731.538	0
	2413	0	731.207	0
	2414	0	730.876	0
	2415	0	730.546	0
	2416	0	730.216	0
	2417	0	729.887	0
	2418	0	729.557	0
	2419	0	729.228	0
	2420	0	728.9	0
	2421	0	728.571	0
	2422	0	728.243	0
	2423	0	727.915	0
	2424	0	727.588	0
	2425	0	727.261	0
	2426	0	726.934	0
	2427	0	726.607	0
	2428	0	726.281	0
	2429	0	725.955	0
	2430	0	725.629	0
	2431	0	725.303	0
	2432	0	724.978	0
	2433	0	724.653	0
	2434	0	724.329	0
	2435	0	724.004	0
	2436	0	723.68	0
	2437	0	723.357	0
	2438	0	723.033	0
	2439	0	722.71	0
	2440	0	722.387	0
	2441	0	722.065	0
	2442	0	721.742	0
	2443	0	721.421	0
	2444	0	721.099	0
	2445	0	720.777	0
	2446	0	720.456	0
	2447	0	720.135	0
	2448	0	719.815	0
	2449	0	719.495	0
	2450	0	719.175	0
	2451	0	718.855	0
	2452	0	718.536	0
	2453	0	718.216	0
	2454	0	717.898	0
	2455	0	717.579	0
	2456	0	717.261	0
	2457	0	716.943	0
	2458	0	716.625	0
	2459	0	716.308	0
	2460	0	715.99	0
	2461	0	715.673	0
	2462	0	715.357	0
	2463	0	715.041	0
	2464	0	714.725	0
	2465	0	714.409	0
	2466	0	714.093	0
	2467	0	713.778	0
	2468	0	713.463	0
	2469	0	713.149	0
	2470	0	712.834	0
	2471	0	712.52	0
	2472	0	712.206	0
	2473	0	711.893	0
	2474	0	711.579	0
	2475	0	711.266	0
	2476	0	710.954	0
	2477	0	710.641	0
	2478	0	710.329	0
	2479	0	710.017	0
	2480	0	709.706	0
	2481	0	709.394	0
	2482	0	709.083	0
	2483	0	708.772	0
	2484	0	708.462	0
	2485	0	708.152	0
	2486	0	707.842	0
	2487	0	707.532	0
	2488	0	707.223	0
	2489	0	706.913	0
	2490	0	706.605	0
	2491	0	706.296	0
	2492	0	705.988	0
	2493	0	705.679	0
	2494	0	705.372	0
	2495	0	705.064	0
	2496	0	704.757	0
	2497	0	704.45	0
	2498	0	704.143	0
	2499	0	703.837	0
	2500	0	703.53	0
	2501	0	703.224	0
	2502	0	702.919	0
	2503	0	702.613	0
	2504	0	702.308	0
	2505	0	702.003	0
	2506	0	701.699	0
	2507	0	701.394	0
	2508	0	701.09	0
	2509	0	700.786	0
	2510	0	700.483	0
	2511	0	700.18	0
	2512	0	699.877	0
	2513	0	699.574	0
	2514	0	699.271	0
	2515	0	698.969	0
	2516	0	698.667	0
	2517	0	698.365	0
	2518	0	698.064	0
	2519	0	697.763	0
	2520	0	697.462	0
	2521	0	697.161	0
	2522	0	696.86	0
	2523	0	696.56	0
	2524	0	696.26	0
	2525	0	695.961	0
	2526	0	695.661	0
	2527	0	695.362	0
	2528	0	695.063	0
	2529	0	694.765	0
	2530	0	694.466	0
	2531	0	694.168	0
	2532	0	693.87	0
	2533	0	693.573	0
	2534	0	693.275	0
	2535	0	692.978	0
	2536	0	692.681	0
	2537	0	692.385	0
	2538	0	692.089	0
	2539	0	691.792	0
	2540	0	691.497	0
	2541	0	691.201	0
	2542	0	690.906	0
	2543	0	690.611	0
	2544	0	690.316	0
	2545	0	690.021	0
	2546	0	689.727	0
	2547	0	689.433	0
	2548	0	689.139	0
	2549	0	688.846	0
	2550	0	688.552	0
	2551	0	688.259	0
	2552	0	687.966	0
	2553	0	687.674	0
	2554	0	687.382	0
	2555	0	687.089	0
	2556	0	686.798	0
	2557	0	686.506	0
	2558	0	686.215	0
	2559	0	685.924	0
	2560	0	685.633	0
	2561	0	685.342	0
	2562	0	685.052	0
	2563	0	684.762	0
	2564	0	684.472	0
	2565	0	684.182	0
	2566	0	683.893	0
	2567	0	683.604	0
	2568	0	683.315	0
	2569	0	683.026	0
	2570	0	682.738	0
	2571	0	682.45	0
	2572	0	682.162	0
	2573	0	681.874	0
	2574	0	681.587	0
	2575	0	681.3	0
	2576	0	681.013	0
	2577	0	680.726	0
	2578	0	680.44	0
	2579	0	680.154	0
	2580	0	679.868	0
	2581	0	679.582	0
	2582	0	679.296	0
	2583	0	679.011	0
	2584	0	678.726	0
	2585	0	678.441	0
	2586	0	678.157	0
	2587	0	677.873	0
	2588	0	677.589	0
	2589	0	677.305	0
	2590	0	677.021	0
	2591	0	676.738	0
	2592	0	676.455	0
	2593	0	676.172	0
	2594	0	675.889	0
	2595	0	675.607	0
	2596	0	675.325	0
	2597	0	675.043	0
	2598	0	674.761	0
	2599	0	674.48	0
	2600	0	674.199	0
	2601	0	673.918	0
	2602	0	673.637	0
	2603	0	673.356	0
	2604	0	673.076	0
	2605	0	672.796	0
	2606	0	672.516	0
	2607	0	672.237	0
	2608	0	671.957	0
	2609	0	671.678	0
	2610	0	671.399	0
	2611	0	671.121	0
	2612	0	670.842	0
	2613	0	670.564	0
	2614	0	670.286	0
	2615	0	670.008	0
	2616	0	669.731	0
	2617	0	669.454	0
	2618	0	669.177	0
	2619	0	668.9	0
	2620	0	668.623	0
	2621	0	668.347	0
	2622	0	668.071	0
	2623	0	667.795	0
	2624	0	667.519	0
	2625	0	667.244	0
	2626	0	666.969	0
	2627	0	666.694	0
	2628	0	666.419	0
	2629	0	666.144	0
	2630	0	665.87	0
	2631	0	665.596	0
	2632	0	665.322	0
	2633	0	665.049	0
	2634	0	664.775	0
	2635	0	664.502	0
	2636	0	664.229	0
	2637	0	663.956	0
	2638	0	663.684	0
	2639	0	663.412	0
	2640	0	663.14	0
	2641	0	662.868	0
	2642	0	662.596	0
	2643	0	662.325	0
	2644	0	662.054	0
	2645	0	661.783	0
	2646	0	661.512	0
	2647	0	661.241	0
	2648	0	660.971	0
	2649	0	660.701	0
	2650	0	660.431	0
	2651	0	660.162	0
	2652	0	659.892	0
	2653	0	659.623	0
	2654	0	659.354	0
	2655	0	659.085	0
	2656	0	658.817	0
	2657	0	658.548	0
	2658	0	658.28	0
	2659	0	658.013	0
	2660	0	657.745	0
	2661	0	657.477	0
	2662	0	657.21	0
	2663	0	656.943	0
	2664	0	656.677	0
	2665	0	656.41	0
	2666	0	656.144	0
	2667	0	655.877	0
	2668	0	655.612	0
	2669	0	655.346	0
	2670	0	655.08	0
	2671	0	654.815	0
	2672	0	654.55	0
	2673	0	654.285	0
	2674	0	654.021	0
	2675	0	653.756	0
	2676	0	653.492	0
	2677	0	653.228	0
	2678	0	652.964	0
	2679	0	652.701	0
	2680	0	652.437	0
	2681	0	652.174	0
	2682	0	651.911	0
	2683	0	651.649	0
	2684	0	651.386	0
	2685	0	651.124	0
	2686	0	650.862	0
	2687	0	650.6	0
	2688	0	650.338	0
	2689	0	650.077	0
	2690	0	649.816	0
	2691	0	649.555	0
	2692	0	649.294	0
	2693	0	649.033	0
	2694	0	648.773	0
	2695	0	648.513	0
	2696	0	648.253	0
	2697	0	647.993	0
	2698	0	647.733	0
	2699	0	647.474	0
	2700	0	647.215	0
	2701	0	646.956	0
	2702	0	646.697	0
	2703	0	646.439	0
	2704	0	646.18	0
	2705	0	645.922	0
	2706	0	645.664	0
	2707	0	645.407	0
	2708	0	645.149	0
	2709	0	644.892	0
	2710	0	644.635	0
	2711	0	644.378	0
	2712	0	644.121	0
	2713	0	643.865	0
	2714	0	643.608	0
	2715	0	643.352	0
	2716	0	643.097	0
	2717	0	642.841	0
	2718	0	642.585	0
	2719	0	642.33	0
	2720	0	642.075	0
	2721	0	641.82	0
	2722	0	641.566	0
	2723	0	641.311	0
	2724	0	641.057	0
	2725	0	640.803	0
	2726	0	640.549	0
	2727	0	640.296	0
	2728	0	640.042	0
	2729	0	639.789	0
	2730	0	639.536	0
	2731	0	639.283	0
	2732	0	639.03	0
	2733	0	638.778	0
	2734	0	638.526	0
	2735	0	638.274	0
	2736	0	638.022	0
	2737	0	637.77	0
	2738	0	637.519	0
	2739	0	637.268	0
	2740	0	637.017	0
	2741	0	636.766	0
	2742	0	636.515	0
	2743	0	636.265	0
	2744	0	636.014	0
	2745	0	635.764	0
	2746	0	635.514	0
	2747	0	635.265	0
	2748	0	635.015	0
	2749	0	634.766	0
	2750	0	634.517	0
	2751	0	634.268	0
	2752	0	634.019	0
	2753	0	633.771	0
	2754	0	633.523	0
	2755	0	633.275	0
	2756	0	633.027	0
	2757	0	632.779	0
	2758	0	632.531	0
	2759	0	632.284	0
	2760	0	632.037	0
	2761	0	631.79	0
	2762	0	631.543	0
	2763	0	631.297	0
	2764	0	631.05	0
	2765	0	630.804	0
	2766	0	630.558	0
	2767	0	630.312	0
	2768	0	630.067	0
	2769	0	629.821	0
	2770	0	629.576	0
	2771	0	629.331	0
	2772	0	629.086	0
	2773	0	628.842	0
	2774	0	628.597	0
	2775	0	628.353	0
	2776	0	628.109	0
	2777	0	627.865	0
	2778	0	627.621	0
	2779	0	627.378	0
	2780	0	627.135	0
	2781	0	626.892	0
	2782	0	626.649	0
	2783	0	626.406	0
	2784	0	626.163	0
	2785	0	625.921	0
	2786	0	625.679	0
	2787	0	625.437	0
	2788	0	625.195	0
	2789	0	624.953	0
	2790	0	624.712	0
	2791	0	624.471	0
	2792	0	624.23	0
	2793	0	623.989	0
	2794	0	623.748	0
	2795	0	623.508	0
	2796	0	623.267	0
	2797	0	623.027	0
	2798	0	622.787	0
	2799	0	622.547	0
	2800	0	622.308	0
	2801	0	622.068	0
	2802	0	621.829	0
	2803	0	621.59	0
	2804	0	621.351	0
	2805	0	621.113	0
	2806	0	620.874	0
	2807	0	620.636	0
	2808	0	620.398	0
	2809	0	620.16	0
	2810	0	619.922	0
	2811	0	619.685	0
	2812	0	619.447	0
	2813	0	619.21	0
	2814	0	618.973	0
	2815	0	618.736	0
	2816	0	618.5	0
	2817	0	618.263	0
	2818	0	618.027	0
	2819	0	617.791	0
	2820	0	617.555	0
	2821	0	617.319	0
	2822	0	617.083	0
	2823	0	616.848	0
	2824	0	616.613	0
	2825	0	616.378	0
	2826	0	616.143	0
	2827	0	615.908	0
	2828	0	615.674	0
	2829	0	615.439	0
	2830	0	615.205	0
	2831	0	614.971	0
	2832	0	614.738	0
	2833	0	614.504	0
	2834	0	614.27	0
	2835	0	614.037	0
	2836	0	613.804	0
	2837	0	613.571	0
	2838	0	613.339	0
	2839	0	613.106	0
	2840	0	612.874	0
	2841	0	612.641	0
	2842	0	612.409	0
	2843	0	612.178	0
	2844	0	611.946	0
	2845	0	611.714	0
	2846	0	611.483	0
	2847	0	611.252	0
	2848	0	611.021	0
	2849	0	610.79	0
	2850	0	610.56	0
	2851	0	610.329	0
	2852	0	610.099	0
	2853	0	609.869	0
	2854	0	609.639	0
	2855	0	609.409	0
	2856	0	609.18	0
	2857	0	608.95	0
	2858	0	608.721	0
	2859	0	608.492	0
	2860	0	608.263	0
	2861	0	608.034	0
	2862	0	607.806	0
	2863	0	607.577	0
	2864	0	607.349	0
	2865	0	607.121	0
	2866	0	606.893	0
	2867	0	606.666	0
	2868	0	606.438	0
	2869	0	606.211	0
	2870	0	605.984	0
	2871	0	605.757	0
	2872	0	605.53	0
	2873	0	605.303	0
	2874	0	605.077	0
	2875	0	604.85	0
	2876	0	604.624	0
	2877	0	604.398	0
	2878	0	604.172	0
	2879	0	603.947	0
	2880	0	603.721	0
	2881	0	603.496	0
	2882	0	603.271	0
	2883	0	603.046	0
	2884	0	602.821	0
	2885	0	602.596	0
	2886	0	602.372	0
	2887	0	602.148	0
	2888	0	601.923	0
	2889	0	601.7	0
	2890	0	601.476	0
	2891	0	601.252	0
	2892	0	601.029	0
	2893	0	600.805	0
	2894	0	600.582	0
	2895	0	600.359	0
	2896	0	600.136	0
	2897	0	599.914	0
	2898	0	599.691	0
	2899	0	599.469	0
	2900	0	599.247	0
	2901	0	599.025	0
	2902	0	598.803	0
	2903	0	598.581	0
	2904	0	598.36	0
	2905	0	598.139	0
	2906	0	597.917	0
	2907	0	597.696	0
	2908	0	597.476	0
	2909	0	597.255	0
	2910	0	597.034	0
	2911	0	596.814	0
	2912	0	596.594	0
	2913	0	596.374	0
	2914	0	596.154	0
	2915	0	595.934	0
	2916	0	595.715	0
	2917	0	595.495	0
	2918	0	595.276	0
	2919	0	595.057	0
	2920	0	594.838	0
	2921	0	594.619	0
	2922	0	594.401	0
	2923	0	594.182	0
	2924	0	593.964	0
	2925	0	593.746	0
	2926	0	593.528	0
	2927	0	593.31	0
	2928	0	593.093	0
	2929	0	592.875	0
	2930	0	592.658	0
	2931	0	592.441	0
	2932	0	592.224	0
	2933	0	592.007	0
	2934	0	591.791	0
	2935	0	591.574	0
	2936	0	591.358	0
	2937	0	591.142	0
	2938	0	590.926	0
	2939	0	590.71	0
	2940	0	590.494	0
	2941	0	590.278	0
	2942	0	590.063	0
	2943	0	589.848	0
	2944	0	589.633	0
	2945	0	589.418	0
	2946	0	589.203	0
	2947	0	588.988	0
	2948	0	588.774	0
	2949	0	588.56	0
	2950	0	588.346	0
	2951	0	588.132	0
	2952	0	587.918	0
	2953	0	587.704	0
	2954	0	587.491	0
	2955	0	587.277	0
	2956	0	587.064	0
	2957	0	586.851	0
	2958	0	586.638	0
	2959	0	586.425	0
	2960	0	586.213	0
	2961	0	586	0
	2962	0	585.788	0
	2963	0	585.576	0
	2964	0	585.364	0
	2965	0	585.152	0
	2966	0	584.94	0
	2967	0	584.729	0
	2968	0	584.518	0
	2969	0	584.306	0
	2970	0	584.095	0
	2971	0	583.884	0
	2972	0	583.674	0
	2973	0	583.463	0
	2974	0	583.253	0
	2975	0	583.042	0
	2976	0	582.832	0
	2977	0	582.622	0
	2978	0	582.412	0
	2979	0	582.203	0
	2980	0	581.993	0
	2981	0	581.784	0
	2982	0	581.575	0
	2983	0	581.365	0
	2984	0	581.157	0
	2985	0	580.948	0
	2986	0	580.739	0
	2987	0	580.531	0
	2988	0	580.322	0
	2989	0	580.114	0
	2990	0	579.906	0
	2991	0	579.698	0
	2992	0	579.49	0
	2993	0	579.283	0
	2994	0	579.075	0
	2995	0	578.868	0
	2996	0	578.661	0
	2997	0	578.454	0
	2998	0	578.247	0
	2999	0	578.04	0
	3000	0	577.834	0
	3001	0	577.627	0
	3002	0	577.421	0
	3003	0	577.215	0
	3004	0	577.009	0
	3005	0	576.803	0
	3006	0	576.598	0
	3007	0	576.392	0
	3008	0	576.187	0
	3009	0	575.982	0
	3010	0	575.776	0
	3011	0	575.572	0
	3012	0	575.367	0
	3013	0	575.162	0
	3014	0	574.958	0
	3015	0	574.753	0
	3016	0	574.549	0
	3017	0	574.345	0
	3018	0	574.141	0
	3019	0	573.937	0
	3020	0	573.734	0
	3021	0	573.53	0
	3022	0	573.327	0
	3023	0	573.124	0
	3024	0	572.921	0
	3025	0	572.718	0
	3026	0	572.515	0
	3027	0	572.312	0
	3028	0	572.11	0
	3029	0	571.907	0
	3030	0	571.705	0
	3031	0	571.503	0
	3032	0	571.301	0
	3033	0	571.1	0
	3034	0	570.898	0
	3035	0	570.696	0
	3036	0	570.495	0
	3037	0	570.294	0
	3038	0	570.093	0
	3039	0	569.892	0
	3040	0	569.691	0
	3041	0	569.491	0
	3042	0	569.29	0
	3043	0	569.09	0
	3044	0	568.889	0
	3045	0	568.689	0
	3046	0	568.489	0
	3047	0	568.29	0
	3048	0	568.09	0
	3049	0	567.891	0
	3050	0	567.691	0
	3051	0	567.492	0
	3052	0	567.293	0
	3053	0	567.094	0
	3054	0	566.895	0
	3055	0	566.696	0
	3056	0	566.498	0
	3057	0	566.3	0
	3058	0	566.101	0
	3059	0	565.903	0
	3060	0	565.705	0
	3061	0	565.507	0
	3062	0	565.31	0
	3063	0	565.112	0
	3064	0	564.915	0
	3065	0	564.717	0
	3066	0	564.52	0
	3067	0	564.323	0
	3068	0	564.126	0
	3069	0	563.93	0
	3070	0	563.733	0
	3071	0	563.537	0
	3072	0	563.34	0
	3073	0	563.144	0
	3074	0	562.948	0
	3075	0	562.752	0
	3076	0	562.556	0
	3077	0	562.361	0
	3078	0	562.165	0
	3079	0	561.97	0
	3080	0	561.775	0
	3081	0	561.58	0
	3082	0	561.385	0
	3083	0	561.19	0
	3084	0	560.995	0
	3085	0	560.801	0
	3086	0	560.606	0
	3087	0	560.412	0
	3088	0	560.218	0
	3089	0	560.024	0
	3090	0	559.83	0
	3091	0	559.636	0
	3092	0	559.443	0
	3093	0	559.249	0
	3094	0	559.056	0
	3095	0	558.862	0
	3096	0	558.669	0
	3097	0	558.476	0
	3098	0	558.284	0
	3099	0	558.091	0
	3100	0	557.898	0
	3101	0	557.706	0
	3102	0	557.514	0
	3103	0	557.322	0
	3104	0	557.13	0
	3105	0	556.938	0
	3106	0	556.746	0
	3107	0	556.554	0
	3108	0	556.363	0
	3109	0	556.172	0
	3110	0	555.98	0
	3111	0	555.789	0
	3112	0	555.598	0
	3113	0	555.407	0
	3114	0	555.217	0
	3115	0	555.026	0
	3116	0	554.836	0
	3117	0	554.645	0
	3118	0	554.455	0
	3119	0	554.265	0
	3120	0	554.075	0
	3121	0	553.886	0
	3122	0	553.696	0
	3123	0	553.506	0
	3124	0	553.317	0
	3125	0	553.128	0
	3126	0	552.939	0
	3127	0	552.75	0
	3128	0	552.561	0
	3129	0	552.372	0
	3130	0	552.183	0
	3131	0	551.995	0
	3132	0	551.806	0
	3133	0	551.618	0
	3134	0	551.43	0
	3135	0	551.242	0
	3136	0	551.054	0
	3137	0	550.867	0
	3138	0	550.679	0
	3139	0	550.492	0
	3140	0	550.304	0
	3141	0	550.117	0
	3142	0	549.93	0
	3143	0	549.743	0
	3144	0	549.556	0
	3145	0	549.369	0
	3146	0	549.183	0
	3147	0	548.996	0
	3148	0	548.81	0
	3149	0	548.624	0
	3150	0	548.438	0
	3151	0	548.252	0
	3152	0	548.066	0
	3153	0	547.88	0
	3154	0	547.695	0
	3155	0	547.509	0
	3156	0	547.324	0
	3157	0	547.139	0
	3158	0	546.954	0
	3159	0	546.769	0
	3160	0	546.584	0
	3161	0	546.399	0
	3162	0	546.215	0
	3163	0	546.03	0
	3164	0	545.846	0
	3165	0	545.662	0
	3166	0	545.478	0
	3167	0	545.294	0
	3168	0	545.11	0
	3169	0	544.926	0
	3170	0	544.743	0
	3171	0	544.559	0
	3172	0	544.376	0
	3173	0	544.193	0
	3174	0	544.01	0
	3175	0	543.827	0
	3176	0	543.644	0
	3177	0	543.461	0
	3178	0	543.279	0
	3179	0	543.096	0
	3180	0	542.914	0
	3181	0	542.732	0
	3182	0	542.55	0
	3183	0	542.368	0
	3184	0	542.186	0
	3185	0	542.004	0
	3186	0	541.822	0
	3187	0	541.641	0
	3188	0	541.46	0
	3189	0	541.278	0
	3190	0	541.097	0
	3191	0	540.916	0
	3192	0	540.735	0
	3193	0	540.555	0
	3194	0	540.374	0
	3195	0	540.193	0
	3196	0	540.013	0
	3197	0	539.833	0
	3198	0	539.653	0
	3199	0	539.473	0
	3200	0	539.293	0
	3201	0	539.113	0
	3202	0	538.933	0
	3203	0	538.754	0
	3204	0	538.574	0
	3205	0	538.395	0
	3206	0	538.216	0
	3207	0	538.037	0
	3208	0	537.858	0
	3209	0	537.679	0
	3210	0	537.5	0
	3211	0	537.322	0
	3212	0	537.143	0
	3213	0	536.965	0
	3214	0	536.786	0
	3215	0	536.608	0
	3216	0	536.43	0
	3217	0	536.252	0
	3218	0	536.075	0
	3219	0	535.897	0
	3220	0	535.719	0
	3221	0	535.542	0
	3222	0	535.365	0
	3223	0	535.188	0
	3224	0	535.011	0
	3225	0	534.834	0
	3226	0	534.657	0
	3227	0	534.48	0
	3228	0	534.303	0
	3229	0	534.127	0
	3230	0	533.951	0
	3231	0	533.774	0
	3232	0	533.598	0
	3233	0	533.422	0
	3234	0	533.246	0
	3235	0	533.071	0
	3236	0	532.895	0
	3237	0	532.719	0
	3238	0	532.544	0
	3239	0	532.369	0
	3240	0	532.193	0
	3241	0	532.018	0
	3242	0	531.843	0
	3243	0	531.668	0
	3244	0	531.494	0
	3245	0	531.319	0
	3246	0	531.144	0
	3247	0	530.97	0
	3248	0	530.796	0
	3249	0	530.622	0
	3250	0	530.448	0
	3251	0	530.274	0
	3252	0	530.1	0
	3253	0	529.926	0
	3254	0	529.752	0
	3255	0	529.579	0
	3256	0	529.406	0
	3257	0	529.232	0
	3258	0	529.059	0
	3259	0	528.886	0
	3260	0	528.713	0
	3261	0	528.54	0
	3262	0	528.368	0
	3263	0	528.195	0
	3264	0	528.023	0
	3265	0	527.85	0
	3266	0	527.678	0
	3267	0	527.506	0
	3268	0	527.334	0
	3269	0	527.162	0
	3270	0	526.99	0
	3271	0	526.819	0
	3272	0	526.647	0
	3273	0	526.476	0
	3274	0	526.304	0
	3275	0	526.133	0
	3276	0	525.962	0
	3277	0	525.791	0
	3278	0	525.62	0
	3279	0	525.449	0
	3280	0	525.278	0
	3281	0	525.108	0
	3282	0	524.937	0
	3283	0	524.767	0
	3284	0	524.597	0
	3285	0	524.427	0
	3286	0	524.257	0
	3287	0	524.087	0
	3288	0	523.917	0
	3289	0	523.747	0
	3290	0	523.578	0
	3291	0	523.408	0
	3292	0	523.239	0
	3293	0	523.07	0
	3294	0	522.9	0
	3295	0	522.731	0
	3296	0	522.563	0
	3297	0	522.394	0
	3298	0	522.225	0
	3299	0	522.056	0
	3300	0	521.888	0
	3301	0	521.72	0
	3302	0	521.551	0
	3303	0	521.383	0
	3304	0	521.215	0
	3305	0	521.047	0
	3306	0	520.879	0
	3307	0	520.712	0
	3308	0	520.544	0
	3309	0	520.376	0
	3310	0	520.209	0
	3311	0	520.042	0
	3312	0	519.875	0
	3313	0	519.707	0
	3314	0	519.54	0
	3315	0	519.374	0
	3316	0	519.207	0
	3317	0	519.04	0
	3318	0	518.874	0
	3319	0	518.707	0
	3320	0	518.541	0
	3321	0	518.375	0
	3322	0	518.209	0
	3323	0	518.043	0
	3324	0	517.877	0
	3325	0	517.711	0
	3326	0	517.545	0
	3327	0	517.38	0
	3328	0	517.214	0
	3329	0	517.049	0
	3330	0	516.883	0
	3331	0	516.718	0
	3332	0	516.553	0
	3333	0	516.388	0
	3334	0	516.223	0
	3335	0	516.059	0
	3336	0	515.894	0
	3337	0	515.73	0
	3338	0	515.565	0
	3339	0	515.401	0
	3340	0	515.237	0
	3341	0	515.072	0
	3342	0	514.908	0
	3343	0	514.745	0
	3344	0	514.581	0
	3345	0	514.417	0
	3346	0	514.253	0
	3347	0	514.09	0
	3348	0	513.927	0
	3349	0	513.763	0
	3350	0	513.6	0
	3351	0	513.437	0
	3352	0	513.274	0
	3353	0	513.111	0
	3354	0	512.948	0
	3355	0	512.786	0
	3356	0	512.623	0
	3357	0	512.461	0
	3358	0	512.298	0
	3359	0	512.136	0
	3360	0	511.974	0
	3361	0	511.812	0
	3362	0	511.65	0
	3363	0	511.488	0
	3364	0	511.326	0
	3365	0	511.165	0
	3366	0	511.003	0
	3367	0	510.842	0
	3368	0	510.681	0
	3369	0	510.519	0
	3370	0	510.358	0
	3371	0	510.197	0
	3372	0	510.036	0
	3373	0	509.875	0
	3374	0	509.715	0
	3375	0	509.554	0
	3376	0	509.394	0
	3377	0	509.233	0
	3378	0	509.073	0
	3379	0	508.913	0
	3380	0	508.753	0
	3381	0	508.593	0
	3382	0	508.433	0
	3383	0	508.273	0
	3384	0	508.113	0
	3385	0	507.954	0
	3386	0	507.794	0
	3387	0	507.635	0
	3388	0	507.475	0
	3389	0	507.316	0
	3390	0	507.157	0
	3391	0	506.998	0
	3392	0	506.839	0
	3393	0	506.68	0
	3394	0	506.522	0
	3395	0	506.363	0
	3396	0	506.204	0
	3397	0	506.046	0
	3398	0	505.888	0
	3399	0	505.73	0
	3400	0	505.571	0
	3401	0	505.413	0
	3402	0	505.255	0
	3403	0	505.098	0
	3404	0	504.94	0
	3405	0	504.782	0
	3406	0	504.625	0
	3407	0	504.467	0
	3408	0	504.31	0
	3409	0	504.153	0
	3410	0	503.996	0
	3411	0	503.839	0
	3412	0	503.682	0
	3413	0	503.525	0
	3414	0	503.368	0
	3415	0	503.212	0
	3416	0	503.055	0
	3417	0	502.899	0
	3418	0	502.742	0
	3419	0	502.586	0
	3420	0	502.43	0
	3421	0	502.274	0
	3422	0	502.118	0
	3423	0	501.962	0
	3424	0	501.806	0
	3425	0	501.65	0
	3426	0	501.495	0
	3427	0	501.339	0
	3428	0	501.184	0
	3429	0	501.029	0
	3430	0	500.874	0
	3431	0	500.718	0
	3432	0	500.563	0
	3433	0	500.409	0
	3434	0	500.254	0
	3435	0	500.099	0
	3436	0	499.944	0
	3437	0	499.79	0
	3438	0	499.636	0
	3439	0	499.481	0
	3440	0	499.327	0
	3441	0	499.173	0
	3442	0	499.019	0
	3443	0	498.865	0
	3444	0	498.711	0
	3445	0	498.557	0
	3446	0	498.404	0
	3447	0	498.25	0
	3448	0	498.097	0
	3449	0	497.943	0
	3450	0	497.79	0
	3451	0	497.637	0
	3452	0	497.484	0
	3453	0	497.331	0
	3454	0	497.178	0
	3455	0	497.025	0
	3456	0	496.872	0
	3457	0	496.72	0
	3458	0	496.567	0
	3459	0	496.415	0
	3460	0	496.262	0
	3461	0	496.11	0
	3462	0	495.958	0
	3463	0	495.806	0
	3464	0	495.654	0
	3465	0	495.502	0
	3466	0	495.35	0
	3467	0	495.198	0
	3468	0	495.047	0
	3469	0	494.895	0
	3470	0	494.744	0
	3471	0	494.593	0
	3472	0	494.441	0
	3473	0	494.29	0
	3474	0	494.139	0
	3475	0	493.988	0
	3476	0	493.837	0
	3477	0	493.687	0
	3478	0	493.536	0
	3479	0	493.385	0
	3480	0	493.235	0
	3481	0	493.084	0
	3482	0	492.934	0
	3483	0	492.784	0
	3484	0	492.634	0
	3485	0	492.484	0
	3486	0	492.334	0
	3487	0	492.184	0
	3488	0	492.034	0
	3489	0	491.885	0
	3490	0	491.735	0
	3491	0	491.586	0
	3492	0	491.436	0
	3493	0	491.287	0
	3494	0	491.138	0
	3495	0	490.988	0
	3496	0	490.839	0
	3497	0	490.691	0
	3498	0	490.542	0
	3499	0	490.393	0
	3500	0	490.244	0
	3501	0	490.096	0
	3502	0	489.947	0
	3503	0	489.799	0
	3504	0	489.65	0
	3505	0	489.502	0
	3506	0	489.354	0
	3507	0	489.206	0
	3508	0	489.058	0
	3509	0	488.91	0
	3510	0	488.762	0
	3511	0	488.615	0
	3512	0	488.467	0
	3513	0	488.32	0
	3514	0	488.172	0
	3515	0	488.025	0
	3516	0	487.878	0
	3517	0	487.731	0
	3518	0	487.583	0
	3519	0	487.437	0
	3520	0	487.29	0
	3521	0	487.143	0
	3522	0	486.996	0
	3523	0	486.85	0
	3524	0	486.703	0
	3525	0	486.557	0
	3526	0	486.41	0
	3527	0	486.264	0
	3528	0	486.118	0
	3529	0	485.972	0
	3530	0	485.826	0
	3531	0	485.68	0
	3532	0	485.534	0
	3533	0	485.388	0
	3534	0	485.243	0
	3535	0	485.097	0
	3536	0	484.951	0
	3537	0	484.806	0
	3538	0	484.661	0
	3539	0	484.516	0
	3540	0	484.37	0
	3541	0	484.225	0
	3542	0	484.08	0
	3543	0	483.936	0
	3544	0	483.791	0
	3545	0	483.646	0
	3546	0	483.501	0
	3547	0	483.357	0
	3548	0	483.213	0
	3549	0	483.068	0
	3550	0	482.924	0
	3551	0	482.78	0
	3552	0	482.636	0
	3553	0	482.492	0
	3554	0	482.348	0
	3555	0	482.204	0
	3556	0	482.06	0
	3557	0	481.916	0
	3558	0	481.773	0
	3559	0	481.629	0
	3560	0	481.486	0
	3561	0	481.343	0
	3562	0	481.199	0
	3563	0	481.056	0
	3564	0	480.913	0
	3565	0	480.77	0
	3566	0	480.627	0
	3567	0	480.485	0
	3568	0	480.342	0
	3569	0	480.199	0
	3570	0	480.057	0
	3571	0	479.914	0
	3572	0	479.772	0
	3573	0	479.63	0
	3574	0	479.487	0
	3575	0	479.345	0
	3576	0	479.203	0
	3577	0	479.061	0
	3578	0	478.919	0
	3579	0	478.777	0
	3580	0	478.636	0
	3581	0	478.494	0
	3582	0	478.353	0
	3583	0	478.211	0
	3584	0	478.07	0
	3585	0	477.928	0
	3586	0	477.787	0
	3587	0	477.646	0
	3588	0	477.505	0
	3589	0	477.364	0
	3590	0	477.223	0
	3591	0	477.082	0
	3592	0	476.942	0
	3593	0	476.801	0
	3594	0	476.661	0
	3595	0	476.52	0
	3596	0	476.38	0
	3597	0	476.239	0
	3598	0	476.099	0
	3599	0	475.959	0
	3600	0	475.819	0
	3601	0	475.679	0
	3602	0	475.539	0
	3603	0	475.399	0
	3604	0	475.26	0
	3605	0	475.12	0
	3606	0	474.98	0
	3607	0	474.841	0
	3608	0	474.702	0
	3609	0	474.562	0
	3610	0	474.423	0
	3611	0	474.284	0
	3612	0	474.145	0
	3613	0	474.006	0
	3614	0	473.867	0
	3615	0	473.728	0
	3616	0	473.589	0
	3617	0	473.451	0
	3618	0	473.312	0
	3619	0	473.174	0
	3620	0	473.035	0
	3621	0	472.897	0
	3622	0	472.759	0
	3623	0	472.621	0
	3624	0	472.482	0
	3625	0	472.344	0
	3626	0	472.206	0
	3627	0	472.069	0
	3628	0	471.931	0
	3629	0	471.793	0
	3630	0	471.656	0
	3631	0	471.518	0
	3632	0	471.381	0
	3633	0	471.243	0
	3634	0	471.106	0
	3635	0	470.969	0
	3636	0	470.832	0
	3637	0	470.695	0
	3638	0	470.558	0
	3639	0	470.421	0
	3640	0	470.284	0
	3641	0	470.147	0
	3642	0	470.011	0
	3643	0	469.874	0
	3644	0	469.737	0
	3645	0	469.601	0
	3646	0	469.465	0
	3647	0	469.328	0
	3648	0	469.192	0
	3649	0	469.056	0
	3650	0	468.92	0
