	0	5e+06	2250
	1	4.989e+06	2297.28	0
	2	4.97848e+06	2345.37	0
	3	4.96839e+06	2394.28	0
	4	4.95871e+06	2444.03	0
	5	4.9494e+06	2494.64	0
	6	4.94043e+06	2546.1	0
	7	4.93178e+06	2598.45	0
	8	4.92341e+06	2651.68	0
	9	4.91531e+06	2705.82	0
	10	4.90745e+06	2760.87	0
	11	4.89981e+06	2816.85	0
	12	4.89236e+06	2873.76	0
	13	4.88511e+06	2931.63	0
	14	4.87801e+06	2990.46	0
	15	4.87106e+06	3050.26	0
	16	4.86425e+06	3111.04	0
	17	4.85756e+06	3172.83	0
	18	4.85097e+06	3235.62	0
	19	4.84448e+06	3299.43	0
	20	4.83806e+06	3364.26	0
	21	4.83172e+06	3430.14	0
	22	4.82544e+06	3497.06	0
	23	4.81921e+06	3565.04	0
	24	4.81302e+06	3634.09	0
	25	4.80686e+06	3704.21	0
	26	4.80073e+06	3775.42	0
	27	4.79462e+06	3847.73	0
	28	4.78851e+06	3921.13	0
	29	4.78241e+06	3995.65	0
	30	4.7763e+06	4071.28	0
	31	4.77019e+06	4148.04	0
	32	4.76405e+06	4225.92	0
	33	4.7579e+06	4304.95	0
	34	4.75172e+06	4385.11	0
	35	4.74551e+06	4466.43	0
	36	4.73926e+06	4548.89	0
	37	4.73297e+06	4632.51	0
	38	4.72664e+06	4717.29	0
	39	4.72025e+06	4803.23	0
	40	4.71381e+06	4890.34	0
	41	4.70732e+06	4978.62	0
	42	4.70077e+06	5068.06	0
	43	4.69415e+06	5158.67	0
	44	4.68747e+06	5250.46	0
	45	4.68071e+06	5343.41	0
	46	4.67388e+06	5437.53	0
	47	4.66698e+06	5532.81	0
	48	4.66e+06	5629.26	0
	49	4.65294e+06	5726.86	0
	50	4.64579e+06	5825.62	0
	51	4.63856e+06	5925.54	0
	52	4.63125e+06	6026.59	0
	53	4.62384e+06	6128.79	0
	54	4.61634e+06	6232.12	0
	55	4.60875e+06	6336.57	0
	56	4.60106e+06	6442.13	0
	57	4.59327e+06	6548.8	0
	58	4.58539e+06	6656.56	0
	59	4.5774e+06	6765.41	0
	60	4.56932e+06	6875.32	0
	61	4.56113e+06	6986.29	0
	62	4.55283e+06	7098.31	0
	63	4.54443e+06	7211.35	0
	64	4.53593e+06	7325.4	0
	65	4.52731e+06	7440.45	0
	66	4.51859e+06	7556.47	0
	67	4.50976e+06	7673.45	0
	68	4.50081e+06	7791.38	0
	69	4.49176e+06	7910.21	0
	70	4.48259e+06	8029.95	0
	71	4.47331e+06	8150.56	0
	72	4.46391e+06	8272.01	0
	73	4.4544e+06	8394.3	0
	74	4.44478e+06	8517.38	0
	75	4.43504e+06	8641.24	0
	76	4.42518e+06	8765.85	0
	77	4.41521e+06	8891.17	0
	78	4.40512e+06	9017.18	0
	79	4.39492e+06	9143.86	0
	80	4.3846e+06	9271.16	0
	81	4.37416e+06	9399.07	0
	82	4.36361e+06	9527.54	0
	83	4.35294e+06	9656.54	0
	84	4.34215e+06	9786.04	0
	85	4.33125e+06	9916.01	0
	86	4.32023e+06	10046.4	0
	87	4.3091e+06	10177.2	0
	88	4.29785e+06	10308.3	0
	89	4.28649e+06	10439.8	0
	90	4.27501e+06	10571.6	0
	91	4.26342e+06	10703.5	0
	92	4.25172e+06	10835.7	0
	93	4.2399e+06	10968.1	0
	94	4.22798e+06	11100.6	0
	95	4.21594e+06	11233.1	0
	96	4.2038e+06	11365.7	0
	97	4.19154e+06	11498.3	0
	98	4.17918e+06	11630.9	0
	99	4.16671e+06	11763.4	0
	100	4.15413e+06	11895.7	0
	101	4.14145e+06	12027.9	0
	102	4.12867e+06	12159.9	0
	103	4.11579e+06	12291.6	0
	104	4.1028e+06	12423	0
	105	4.08972e+06	12554.1	0
	106	4.07654e+06	12684.8	0
	107	4.06326e+06	12815.1	0
	108	4.04988e+06	12944.9	0
	109	4.03642e+06	13074.2	0
	110	4.02286e+06	13203	0
	111	4.00921e+06	13331.1	0
	112	3.99548e+06	13458.6	0
	113	3.98166e+06	13585.5	0
	114	3.96775e+06	13711.6	0
	115	3.95376e+06	13836.9	0
	116	3.93969e+06	13961.5	0
	117	3.92554e+06	14085.2	0
	118	3.91131e+06	14208	0
	119	3.89701e+06	14330	0
	120	3.88264e+06	14450.9	0
	121	3.86819e+06	14570.9	0
	122	3.85368e+06	14689.8	0
	123	3.8391e+06	14807.6	0
	124	3.82445e+06	14924.4	0
	125	3.80974e+06	15040	0
	126	3.79497e+06	15154.4	0
	127	3.78015e+06	15267.7	0
	128	3.76526e+06	15379.7	0
	129	3.75033e+06	15490.4	0
	130	3.73534e+06	15599.8	0
	131	3.7203e+06	15707.9	0
	132	3.70522e+06	15814.6	0
	133	3.69009e+06	15920	0
	134	3.67492e+06	16023.9	0
	135	3.6597e+06	16126.4	0
	136	3.64446e+06	16227.4	0
	137	3.62917e+06	16327	0
	138	3.61385e+06	16425	0
	139	3.5985e+06	16521.5	0
	140	3.58313e+06	16616.5	0
	141	3.56772e+06	16709.9	0
	142	3.55229e+06	16801.7	0
	143	3.53684e+06	16891.9	0
	144	3.52137e+06	16980.5	0
	145	3.50589e+06	17067.4	0
	146	3.49039e+06	17152.7	0
	147	3.47487e+06	17236.4	0
	148	3.45935e+06	17318.3	0
	149	3.44381e+06	17398.6	0
	150	3.42827e+06	17477.2	0
	151	3.41273e+06	17554.1	0
	152	3.39718e+06	17629.3	0
	153	3.38164e+06	17702.8	0
	154	3.3661e+06	17774.5	0
	155	3.35056e+06	17844.6	0
	156	3.33503e+06	17912.9	0
	157	3.3195e+06	17979.4	0
	158	3.30399e+06	18044.3	0
	159	3.28849e+06	18107.4	0
	160	3.273e+06	18168.8	0
	161	3.25753e+06	18228.5	0
	162	3.24208e+06	18286.4	0
	163	3.22665e+06	18342.6	0
	164	3.21124e+06	18397.1	0
	165	3.19586e+06	18449.9	0
	166	3.1805e+06	18501	0
	167	3.16517e+06	18550.4	0
	168	3.14986e+06	18598.1	0
	169	3.13459e+06	18644.1	0
	170	3.11935e+06	18688.4	0
	171	3.10415e+06	18731.1	0
	172	3.08897e+06	18772.1	0
	173	3.07384e+06	18811.5	0
	174	3.05875e+06	18849.2	0
	175	3.04369e+06	18885.3	0
	176	3.02868e+06	18919.9	0
	177	3.01371e+06	18952.8	0
	178	2.99878e+06	18984.1	0
	179	2.9839e+06	19013.9	0
	180	2.96906e+06	19042.1	0
	181	2.95428e+06	19068.8	0
	182	2.93954e+06	19093.9	0
	183	2.92485e+06	19117.6	0
	184	2.91022e+06	19139.8	0
	185	2.89563e+06	19160.5	0
	186	2.88111e+06	19179.7	0
	187	2.86663e+06	19197.5	0
	188	2.85221e+06	19213.9	0
	189	2.83785e+06	19228.9	0
	190	2.82355e+06	19242.5	0
	191	2.8093e+06	19254.7	0
	192	2.79512e+06	19265.6	0
	193	2.78099e+06	19275.2	0
	194	2.76693e+06	19283.4	0
	195	2.75292e+06	19290.4	0
	196	2.73898e+06	19296	0
	197	2.72511e+06	19300.5	0
	198	2.71129e+06	19303.7	0
	199	2.69755e+06	19305.7	0
	200	2.68386e+06	19306.5	0
	201	2.67025e+06	19306.1	0
	202	2.6567e+06	19304.6	0
	203	2.64321e+06	19301.9	0
	204	2.6298e+06	19298.1	0
	205	2.61645e+06	19293.2	0
	206	2.60317e+06	19287.3	0
	207	2.58996e+06	19280.3	0
	208	2.57682e+06	19272.2	0
	209	2.56375e+06	19263.2	0
	210	2.55075e+06	19253.1	0
	211	2.53781e+06	19242.1	0
	212	2.52495e+06	19230.1	0
	213	2.51216e+06	19217.2	0
	214	2.49945e+06	19203.3	0
	215	2.4868e+06	19188.5	0
	216	2.47422e+06	19172.9	0
	217	2.46172e+06	19156.4	0
	218	2.44929e+06	19139	0
	219	2.43693e+06	19120.9	0
	220	2.42464e+06	19101.9	0
	221	2.41242e+06	19082.1	0
	222	2.40028e+06	19061.5	0
	223	2.38821e+06	19040.2	0
	224	2.37621e+06	19018.2	0
	225	2.36429e+06	18995.4	0
	226	2.35243e+06	18971.9	0
	227	2.34065e+06	18947.7	0
	228	2.32894e+06	18922.9	0
	229	2.31731e+06	18897.4	0
	230	2.30575e+06	18871.3	0
	231	2.29426e+06	18844.5	0
	232	2.28284e+06	18817.2	0
	233	2.2715e+06	18789.2	0
	234	2.26022e+06	18760.7	0
	235	2.24902e+06	18731.6	0
	236	2.23789e+06	18702	0
	237	2.22684e+06	18671.9	0
	238	2.21585e+06	18641.2	0
	239	2.20494e+06	18610	0
	240	2.1941e+06	18578.4	0
	241	2.18333e+06	18546.2	0
	242	2.17263e+06	18513.7	0
	243	2.162e+06	18480.6	0
	244	2.15144e+06	18447.2	0
	245	2.14095e+06	18413.3	0
	246	2.13054e+06	18379	0
	247	2.12019e+06	18344.3	0
	248	2.10991e+06	18309.3	0
	249	2.09971e+06	18273.9	0
	250	2.08957e+06	18238.1	0
	251	2.0795e+06	18202	0
	252	2.0695e+06	18165.5	0
	253	2.05957e+06	18128.8	0
	254	2.04971e+06	18091.7	0
	255	2.03991e+06	18054.3	0
	256	2.03018e+06	18016.6	0
	257	2.02053e+06	17978.7	0
	258	2.01093e+06	17940.5	0
	259	2.00141e+06	17902	0
	260	1.99195e+06	17863.3	0
	261	1.98256e+06	17824.4	0
	262	1.97323e+06	17785.2	0
	263	1.96397e+06	17745.8	0
	264	1.95478e+06	17706.2	0
	265	1.94565e+06	17666.4	0
	266	1.93659e+06	17626.4	0
	267	1.92759e+06	17586.3	0
	268	1.91865e+06	17545.9	0
	269	1.90978e+06	17505.4	0
	270	1.90098e+06	17464.8	0
	271	1.89223e+06	17424	0
	272	1.88355e+06	17383.1	0
	273	1.87494e+06	17342	0
	274	1.86638e+06	17300.8	0
	275	1.85789e+06	17259.5	0
	276	1.84946e+06	17218.1	0
	277	1.84109e+06	17176.5	0
	278	1.83278e+06	17134.9	0
	279	1.82454e+06	17093.2	0
	280	1.81635e+06	17051.4	0
	281	1.80822e+06	17009.6	0
	282	1.80016e+06	16967.6	0
	283	1.79215e+06	16925.6	0
	284	1.78421e+06	16883.6	0
	285	1.77632e+06	16841.5	0
	286	1.76849e+06	16799.4	0
	287	1.76073e+06	16757.2	0
	288	1.75302e+06	16714.9	0
	289	1.74536e+06	16672.7	0
	290	1.73777e+06	16630.4	0
	291	1.73023e+06	16588.1	0
	292	1.72275e+06	16545.8	0
	293	1.71533e+06	16503.5	0
	294	1.70797e+06	16461.2	0
	295	1.70066e+06	16418.9	0
	296	1.6934e+06	16376.6	0
	297	1.68621e+06	16334.3	0
	298	1.67907e+06	16292.1	0
	299	1.67198e+06	16249.8	0
	300	1.66495e+06	16207.6	0
	301	1.65798e+06	16165.4	0
	302	1.65106e+06	16123.2	0
	303	1.6442e+06	16081.1	0
	304	1.63739e+06	16039	0
	305	1.63063e+06	15996.9	0
	306	1.62393e+06	15954.9	0
	307	1.61728e+06	15912.9	0
	308	1.61069e+06	15871	0
	309	1.60415e+06	15829.2	0
	310	1.59766e+06	15787.4	0
	311	1.59123e+06	15745.7	0
	312	1.58485e+06	15704	0
	313	1.57852e+06	15662.5	0
	314	1.57225e+06	15621	0
	315	1.56602e+06	15579.5	0
	316	1.55986e+06	15538.2	0
	317	1.55374e+06	15496.9	0
	318	1.54768e+06	15455.7	0
	319	1.54166e+06	15414.6	0
	320	1.53571e+06	15373.6	0
	321	1.5298e+06	15332.7	0
	322	1.52394e+06	15291.9	0
	323	1.51814e+06	15251.1	0
	324	1.51239e+06	15210.5	0
	325	1.50669e+06	15170	0
	326	1.50105e+06	15129.6	0
	327	1.49545e+06	15089.3	0
	328	1.48991e+06	15049.1	0
	329	1.48442e+06	15009	0
	330	1.47899e+06	14969	0
	331	1.4736e+06	14929.1	0
	332	1.46827e+06	14889.4	0
	333	1.46299e+06	14849.8	0
	334	1.45776e+06	14810.3	0
	335	1.45258e+06	14770.9	0
	336	1.44746e+06	14731.6	0
	337	1.44239e+06	14692.5	0
	338	1.43738e+06	14653.5	0
	339	1.43241e+06	14614.6	0
	340	1.4275e+06	14575.9	0
	341	1.42265e+06	14537.3	0
	342	1.41785e+06	14498.8	0
	343	1.4131e+06	14460.5	0
	344	1.4084e+06	14422.3	0
	345	1.40377e+06	14384.3	0
	346	1.39918e+06	14346.3	0
	347	1.39466e+06	14308.6	0
	348	1.39018e+06	14271	0
	349	1.38577e+06	14233.5	0
	350	1.38141e+06	14196.2	0
	351	1.37711e+06	14159	0
	352	1.37286e+06	14122	0
	353	1.36867e+06	14085.1	0
	354	1.36455e+06	14048.4	0
	355	1.36048e+06	14011.9	0
	356	1.35647e+06	13975.5	0
	357	1.35252e+06	13939.3	0
	358	1.34863e+06	13903.2	0
	359	1.3448e+06	13867.3	0
	360	1.34104e+06	13831.6	0
	361	1.33733e+06	13796	0
	362	1.3337e+06	13760.6	0
	363	1.33012e+06	13725.3	0
	364	1.32661e+06	13690.3	0
	365	1.32317e+06	13655.4	0
	366	1.31979e+06	13620.7	0
	367	1.31649e+06	13586.1	0
	368	1.31325e+06	13551.8	0
	369	1.31008e+06	13517.6	0
	370	1.30698e+06	13483.6	0
	371	1.30396e+06	13449.8	0
	372	1.301e+06	13416.2	0
	373	1.29813e+06	13382.7	0
	374	1.29532e+06	13349.5	0
	375	1.2926e+06	13316.4	0
	376	1.28995e+06	13283.6	0
	377	1.28738e+06	13250.9	0
	378	1.2849e+06	13218.4	0
	379	1.28249e+06	13186.2	0
	380	1.28017e+06	13154.1	0
	381	1.27794e+06	13122.2	0
	382	1.27579e+06	13090.6	0
	383	1.27374e+06	13059.1	0
	384	1.27177e+06	13027.9	0
	385	1.2699e+06	12996.9	0
	386	1.26812e+06	12966.1	0
	387	1.26644e+06	12935.5	0
	388	1.26485e+06	12905.1	0
	389	1.26337e+06	12875	0
	390	1.26199e+06	12845	0
	391	1.26072e+06	12815.4	0
	392	1.25955e+06	12785.9	0
	393	1.25849e+06	12756.7	0
	394	1.25755e+06	12727.7	0
	395	1.25672e+06	12699	0
	396	1.25601e+06	12670.5	0
	397	1.25541e+06	12642.2	0
	398	1.25494e+06	12614.2	0
	399	1.2546e+06	12586.5	0
	400	1.25439e+06	12559	0
	401	1.2543e+06	12531.8	0
	402	1.25436e+06	12504.9	0
	403	1.25455e+06	12478.2	0
	404	1.25488e+06	12451.8	0
	405	1.25535e+06	12425.7	0
	406	1.25598e+06	12399.8	0
	407	1.25676e+06	12374.3	0
	408	1.25769e+06	12349	0
	409	1.25878e+06	12324.1	0
	410	1.26003e+06	12299.4	0
	411	1.26145e+06	12275.1	0
	412	1.26304e+06	12251	0
	413	1.26481e+06	12227.3	0
	414	1.26675e+06	12203.9	0
	415	1.26888e+06	12180.9	0
	416	1.27119e+06	12158.1	0
	417	1.2737e+06	12135.7	0
	418	1.2764e+06	12113.7	0
	419	1.27931e+06	12092	0
	420	1.28241e+06	12070.7	0
	421	1.28573e+06	12049.7	0
	422	1.28927e+06	12029.2	0
	423	1.29302e+06	12009	0
	424	1.297e+06	11989.1	0
	425	1.3012e+06	11969.7	0
	426	1.30565e+06	11950.7	0
	427	1.31033e+06	11932.1	0
	428	1.31525e+06	11913.9	0
	429	1.32042e+06	11896.2	0
	430	1.32585e+06	11878.8	0
	431	1.33154e+06	11862	0
	432	1.33749e+06	11845.5	0
	433	1.34372e+06	11829.6	0
	434	1.35021e+06	11814.1	0
	435	1.35699e+06	11799	0
	436	1.36405e+06	11784.5	0
	437	1.3714e+06	11770.5	0
	438	1.37905e+06	11757	0
	439	1.387e+06	11744	0
	440	1.39525e+06	11731.5	0
	441	1.4038e+06	11719.5	0
	442	1.41267e+06	11708.2	0
	443	1.42186e+06	11697.3	0
	444	1.43137e+06	11687.1	0
	445	1.44121e+06	11677.4	0
	446	1.45137e+06	11668.3	0
	447	1.46187e+06	11659.9	0
	448	1.4727e+06	11652	0
	449	1.48387e+06	11644.8	0
	450	1.49539e+06	11638.2	0
	451	1.50725e+06	11632.3	0
	452	1.51945e+06	11627	0
	453	1.532e+06	11622.4	0
	454	1.54491e+06	11618.5	0
	455	1.55816e+06	11615.3	0
	456	1.57177e+06	11612.8	0
	457	1.58572e+06	11611.1	0
	458	1.60003e+06	11610	0
	459	1.61469e+06	11609.8	0
	460	1.6297e+06	11610.3	0
	461	1.64506e+06	11611.6	0
	462	1.66076e+06	11613.6	0
	463	1.6768e+06	11616.5	0
	464	1.69319e+06	11620.2	0
	465	1.70991e+06	11624.7	0
	466	1.72696e+06	11630	0
	467	1.74434e+06	11636.2	0
	468	1.76203e+06	11643.3	0
	469	1.78005e+06	11651.2	0
	470	1.79836e+06	11660.1	0
	471	1.81698e+06	11669.8	0
	472	1.83589e+06	11680.4	0
	473	1.85508e+06	11692	0
	474	1.87454e+06	11704.4	0
	475	1.89427e+06	11717.9	0
	476	1.91424e+06	11732.2	0
	477	1.93446e+06	11747.6	0
	478	1.9549e+06	11763.9	0
	479	1.97556e+06	11781.1	0
	480	1.99642e+06	11799.4	0
	481	2.01746e+06	11818.6	0
	482	2.03868e+06	11838.9	0
	483	2.06006e+06	11860.2	0
	484	2.08158e+06	11882.4	0
	485	2.10323e+06	11905.7	0
	486	2.12499e+06	11930	0
	487	2.14684e+06	11955.3	0
	488	2.16877e+06	11981.7	0
	489	2.19076e+06	12009.1	0
	490	2.21279e+06	12037.5	0
	491	2.23484e+06	12067	0
	492	2.25691e+06	12097.5	0
	493	2.27895e+06	12129	0
	494	2.30097e+06	12161.5	0
	495	2.32294e+06	12195.1	0
	496	2.34485e+06	12229.7	0
	497	2.36667e+06	12265.4	0
	498	2.38838e+06	12302	0
	499	2.40997e+06	12339.7	0
	500	2.43143e+06	12378.4	0
	501	2.45273e+06	12418.1	0
	502	2.47385e+06	12458.7	0
	503	2.49478e+06	12500.4	0
	504	2.51551e+06	12543	0
	505	2.53601e+06	12586.6	0
	506	2.55627e+06	12631.2	0
	507	2.57627e+06	12676.7	0
	508	2.59601e+06	12723.1	0
	509	2.61546e+06	12770.4	0
	510	2.63461e+06	12818.6	0
	511	2.65345e+06	12867.7	0
	512	2.67197e+06	12917.7	0
	513	2.69015e+06	12968.5	0
	514	2.70798e+06	13020.2	0
	515	2.72545e+06	13072.6	0
	516	2.74256e+06	13125.9	0
	517	2.75929e+06	13179.9	0
	518	2.77563e+06	13234.7	0
	519	2.79158e+06	13290.2	0
	520	2.80713e+06	13346.4	0
	521	2.82227e+06	13403.3	0
	522	2.83699e+06	13460.9	0
	523	2.8513e+06	13519	0
	524	2.86518e+06	13577.8	0
	525	2.87863e+06	13637.2	0
	526	2.89165e+06	13697.2	0
	527	2.90423e+06	13757.7	0
	528	2.91638e+06	13818.7	0
	529	2.92809e+06	13880.1	0
	530	2.93936e+06	13942.1	0
	531	2.95018e+06	14004.4	0
	532	2.96057e+06	14067.2	0
	533	2.97052e+06	14130.3	0
	534	2.98003e+06	14193.8	0
	535	2.98911e+06	14257.6	0
	536	2.99775e+06	14321.6	0
	537	3.00595e+06	14386	0
	538	3.01373e+06	14450.5	0
	539	3.02108e+06	14515.3	0
	540	3.028e+06	14580.2	0
	541	3.03451e+06	14645.2	0
	542	3.0406e+06	14710.4	0
	543	3.04628e+06	14775.7	0
	544	3.05155e+06	14841	0
	545	3.05643e+06	14906.3	0
	546	3.0609e+06	14971.6	0
	547	3.06499e+06	15036.9	0
	548	3.06869e+06	15102.1	0
	549	3.07201e+06	15167.3	0
	550	3.07496e+06	15232.3	0
	551	3.07754e+06	15297.1	0
	552	3.07976e+06	15361.8	0
	553	3.08163e+06	15426.3	0
	554	3.08315e+06	15490.6	0
	555	3.08433e+06	15554.6	0
	556	3.08517e+06	15618.3	0
	557	3.08568e+06	15681.8	0
	558	3.08587e+06	15744.9	0
	559	3.08575e+06	15807.6	0
	560	3.08531e+06	15869.9	0
	561	3.08458e+06	15931.9	0
	562	3.08355e+06	15993.4	0
	563	3.08223e+06	16054.5	0
	564	3.08064e+06	16115	0
	565	3.07876e+06	16175.1	0
	566	3.07662e+06	16234.7	0
	567	3.07422e+06	16293.7	0
	568	3.07156e+06	16352.2	0
	569	3.06865e+06	16410	0
	570	3.06551e+06	16467.3	0
	571	3.06212e+06	16524	0
	572	3.05851e+06	16580	0
	573	3.05467e+06	16635.3	0
	574	3.05062e+06	16690	0
	575	3.04636e+06	16744	0
	576	3.04189e+06	16797.3	0
	577	3.03722e+06	16849.9	0
	578	3.03236e+06	16901.7	0
	579	3.02732e+06	16952.8	0
	580	3.02209e+06	17003.1	0
	581	3.01668e+06	17052.6	0
	582	3.01111e+06	17101.3	0
	583	3.00537e+06	17149.3	0
	584	2.99948e+06	17196.4	0
	585	2.99343e+06	17242.7	0
	586	2.98723e+06	17288.1	0
	587	2.98088e+06	17332.7	0
	588	2.9744e+06	17376.5	0
	589	2.96778e+06	17419.4	0
	590	2.96104e+06	17461.4	0
	591	2.95417e+06	17502.5	0
	592	2.94718e+06	17542.8	0
	593	2.94008e+06	17582.2	0
	594	2.93286e+06	17620.6	0
	595	2.92554e+06	17658.2	0
	596	2.91812e+06	17694.9	0
	597	2.9106e+06	17730.7	0
	598	2.90299e+06	17765.5	0
	599	2.89528e+06	17799.4	0
	600	2.88749e+06	17832.4	0
	601	2.87962e+06	17864.5	0
	602	2.87167e+06	17895.7	0
	603	2.86365e+06	17926	0
	604	2.85556e+06	17955.3	0
	605	2.84739e+06	17983.7	0
	606	2.83917e+06	18011.2	0
	607	2.83088e+06	18037.8	0
	608	2.82254e+06	18063.4	0
	609	2.81414e+06	18088.1	0
	610	2.80569e+06	18111.9	0
	611	2.7972e+06	18134.8	0
	612	2.78866e+06	18156.8	0
	613	2.78008e+06	18177.9	0
	614	2.77145e+06	18198.1	0
	615	2.7628e+06	18217.4	0
	616	2.75411e+06	18235.8	0
	617	2.74539e+06	18253.3	0
	618	2.73664e+06	18269.9	0
	619	2.72786e+06	18285.6	0
	620	2.71906e+06	18300.5	0
	621	2.71024e+06	18314.5	0
	622	2.70141e+06	18327.6	0
	623	2.69255e+06	18339.9	0
	624	2.68369e+06	18351.3	0
	625	2.67481e+06	18361.9	0
	626	2.66592e+06	18371.6	0
	627	2.65703e+06	18380.5	0
	628	2.64813e+06	18388.6	0
	629	2.63922e+06	18395.9	0
	630	2.63032e+06	18402.4	0
	631	2.62141e+06	18408.1	0
	632	2.61251e+06	18413	0
	633	2.60361e+06	18417.1	0
	634	2.59472e+06	18420.5	0
	635	2.58584e+06	18423.1	0
	636	2.57696e+06	18424.9	0
	637	2.5681e+06	18426	0
	638	2.55924e+06	18426.4	0
	639	2.55041e+06	18426	0
	640	2.54158e+06	18425	0
	641	2.53278e+06	18423.2	0
	642	2.52399e+06	18420.7	0
	643	2.51522e+06	18417.5	0
	644	2.50647e+06	18413.7	0
	645	2.49775e+06	18409.2	0
	646	2.48905e+06	18404	0
	647	2.48037e+06	18398.2	0
	648	2.47172e+06	18391.8	0
	649	2.4631e+06	18384.7	0
	650	2.45451e+06	18377	0
	651	2.44594e+06	18368.7	0
	652	2.43741e+06	18359.8	0
	653	2.42891e+06	18350.4	0
	654	2.42044e+06	18340.3	0
	655	2.412e+06	18329.7	0
	656	2.4036e+06	18318.5	0
	657	2.39524e+06	18306.8	0
	658	2.38691e+06	18294.5	0
	659	2.37862e+06	18281.8	0
	660	2.37037e+06	18268.5	0
	661	2.36215e+06	18254.7	0
	662	2.35398e+06	18240.4	0
	663	2.34585e+06	18225.6	0
	664	2.33776e+06	18210.3	0
	665	2.32971e+06	18194.6	0
	666	2.3217e+06	18178.4	0
	667	2.31374e+06	18161.8	0
	668	2.30583e+06	18144.7	0
	669	2.29796e+06	18127.2	0
	670	2.29013e+06	18109.3	0
	671	2.28236e+06	18091	0
	672	2.27463e+06	18072.3	0
	673	2.26695e+06	18053.2	0
	674	2.25932e+06	18033.7	0
	675	2.25173e+06	18013.9	0
	676	2.2442e+06	17993.6	0
	677	2.23672e+06	17973.1	0
	678	2.22929e+06	17952.2	0
	679	2.22191e+06	17930.9	0
	680	2.21458e+06	17909.4	0
	681	2.20731e+06	17887.5	0
	682	2.20009e+06	17865.3	0
	683	2.19292e+06	17842.9	0
	684	2.18581e+06	17820.1	0
	685	2.17876e+06	17797.1	0
	686	2.17176e+06	17773.7	0
	687	2.16481e+06	17750.2	0
	688	2.15793e+06	17726.3	0
	689	2.1511e+06	17702.3	0
	690	2.14433e+06	17677.9	0
	691	2.13761e+06	17653.4	0
	692	2.13096e+06	17628.6	0
	693	2.12436e+06	17603.7	0
	694	2.11782e+06	17578.5	0
	695	2.11135e+06	17553.1	0
	696	2.10493e+06	17527.5	0
	697	2.09858e+06	17501.8	0
	698	2.09228e+06	17475.8	0
	699	2.08605e+06	17449.7	0
	700	2.07988e+06	17423.5	0
	701	2.07378e+06	17397.1	0
	702	2.06774e+06	17370.5	0
	703	2.06176e+06	17343.8	0
	704	2.05584e+06	17317	0
	705	2.04999e+06	17290.1	0
	706	2.04421e+06	17263	0
	707	2.03849e+06	17235.8	0
	708	2.03284e+06	17208.6	0
	709	2.02725e+06	17181.2	0
	710	2.02173e+06	17153.7	0
	711	2.01628e+06	17126.2	0
	712	2.0109e+06	17098.6	0
	713	2.00558e+06	17070.9	0
	714	2.00034e+06	17043.1	0
	715	1.99516e+06	17015.3	0
	716	1.99006e+06	16987.5	0
	717	1.98502e+06	16959.6	0
	718	1.98005e+06	16931.6	0
	719	1.97516e+06	16903.6	0
	720	1.97034e+06	16875.6	0
	721	1.96559e+06	16847.6	0
	722	1.96091e+06	16819.6	0
	723	1.95631e+06	16791.5	0
	724	1.95178e+06	16763.5	0
	725	1.94733e+06	16735.4	0
	726	1.94295e+06	16707.4	0
	727	1.93865e+06	16679.4	0
	728	1.93442e+06	16651.4	0
	729	1.93027e+06	16623.4	0
	730	1.9262e+06	16595.4	0
	731	1.9222e+06	16567.5	0
	732	1.91829e+06	16539.7	0
	733	1.91445e+06	16511.8	0
	734	1.91069e+06	16484	0
	735	1.90702e+06	16456.3	0
	736	1.90342e+06	16428.7	0
	737	1.8999e+06	16401.1	0
	738	1.89647e+06	16373.6	0
	739	1.89312e+06	16346.1	0
	740	1.88986e+06	16318.8	0
	741	1.88667e+06	16291.5	0
	742	1.88358e+06	16264.3	0
	743	1.88057e+06	16237.2	0
	744	1.87764e+06	16210.2	0
	745	1.8748e+06	16183.4	0
	746	1.87205e+06	16156.6	0
	747	1.86939e+06	16130	0
	748	1.86681e+06	16103.4	0
	749	1.86433e+06	16077	0
	750	1.86193e+06	16050.8	0
	751	1.85963e+06	16024.6	0
	752	1.85742e+06	15998.6	0
	753	1.8553e+06	15972.8	0
	754	1.85328e+06	15947.1	0
	755	1.85134e+06	15921.5	0
	756	1.84951e+06	15896.1	0
	757	1.84777e+06	15870.9	0
	758	1.84612e+06	15845.8	0
	759	1.84457e+06	15820.9	0
	760	1.84312e+06	15796.2	0
	761	1.84177e+06	15771.7	0
	762	1.84052e+06	15747.3	0
	763	1.83937e+06	15723.2	0
	764	1.83832e+06	15699.2	0
	765	1.83737e+06	15675.4	0
	766	1.83652e+06	15651.9	0
	767	1.83578e+06	15628.5	0
	768	1.83514e+06	15605.3	0
	769	1.8346e+06	15582.4	0
	770	1.83417e+06	15559.7	0
	771	1.83385e+06	15537.2	0
	772	1.83364e+06	15514.9	0
	773	1.83353e+06	15492.9	0
	774	1.83353e+06	15471.1	0
	775	1.83364e+06	15449.5	0
	776	1.83386e+06	15428.2	0
	777	1.83419e+06	15407.2	0
	778	1.83463e+06	15386.4	0
	779	1.83519e+06	15365.8	0
	780	1.83586e+06	15345.5	0
	781	1.83664e+06	15325.5	0
	782	1.83753e+06	15305.8	0
	783	1.83854e+06	15286.3	0
	784	1.83967e+06	15267.1	0
	785	1.84091e+06	15248.2	0
	786	1.84227e+06	15229.6	0
	787	1.84375e+06	15211.3	0
	788	1.84534e+06	15193.2	0
	789	1.84705e+06	15175.5	0
	790	1.84888e+06	15158.1	0
	791	1.85083e+06	15140.9	0
	792	1.8529e+06	15124.1	0
	793	1.85509e+06	15107.7	0
	794	1.8574e+06	15091.5	0
	795	1.85983e+06	15075.6	0
	796	1.86239e+06	15060.1	0
	797	1.86506e+06	15044.9	0
	798	1.86785e+06	15030.1	0
	799	1.87077e+06	15015.6	0
	800	1.8738e+06	15001.4	0
	801	1.87696e+06	14987.6	0
	802	1.88024e+06	14974.2	0
	803	1.88365e+06	14961.1	0
	804	1.88717e+06	14948.3	0
	805	1.89081e+06	14936	0
	806	1.89458e+06	14924	0
	807	1.89847e+06	14912.3	0
	808	1.90247e+06	14901.1	0
	809	1.9066e+06	14890.2	0
	810	1.91085e+06	14879.7	0
	811	1.91522e+06	14869.6	0
	812	1.9197e+06	14859.9	0
	813	1.9243e+06	14850.6	0
	814	1.92902e+06	14841.6	0
	815	1.93386e+06	14833.1	0
	816	1.93881e+06	14825	0
	817	1.94388e+06	14817.3	0
	818	1.94906e+06	14810	0
	819	1.95435e+06	14803.1	0
	820	1.95975e+06	14796.6	0
	821	1.96527e+06	14790.5	0
	822	1.97089e+06	14784.9	0
	823	1.97662e+06	14779.7	0
	824	1.98245e+06	14774.9	0
	825	1.98839e+06	14770.5	0
	826	1.99444e+06	14766.6	0
	827	2.00058e+06	14763.1	0
	828	2.00682e+06	14760.1	0
	829	2.01316e+06	14757.5	0
	830	2.01959e+06	14755.3	0
	831	2.02612e+06	14753.5	0
	832	2.03273e+06	14752.3	0
	833	2.03944e+06	14751.4	0
	834	2.04623e+06	14751	0
	835	2.0531e+06	14751.1	0
	836	2.06006e+06	14751.6	0
	837	2.06709e+06	14752.6	0
	838	2.0742e+06	14754	0
	839	2.08138e+06	14755.9	0
	840	2.08863e+06	14758.2	0
	841	2.09595e+06	14761	0
	842	2.10334e+06	14764.2	0
	843	2.11078e+06	14767.9	0
	844	2.11828e+06	14772	0
	845	2.12584e+06	14776.6	0
	846	2.13345e+06	14781.7	0
	847	2.14111e+06	14787.2	0
	848	2.14881e+06	14793.2	0
	849	2.15655e+06	14799.6	0
	850	2.16433e+06	14806.5	0
	851	2.17215e+06	14813.8	0
	852	2.17999e+06	14821.6	0
	853	2.18787e+06	14829.8	0
	854	2.19576e+06	14838.4	0
	855	2.20368e+06	14847.6	0
	856	2.21161e+06	14857.1	0
	857	2.21956e+06	14867.1	0
	858	2.22751e+06	14877.6	0
	859	2.23547e+06	14888.4	0
	860	2.24342e+06	14899.7	0
	861	2.25138e+06	14911.5	0
	862	2.25933e+06	14923.7	0
	863	2.26726e+06	14936.2	0
	864	2.27519e+06	14949.2	0
	865	2.28309e+06	14962.7	0
	866	2.29097e+06	14976.5	0
	867	2.29882e+06	14990.7	0
	868	2.30665e+06	15005.4	0
	869	2.31444e+06	15020.4	0
	870	2.32219e+06	15035.9	0
	871	2.3299e+06	15051.7	0
	872	2.33757e+06	15067.9	0
	873	2.34519e+06	15084.5	0
	874	2.35275e+06	15101.4	0
	875	2.36026e+06	15118.7	0
	876	2.36771e+06	15136.4	0
	877	2.37509e+06	15154.5	0
	878	2.38241e+06	15172.8	0
	879	2.38966e+06	15191.5	0
	880	2.39684e+06	15210.6	0
	881	2.40394e+06	15230	0
	882	2.41096e+06	15249.7	0
	883	2.4179e+06	15269.7	0
	884	2.42475e+06	15290	0
	885	2.43151e+06	15310.6	0
	886	2.43818e+06	15331.5	0
	887	2.44476e+06	15352.7	0
	888	2.45124e+06	15374.1	0
	889	2.45762e+06	15395.9	0
	890	2.4639e+06	15417.8	0
	891	2.47007e+06	15440.1	0
	892	2.47614e+06	15462.5	0
	893	2.4821e+06	15485.2	0
	894	2.48795e+06	15508.1	0
	895	2.49368e+06	15531.3	0
	896	2.4993e+06	15554.6	0
	897	2.5048e+06	15578.1	0
	898	2.51018e+06	15601.8	0
	899	2.51544e+06	15625.7	0
	900	2.52059e+06	15649.8	0
	901	2.5256e+06	15674	0
	902	2.53049e+06	15698.4	0
	903	2.53526e+06	15722.9	0
	904	2.5399e+06	15747.5	0
	905	2.54441e+06	15772.2	0
	906	2.54879e+06	15797.1	0
	907	2.55304e+06	15822	0
	908	2.55716e+06	15847.1	0
	909	2.56115e+06	15872.2	0
	910	2.56501e+06	15897.4	0
	911	2.56873e+06	15922.7	0
	912	2.57232e+06	15948	0
	913	2.57578e+06	15973.3	0
	914	2.5791e+06	15998.7	0
	915	2.58229e+06	16024.1	0
	916	2.58535e+06	16049.5	0
	917	2.58827e+06	16074.9	0
	918	2.59106e+06	16100.3	0
	919	2.59371e+06	16125.7	0
	920	2.59623e+06	16151	0
	921	2.59862e+06	16176.4	0
	922	2.60088e+06	16201.6	0
	923	2.603e+06	16226.9	0
	924	2.60499e+06	16252	0
	925	2.60685e+06	16277.1	0
	926	2.60858e+06	16302.1	0
	927	2.61018e+06	16327	0
	928	2.61166e+06	16351.8	0
	929	2.613e+06	16376.5	0
	930	2.61422e+06	16401.1	0
	931	2.61531e+06	16425.5	0
	932	2.61627e+06	16449.8	0
	933	2.61712e+06	16474	0
	934	2.61784e+06	16498	0
	935	2.61843e+06	16521.9	0
	936	2.61891e+06	16545.6	0
	937	2.61927e+06	16569.1	0
	938	2.61951e+06	16592.4	0
	939	2.61963e+06	16615.5	0
	940	2.61964e+06	16638.5	0
	941	2.61953e+06	16661.2	0
	942	2.61931e+06	16683.7	0
	943	2.61898e+06	16706	0
	944	2.61854e+06	16728.1	0
	945	2.61799e+06	16749.9	0
	946	2.61734e+06	16771.5	0
	947	2.61658e+06	16792.8	0
	948	2.61572e+06	16813.9	0
	949	2.61475e+06	16834.7	0
	950	2.61368e+06	16855.3	0
	951	2.61252e+06	16875.6	0
	952	2.61126e+06	16895.6	0
	953	2.6099e+06	16915.3	0
	954	2.60845e+06	16934.8	0
	955	2.60691e+06	16953.9	0
	956	2.60527e+06	16972.8	0
	957	2.60355e+06	16991.3	0
	958	2.60174e+06	17009.6	0
	959	2.59985e+06	17027.5	0
	960	2.59787e+06	17045.1	0
	961	2.59581e+06	17062.4	0
	962	2.59367e+06	17079.4	0
	963	2.59145e+06	17096.1	0
	964	2.58915e+06	17112.4	0
	965	2.58678e+06	17128.4	0
	966	2.58433e+06	17144	0
	967	2.58182e+06	17159.3	0
	968	2.57923e+06	17174.3	0
	969	2.57657e+06	17188.9	0
	970	2.57385e+06	17203.2	0
	971	2.57106e+06	17217.1	0
	972	2.56821e+06	17230.7	0
	973	2.5653e+06	17244	0
	974	2.56233e+06	17256.8	0
	975	2.55929e+06	17269.4	0
	976	2.55621e+06	17281.5	0
	977	2.55306e+06	17293.3	0
	978	2.54986e+06	17304.8	0
	979	2.54662e+06	17315.8	0
	980	2.54332e+06	17326.6	0
	981	2.53997e+06	17336.9	0
	982	2.53657e+06	17346.9	0
	983	2.53313e+06	17356.5	0
	984	2.52964e+06	17365.8	0
	985	2.52612e+06	17374.7	0
	986	2.52255e+06	17383.3	0
	987	2.51894e+06	17391.4	0
	988	2.51529e+06	17399.2	0
	989	2.5116e+06	17406.7	0
	990	2.50789e+06	17413.8	0
	991	2.50413e+06	17420.5	0
	992	2.50035e+06	17426.9	0
	993	2.49653e+06	17432.9	0
	994	2.49268e+06	17438.6	0
	995	2.48881e+06	17443.9	0
	996	2.48491e+06	17448.8	0
	997	2.48098e+06	17453.4	0
	998	2.47703e+06	17457.6	0
	999	2.47306e+06	17461.5	0
	1000	2.46907e+06	17465.1	0
	1001	2.46505e+06	17468.3	0
	1002	2.46102e+06	17471.1	0
	1003	2.45697e+06	17473.6	0
	1004	2.4529e+06	17475.8	0
	1005	2.44882e+06	17477.6	0
	1006	2.44472e+06	17479.1	0
	1007	2.44061e+06	17480.3	0
	1008	2.43649e+06	17481.1	0
	1009	2.43236e+06	17481.6	0
	1010	2.42822e+06	17481.8	0
	1011	2.42407e+06	17481.6	0
	1012	2.41992e+06	17481.2	0
	1013	2.41576e+06	17480.4	0
	1014	2.41159e+06	17479.3	0
	1015	2.40742e+06	17477.9	0
	1016	2.40325e+06	17476.2	0
	1017	2.39908e+06	17474.2	0
	1018	2.39491e+06	17471.8	0
	1019	2.39073e+06	17469.2	0
	1020	2.38656e+06	17466.3	0
	1021	2.38239e+06	17463.1	0
	1022	2.37823e+06	17459.6	0
	1023	2.37407e+06	17455.9	0
	1024	2.36992e+06	17451.8	0
	1025	2.36577e+06	17447.5	0
	1026	2.36163e+06	17442.9	0
	1027	2.35749e+06	17438	0
	1028	2.35337e+06	17432.9	0
	1029	2.34926e+06	17427.5	0
	1030	2.34516e+06	17421.9	0
	1031	2.34107e+06	17416	0
	1032	2.33699e+06	17409.8	0
	1033	2.33293e+06	17403.4	0
	1034	2.32888e+06	17396.8	0
	1035	2.32485e+06	17389.9	0
	1036	2.32083e+06	17382.8	0
	1037	2.31683e+06	17375.5	0
	1038	2.31285e+06	17367.9	0
	1039	2.30888e+06	17360.2	0
	1040	2.30494e+06	17352.2	0
	1041	2.30101e+06	17344	0
	1042	2.29711e+06	17335.5	0
	1043	2.29323e+06	17326.9	0
	1044	2.28937e+06	17318.1	0
	1045	2.28553e+06	17309.1	0
	1046	2.28172e+06	17299.9	0
	1047	2.27793e+06	17290.5	0
	1048	2.27416e+06	17280.9	0
	1049	2.27043e+06	17271.1	0
	1050	2.26671e+06	17261.2	0
	1051	2.26303e+06	17251.1	0
	1052	2.25937e+06	17240.8	0
	1053	2.25574e+06	17230.3	0
	1054	2.25215e+06	17219.8	0
	1055	2.24858e+06	17209	0
	1056	2.24504e+06	17198.1	0
	1057	2.24153e+06	17187.1	0
	1058	2.23805e+06	17175.9	0
	1059	2.23461e+06	17164.5	0
	1060	2.23119e+06	17153.1	0
	1061	2.22782e+06	17141.5	0
	1062	2.22447e+06	17129.8	0
	1063	2.22116e+06	17117.9	0
	1064	2.21789e+06	17106	0
	1065	2.21465e+06	17093.9	0
	1066	2.21144e+06	17081.8	0
	1067	2.20827e+06	17069.5	0
	1068	2.20514e+06	17057.1	0
	1069	2.20205e+06	17044.6	0
	1070	2.199e+06	17032.1	0
	1071	2.19598e+06	17019.4	0
	1072	2.19301e+06	17006.7	0
	1073	2.19007e+06	16993.9	0
	1074	2.18717e+06	16981	0
	1075	2.18432e+06	16968	0
	1076	2.1815e+06	16955	0
	1077	2.17873e+06	16941.9	0
	1078	2.176e+06	16928.7	0
	1079	2.17331e+06	16915.5	0
	1080	2.17066e+06	16902.3	0
	1081	2.16806e+06	16888.9	0
	1082	2.1655e+06	16875.6	0
	1083	2.16299e+06	16862.2	0
	1084	2.16052e+06	16848.8	0
	1085	2.15809e+06	16835.3	0
	1086	2.15572e+06	16821.8	0
	1087	2.15338e+06	16808.3	0
	1088	2.1511e+06	16794.7	0
	1089	2.14886e+06	16781.2	0
	1090	2.14666e+06	16767.6	0
	1091	2.14452e+06	16754	0
	1092	2.14242e+06	16740.5	0
	1093	2.14037e+06	16726.9	0
	1094	2.13837e+06	16713.3	0
	1095	2.13642e+06	16699.7	0
	1096	2.13451e+06	16686.1	0
	1097	2.13266e+06	16672.5	0
	1098	2.13086e+06	16659	0
	1099	2.1291e+06	16645.5	0
	1100	2.1274e+06	16632	0
	1101	2.12575e+06	16618.5	0
	1102	2.12415e+06	16605	0
	1103	2.1226e+06	16591.6	0
	1104	2.1211e+06	16578.2	0
	1105	2.11965e+06	16564.9	0
	1106	2.11826e+06	16551.6	0
	1107	2.11692e+06	16538.3	0
	1108	2.11563e+06	16525.1	0
	1109	2.1144e+06	16511.9	0
	1110	2.11321e+06	16498.8	0
	1111	2.11208e+06	16485.8	0
	1112	2.11101e+06	16472.8	0
	1113	2.10999e+06	16459.9	0
	1114	2.10902e+06	16447	0
	1115	2.10811e+06	16434.3	0
	1116	2.10725e+06	16421.6	0
	1117	2.10645e+06	16408.9	0
	1118	2.1057e+06	16396.4	0
	1119	2.105e+06	16383.9	0
	1120	2.10436e+06	16371.6	0
	1121	2.10378e+06	16359.3	0
	1122	2.10325e+06	16347.1	0
	1123	2.10278e+06	16335	0
	1124	2.10236e+06	16323	0
	1125	2.102e+06	16311.1	0
	1126	2.10169e+06	16299.3	0
	1127	2.10144e+06	16287.6	0
	1128	2.10125e+06	16276	0
	1129	2.10111e+06	16264.5	0
	1130	2.10103e+06	16253.2	0
	1131	2.101e+06	16242	0
	1132	2.10103e+06	16230.8	0
	1133	2.10111e+06	16219.8	0
	1134	2.10125e+06	16209	0
	1135	2.10145e+06	16198.2	0
	1136	2.1017e+06	16187.6	0
	1137	2.10201e+06	16177.1	0
	1138	2.10237e+06	16166.8	0
	1139	2.10279e+06	16156.6	0
	1140	2.10327e+06	16146.5	0
	1141	2.1038e+06	16136.6	0
	1142	2.10438e+06	16126.8	0
	1143	2.10502e+06	16117.2	0
	1144	2.10572e+06	16107.7	0
	1145	2.10647e+06	16098.4	0
	1146	2.10727e+06	16089.2	0
	1147	2.10813e+06	16080.2	0
	1148	2.10904e+06	16071.3	0
	1149	2.11001e+06	16062.6	0
	1150	2.11102e+06	16054	0
	1151	2.1121e+06	16045.6	0
	1152	2.11322e+06	16037.4	0
	1153	2.1144e+06	16029.4	0
	1154	2.11563e+06	16021.5	0
	1155	2.11691e+06	16013.7	0
	1156	2.11825e+06	16006.2	0
	1157	2.11963e+06	15998.8	0
	1158	2.12107e+06	15991.6	0
	1159	2.12255e+06	15984.6	0
	1160	2.12409e+06	15977.8	0
	1161	2.12567e+06	15971.1	0
	1162	2.12731e+06	15964.6	0
	1163	2.12899e+06	15958.3	0
	1164	2.13072e+06	15952.2	0
	1165	2.1325e+06	15946.3	0
	1166	2.13432e+06	15940.6	0
	1167	2.13619e+06	15935	0
	1168	2.13811e+06	15929.7	0
	1169	2.14007e+06	15924.5	0
	1170	2.14207e+06	15919.5	0
	1171	2.14412e+06	15914.7	0
	1172	2.14622e+06	15910.2	0
	1173	2.14835e+06	15905.8	0
	1174	2.15053e+06	15901.6	0
	1175	2.15275e+06	15897.6	0
	1176	2.155e+06	15893.8	0
	1177	2.1573e+06	15890.1	0
	1178	2.15964e+06	15886.7	0
	1179	2.16201e+06	15883.5	0
	1180	2.16442e+06	15880.5	0
	1181	2.16687e+06	15877.7	0
	1182	2.16935e+06	15875.1	0
	1183	2.17187e+06	15872.7	0
	1184	2.17442e+06	15870.5	0
	1185	2.177e+06	15868.5	0
	1186	2.17962e+06	15866.7	0
	1187	2.18227e+06	15865.1	0
	1188	2.18494e+06	15863.7	0
	1189	2.18765e+06	15862.5	0
	1190	2.19038e+06	15861.5	0
	1191	2.19314e+06	15860.7	0
	1192	2.19593e+06	15860.1	0
	1193	2.19874e+06	15859.8	0
	1194	2.20158e+06	15859.6	0
	1195	2.20444e+06	15859.6	0
	1196	2.20732e+06	15859.8	0
	1197	2.21022e+06	15860.2	0
	1198	2.21314e+06	15860.9	0
	1199	2.21608e+06	15861.7	0
	1200	2.21904e+06	15862.7	0
	1201	2.22202e+06	15863.9	0
	1202	2.22501e+06	15865.3	0
	1203	2.22802e+06	15867	0
	1204	2.23103e+06	15868.8	0
	1205	2.23407e+06	15870.8	0
	1206	2.23711e+06	15873	0
	1207	2.24016e+06	15875.4	0
	1208	2.24322e+06	15877.9	0
	1209	2.24629e+06	15880.7	0
	1210	2.24936e+06	15883.7	0
	1211	2.25244e+06	15886.8	0
	1212	2.25553e+06	15890.2	0
	1213	2.25861e+06	15893.7	0
	1214	2.2617e+06	15897.4	0
	1215	2.26479e+06	15901.3	0
	1216	2.26788e+06	15905.3	0
	1217	2.27097e+06	15909.6	0
	1218	2.27405e+06	15914	0
	1219	2.27713e+06	15918.6	0
	1220	2.28021e+06	15923.4	0
	1221	2.28328e+06	15928.3	0
	1222	2.28634e+06	15933.4	0
	1223	2.28939e+06	15938.7	0
	1224	2.29243e+06	15944.2	0
	1225	2.29547e+06	15949.8	0
	1226	2.29849e+06	15955.5	0
	1227	2.30149e+06	15961.5	0
	1228	2.30449e+06	15967.5	0
	1229	2.30747e+06	15973.8	0
	1230	2.31043e+06	15980.2	0
	1231	2.31337e+06	15986.7	0
	1232	2.3163e+06	15993.4	0
	1233	2.31921e+06	16000.2	0
	1234	2.32209e+06	16007.2	0
	1235	2.32496e+06	16014.3	0
	1236	2.3278e+06	16021.5	0
	1237	2.33062e+06	16028.9	0
	1238	2.33341e+06	16036.4	0
	1239	2.33618e+06	16044	0
	1240	2.33892e+06	16051.8	0
	1241	2.34164e+06	16059.6	0
	1242	2.34432e+06	16067.6	0
	1243	2.34698e+06	16075.7	0
	1244	2.34961e+06	16083.9	0
	1245	2.3522e+06	16092.3	0
	1246	2.35477e+06	16100.7	0
	1247	2.3573e+06	16109.2	0
	1248	2.3598e+06	16117.9	0
	1249	2.36226e+06	16126.6	0
	1250	2.36469e+06	16135.4	0
	1251	2.36709e+06	16144.3	0
	1252	2.36945e+06	16153.3	0
	1253	2.37177e+06	16162.4	0
	1254	2.37405e+06	16171.6	0
	1255	2.3763e+06	16180.8	0
	1256	2.3785e+06	16190.1	0
	1257	2.38067e+06	16199.5	0
	1258	2.38279e+06	16208.9	0
	1259	2.38488e+06	16218.5	0
	1260	2.38692e+06	16228	0
	1261	2.38892e+06	16237.6	0
	1262	2.39088e+06	16247.3	0
	1263	2.3928e+06	16257	0
	1264	2.39467e+06	16266.8	0
	1265	2.3965e+06	16276.6	0
	1266	2.39829e+06	16286.5	0
	1267	2.40003e+06	16296.3	0
	1268	2.40172e+06	16306.3	0
	1269	2.40337e+06	16316.2	0
	1270	2.40498e+06	16326.2	0
	1271	2.40654e+06	16336.1	0
	1272	2.40805e+06	16346.1	0
	1273	2.40952e+06	16356.2	0
	1274	2.41094e+06	16366.2	0
	1275	2.41231e+06	16376.2	0
	1276	2.41364e+06	16386.2	0
	1277	2.41492e+06	16396.3	0
	1278	2.41615e+06	16406.3	0
	1279	2.41733e+06	16416.3	0
	1280	2.41847e+06	16426.3	0
	1281	2.41956e+06	16436.3	0
	1282	2.4206e+06	16446.3	0
	1283	2.4216e+06	16456.3	0
	1284	2.42254e+06	16466.2	0
	1285	2.42344e+06	16476.1	0
	1286	2.42429e+06	16486	0
	1287	2.42509e+06	16495.8	0
	1288	2.42585e+06	16505.6	0
	1289	2.42656e+06	16515.4	0
	1290	2.42722e+06	16525.1	0
	1291	2.42783e+06	16534.8	0
	1292	2.4284e+06	16544.4	0
	1293	2.42892e+06	16554	0
	1294	2.42939e+06	16563.5	0
	1295	2.42982e+06	16573	0
	1296	2.4302e+06	16582.4	0
	1297	2.43053e+06	16591.7	0
	1298	2.43082e+06	16601	0
	1299	2.43106e+06	16610.2	0
	1300	2.43126e+06	16619.3	0
	1301	2.43141e+06	16628.3	0
	1302	2.43151e+06	16637.3	0
	1303	2.43158e+06	16646.2	0
	1304	2.43159e+06	16655	0
	1305	2.43157e+06	16663.7	0
	1306	2.4315e+06	16672.4	0
	1307	2.43139e+06	16680.9	0
	1308	2.43123e+06	16689.4	0
	1309	2.43103e+06	16697.7	0
	1310	2.43079e+06	16706	0
	1311	2.43051e+06	16714.1	0
	1312	2.43019e+06	16722.2	0
	1313	2.42983e+06	16730.1	0
	1314	2.42942e+06	16738	0
	1315	2.42898e+06	16745.7	0
	1316	2.4285e+06	16753.3	0
	1317	2.42798e+06	16760.8	0
	1318	2.42742e+06	16768.2	0
	1319	2.42682e+06	16775.5	0
	1320	2.42619e+06	16782.7	0
	1321	2.42552e+06	16789.7	0
	1322	2.42481e+06	16796.7	0
	1323	2.42407e+06	16803.5	0
	1324	2.42329e+06	16810.1	0
	1325	2.42248e+06	16816.7	0
	1326	2.42163e+06	16823.1	0
	1327	2.42075e+06	16829.4	0
	1328	2.41983e+06	16835.6	0
	1329	2.41889e+06	16841.6	0
	1330	2.41791e+06	16847.5	0
	1331	2.4169e+06	16853.3	0
	1332	2.41586e+06	16858.9	0
	1333	2.41479e+06	16864.4	0
	1334	2.41369e+06	16869.8	0
	1335	2.41256e+06	16875	0
	1336	2.4114e+06	16880.1	0
	1337	2.41022e+06	16885.1	0
	1338	2.409e+06	16889.9	0
	1339	2.40776e+06	16894.6	0
	1340	2.4065e+06	16899.1	0
	1341	2.40521e+06	16903.5	0
	1342	2.40389e+06	16907.7	0
	1343	2.40255e+06	16911.8	0
	1344	2.40119e+06	16915.8	0
	1345	2.3998e+06	16919.6	0
	1346	2.39839e+06	16923.3	0
	1347	2.39696e+06	16926.8	0
	1348	2.3955e+06	16930.2	0
	1349	2.39403e+06	16933.5	0
	1350	2.39254e+06	16936.6	0
	1351	2.39102e+06	16939.5	0
	1352	2.38949e+06	16942.3	0
	1353	2.38794e+06	16945	0
	1354	2.38637e+06	16947.5	0
	1355	2.38479e+06	16949.9	0
	1356	2.38319e+06	16952.1	0
	1357	2.38157e+06	16954.2	0
	1358	2.37994e+06	16956.2	0
	1359	2.37829e+06	16958	0
	1360	2.37663e+06	16959.7	0
	1361	2.37496e+06	16961.2	0
	1362	2.37327e+06	16962.6	0
	1363	2.37157e+06	16963.8	0
	1364	2.36986e+06	16964.9	0
	1365	2.36814e+06	16965.8	0
	1366	2.3664e+06	16966.7	0
	1367	2.36466e+06	16967.3	0
	1368	2.36291e+06	16967.9	0
	1369	2.36115e+06	16968.3	0
	1370	2.35938e+06	16968.6	0
	1371	2.3576e+06	16968.7	0
	1372	2.35582e+06	16968.7	0
	1373	2.35403e+06	16968.5	0
	1374	2.35223e+06	16968.3	0
	1375	2.35043e+06	16967.9	0
	1376	2.34862e+06	16967.3	0
	1377	2.34681e+06	16966.7	0
	1378	2.345e+06	16965.9	0
	1379	2.34318e+06	16965	0
	1380	2.34136e+06	16963.9	0
	1381	2.33954e+06	16962.7	0
	1382	2.33771e+06	16961.4	0
	1383	2.33589e+06	16960	0
	1384	2.33406e+06	16958.5	0
	1385	2.33223e+06	16956.8	0
	1386	2.33041e+06	16955	0
	1387	2.32858e+06	16953.1	0
	1388	2.32676e+06	16951.1	0
	1389	2.32494e+06	16949	0
	1390	2.32312e+06	16946.7	0
	1391	2.3213e+06	16944.4	0
	1392	2.31949e+06	16941.9	0
	1393	2.31768e+06	16939.3	0
	1394	2.31588e+06	16936.6	0
	1395	2.31408e+06	16933.8	0
	1396	2.31229e+06	16930.9	0
	1397	2.3105e+06	16927.9	0
	1398	2.30872e+06	16924.8	0
	1399	2.30694e+06	16921.6	0
	1400	2.30517e+06	16918.3	0
	1401	2.30341e+06	16914.9	0
	1402	2.30166e+06	16911.4	0
	1403	2.29992e+06	16907.8	0
	1404	2.29818e+06	16904.1	0
	1405	2.29646e+06	16900.4	0
	1406	2.29474e+06	16896.5	0
	1407	2.29303e+06	16892.6	0
	1408	2.29134e+06	16888.5	0
	1409	2.28966e+06	16884.4	0
	1410	2.28798e+06	16880.2	0
	1411	2.28632e+06	16875.9	0
	1412	2.28467e+06	16871.6	0
	1413	2.28304e+06	16867.1	0
	1414	2.28141e+06	16862.6	0
	1415	2.2798e+06	16858.1	0
	1416	2.27821e+06	16853.4	0
	1417	2.27662e+06	16848.7	0
	1418	2.27506e+06	16843.9	0
	1419	2.2735e+06	16839	0
	1420	2.27196e+06	16834.1	0
	1421	2.27044e+06	16829.2	0
	1422	2.26893e+06	16824.1	0
	1423	2.26744e+06	16819	0
	1424	2.26597e+06	16813.9	0
	1425	2.26451e+06	16808.7	0
	1426	2.26307e+06	16803.4	0
	1427	2.26165e+06	16798.1	0
	1428	2.26024e+06	16792.7	0
	1429	2.25885e+06	16787.3	0
	1430	2.25748e+06	16781.9	0
	1431	2.25613e+06	16776.4	0
	1432	2.2548e+06	16770.9	0
	1433	2.25349e+06	16765.3	0
	1434	2.25219e+06	16759.7	0
	1435	2.25092e+06	16754	0
	1436	2.24967e+06	16748.4	0
	1437	2.24843e+06	16742.7	0
	1438	2.24722e+06	16736.9	0
	1439	2.24602e+06	16731.2	0
	1440	2.24485e+06	16725.4	0
	1441	2.2437e+06	16719.5	0
	1442	2.24257e+06	16713.7	0
	1443	2.24146e+06	16707.8	0
	1444	2.24038e+06	16702	0
	1445	2.23931e+06	16696.1	0
	1446	2.23827e+06	16690.1	0
	1447	2.23725e+06	16684.2	0
	1448	2.23626e+06	16678.3	0
	1449	2.23528e+06	16672.3	0
	1450	2.23433e+06	16666.4	0
	1451	2.2334e+06	16660.4	0
	1452	2.2325e+06	16654.5	0
	1453	2.23162e+06	16648.5	0
	1454	2.23076e+06	16642.5	0
	1455	2.22993e+06	16636.5	0
	1456	2.22912e+06	16630.6	0
	1457	2.22833e+06	16624.6	0
	1458	2.22757e+06	16618.7	0
	1459	2.22683e+06	16612.7	0
	1460	2.22612e+06	16606.8	0
	1461	2.22543e+06	16600.9	0
	1462	2.22477e+06	16594.9	0
	1463	2.22413e+06	16589	0
	1464	2.22351e+06	16583.2	0
	1465	2.22292e+06	16577.3	0
	1466	2.22236e+06	16571.4	0
	1467	2.22182e+06	16565.6	0
	1468	2.22131e+06	16559.8	0
	1469	2.22082e+06	16554	0
	1470	2.22035e+06	16548.3	0
	1471	2.21992e+06	16542.6	0
	1472	2.2195e+06	16536.9	0
	1473	2.21912e+06	16531.2	0
	1474	2.21875e+06	16525.6	0
	1475	2.21842e+06	16520	0
	1476	2.21811e+06	16514.4	0
	1477	2.21782e+06	16508.9	0
	1478	2.21756e+06	16503.4	0
	1479	2.21733e+06	16497.9	0
	1480	2.21712e+06	16492.5	0
	1481	2.21693e+06	16487.2	0
	1482	2.21678e+06	16481.8	0
	1483	2.21664e+06	16476.6	0
	1484	2.21654e+06	16471.3	0
	1485	2.21645e+06	16466.1	0
	1486	2.2164e+06	16461	0
	1487	2.21637e+06	16455.9	0
	1488	2.21636e+06	16450.9	0
	1489	2.21638e+06	16445.9	0
	1490	2.21642e+06	16441	0
	1491	2.21649e+06	16436.1	0
	1492	2.21658e+06	16431.3	0
	1493	2.2167e+06	16426.5	0
	1494	2.21685e+06	16421.8	0
	1495	2.21701e+06	16417.2	0
	1496	2.2172e+06	16412.6	0
	1497	2.21742e+06	16408.1	0
	1498	2.21766e+06	16403.7	0
	1499	2.21792e+06	16399.3	0
	1500	2.21821e+06	16395	0
	1501	2.21852e+06	16390.7	0
	1502	2.21886e+06	16386.5	0
	1503	2.21922e+06	16382.4	0
	1504	2.2196e+06	16378.3	0
	1505	2.22001e+06	16374.4	0
	1506	2.22043e+06	16370.4	0
	1507	2.22088e+06	16366.6	0
	1508	2.22136e+06	16362.8	0
	1509	2.22185e+06	16359.2	0
	1510	2.22237e+06	16355.5	0
	1511	2.22291e+06	16352	0
	1512	2.22347e+06	16348.5	0
	1513	2.22405e+06	16345.1	0
	1514	2.22465e+06	16341.8	0
	1515	2.22528e+06	16338.6	0
	1516	2.22592e+06	16335.4	0
	1517	2.22658e+06	16332.4	0
	1518	2.22727e+06	16329.4	0
	1519	2.22797e+06	16326.5	0
	1520	2.2287e+06	16323.6	0
	1521	2.22944e+06	16320.9	0
	1522	2.2302e+06	16318.2	0
	1523	2.23098e+06	16315.6	0
	1524	2.23178e+06	16313.1	0
	1525	2.2326e+06	16310.7	0
	1526	2.23344e+06	16308.4	0
	1527	2.23429e+06	16306.1	0
	1528	2.23516e+06	16304	0
	1529	2.23605e+06	16301.9	0
	1530	2.23695e+06	16299.9	0
	1531	2.23787e+06	16298	0
	1532	2.2388e+06	16296.2	0
	1533	2.23975e+06	16294.4	0
	1534	2.24072e+06	16292.8	0
	1535	2.2417e+06	16291.2	0
	1536	2.2427e+06	16289.7	0
	1537	2.2437e+06	16288.4	0
	1538	2.24473e+06	16287.1	0
	1539	2.24576e+06	16285.8	0
	1540	2.24681e+06	16284.7	0
	1541	2.24787e+06	16283.7	0
	1542	2.24895e+06	16282.7	0
	1543	2.25003e+06	16281.9	0
	1544	2.25113e+06	16281.1	0
	1545	2.25224e+06	16280.4	0
	1546	2.25335e+06	16279.8	0
	1547	2.25448e+06	16279.3	0
	1548	2.25562e+06	16278.8	0
	1549	2.25677e+06	16278.5	0
	1550	2.25792e+06	16278.2	0
	1551	2.25909e+06	16278.1	0
	1552	2.26026e+06	16278	0
	1553	2.26144e+06	16278	0
	1554	2.26263e+06	16278.1	0
	1555	2.26383e+06	16278.3	0
	1556	2.26503e+06	16278.5	0
	1557	2.26624e+06	16278.9	0
	1558	2.26745e+06	16279.3	0
	1559	2.26867e+06	16279.8	0
	1560	2.26989e+06	16280.4	0
	1561	2.27112e+06	16281	0
	1562	2.27235e+06	16281.8	0
	1563	2.27359e+06	16282.6	0
	1564	2.27482e+06	16283.6	0
	1565	2.27606e+06	16284.5	0
	1566	2.27731e+06	16285.6	0
	1567	2.27855e+06	16286.8	0
	1568	2.2798e+06	16288	0
	1569	2.28105e+06	16289.3	0
	1570	2.28229e+06	16290.7	0
	1571	2.28354e+06	16292.2	0
	1572	2.28479e+06	16293.7	0
	1573	2.28604e+06	16295.3	0
	1574	2.28728e+06	16297	0
	1575	2.28853e+06	16298.8	0
	1576	2.28977e+06	16300.6	0
	1577	2.29101e+06	16302.5	0
	1578	2.29224e+06	16304.5	0
	1579	2.29348e+06	16306.5	0
	1580	2.29471e+06	16308.6	0
	1581	2.29593e+06	16310.8	0
	1582	2.29716e+06	16313.1	0
	1583	2.29837e+06	16315.4	0
	1584	2.29958e+06	16317.8	0
	1585	2.30079e+06	16320.2	0
	1586	2.30199e+06	16322.7	0
	1587	2.30318e+06	16325.3	0
	1588	2.30437e+06	16327.9	0
	1589	2.30555e+06	16330.6	0
	1590	2.30672e+06	16333.3	0
	1591	2.30789e+06	16336.1	0
	1592	2.30905e+06	16339	0
	1593	2.31019e+06	16341.9	0
	1594	2.31133e+06	16344.9	0
	1595	2.31246e+06	16347.9	0
	1596	2.31358e+06	16351	0
	1597	2.31469e+06	16354.1	0
	1598	2.31579e+06	16357.3	0
	1599	2.31688e+06	16360.5	0
	1600	2.31796e+06	16363.7	0
	1601	2.31903e+06	16367.1	0
	1602	2.32008e+06	16370.4	0
	1603	2.32113e+06	16373.8	0
	1604	2.32216e+06	16377.2	0
	1605	2.32318e+06	16380.7	0
	1606	2.32418e+06	16384.2	0
	1607	2.32518e+06	16387.8	0
	1608	2.32616e+06	16391.4	0
	1609	2.32712e+06	16395	0
	1610	2.32808e+06	16398.7	0
	1611	2.32902e+06	16402.4	0
	1612	2.32994e+06	16406.1	0
	1613	2.33085e+06	16409.9	0
	1614	2.33174e+06	16413.7	0
	1615	2.33262e+06	16417.5	0
	1616	2.33349e+06	16421.3	0
	1617	2.33434e+06	16425.2	0
	1618	2.33517e+06	16429	0
	1619	2.33599e+06	16433	0
	1620	2.33679e+06	16436.9	0
	1621	2.33758e+06	16440.8	0
	1622	2.33835e+06	16444.8	0
	1623	2.3391e+06	16448.8	0
	1624	2.33984e+06	16452.8	0
	1625	2.34056e+06	16456.8	0
	1626	2.34126e+06	16460.8	0
	1627	2.34194e+06	16464.8	0
	1628	2.34261e+06	16468.9	0
	1629	2.34326e+06	16472.9	0
	1630	2.34389e+06	16477	0
	1631	2.34451e+06	16481	0
	1632	2.3451e+06	16485.1	0
	1633	2.34568e+06	16489.2	0
	1634	2.34624e+06	16493.2	0
	1635	2.34679e+06	16497.3	0
	1636	2.34731e+06	16501.4	0
	1637	2.34782e+06	16505.4	0
	1638	2.34831e+06	16509.5	0
	1639	2.34878e+06	16513.6	0
	1640	2.34923e+06	16517.6	0
	1641	2.34966e+06	16521.7	0
	1642	2.35007e+06	16525.7	0
	1643	2.35047e+06	16529.7	0
	1644	2.35085e+06	16533.7	0
	1645	2.35121e+06	16537.7	0
	1646	2.35155e+06	16541.7	0
	1647	2.35187e+06	16545.7	0
	1648	2.35217e+06	16549.6	0
	1649	2.35246e+06	16553.6	0
	1650	2.35272e+06	16557.5	0
	1651	2.35297e+06	16561.4	0
	1652	2.3532e+06	16565.2	0
	1653	2.35341e+06	16569.1	0
	1654	2.3536e+06	16572.9	0
	1655	2.35378e+06	16576.7	0
	1656	2.35393e+06	16580.5	0
	1657	2.35407e+06	16584.3	0
	1658	2.35419e+06	16588	0
	1659	2.35429e+06	16591.7	0
	1660	2.35437e+06	16595.3	0
	1661	2.35444e+06	16599	0
	1662	2.35448e+06	16602.6	0
	1663	2.35451e+06	16606.1	0
	1664	2.35453e+06	16609.7	0
	1665	2.35452e+06	16613.2	0
	1666	2.3545e+06	16616.6	0
	1667	2.35446e+06	16620.1	0
	1668	2.3544e+06	16623.4	0
	1669	2.35432e+06	16626.8	0
	1670	2.35423e+06	16630.1	0
	1671	2.35412e+06	16633.4	0
	1672	2.354e+06	16636.6	0
	1673	2.35385e+06	16639.8	0
	1674	2.3537e+06	16642.9	0
	1675	2.35352e+06	16646	0
	1676	2.35333e+06	16649.1	0
	1677	2.35312e+06	16652.1	0
	1678	2.3529e+06	16655	0
	1679	2.35266e+06	16658	0
	1680	2.35241e+06	16660.8	0
	1681	2.35214e+06	16663.6	0
	1682	2.35186e+06	16666.4	0
	1683	2.35156e+06	16669.1	0
	1684	2.35124e+06	16671.8	0
	1685	2.35092e+06	16674.4	0
	1686	2.35057e+06	16677	0
	1687	2.35022e+06	16679.5	0
	1688	2.34985e+06	16682	0
	1689	2.34946e+06	16684.4	0
	1690	2.34907e+06	16686.8	0
	1691	2.34866e+06	16689.1	0
	1692	2.34823e+06	16691.3	0
	1693	2.3478e+06	16693.5	0
	1694	2.34735e+06	16695.7	0
	1695	2.34688e+06	16697.7	0
	1696	2.34641e+06	16699.8	0
	1697	2.34592e+06	16701.7	0
	1698	2.34543e+06	16703.7	0
	1699	2.34492e+06	16705.5	0
	1700	2.3444e+06	16707.3	0
	1701	2.34386e+06	16709.1	0
	1702	2.34332e+06	16710.8	0
	1703	2.34277e+06	16712.4	0
	1704	2.34221e+06	16714	0
	1705	2.34163e+06	16715.5	0
	1706	2.34105e+06	16717	0
	1707	2.34046e+06	16718.4	0
	1708	2.33985e+06	16719.7	0
	1709	2.33924e+06	16721	0
	1710	2.33862e+06	16722.2	0
	1711	2.33799e+06	16723.4	0
	1712	2.33735e+06	16724.5	0
	1713	2.33671e+06	16725.5	0
	1714	2.33605e+06	16726.5	0
	1715	2.33539e+06	16727.5	0
	1716	2.33472e+06	16728.3	0
	1717	2.33405e+06	16729.1	0
	1718	2.33337e+06	16729.9	0
	1719	2.33268e+06	16730.6	0
	1720	2.33198e+06	16731.2	0
	1721	2.33128e+06	16731.8	0
	1722	2.33057e+06	16732.3	0
	1723	2.32986e+06	16732.8	0
	1724	2.32914e+06	16733.2	0
	1725	2.32841e+06	16733.6	0
	1726	2.32768e+06	16733.9	0
	1727	2.32695e+06	16734.1	0
	1728	2.32621e+06	16734.3	0
	1729	2.32547e+06	16734.4	0
	1730	2.32472e+06	16734.4	0
	1731	2.32397e+06	16734.5	0
	1732	2.32322e+06	16734.4	0
	1733	2.32246e+06	16734.3	0
	1734	2.3217e+06	16734.1	0
	1735	2.32094e+06	16733.9	0
	1736	2.32017e+06	16733.7	0
	1737	2.3194e+06	16733.3	0
	1738	2.31864e+06	16733	0
	1739	2.31786e+06	16732.5	0
	1740	2.31709e+06	16732.1	0
	1741	2.31632e+06	16731.5	0
	1742	2.31554e+06	16731	0
	1743	2.31477e+06	16730.3	0
	1744	2.31399e+06	16729.6	0
	1745	2.31322e+06	16728.9	0
	1746	2.31244e+06	16728.1	0
	1747	2.31166e+06	16727.3	0
	1748	2.31089e+06	16726.4	0
	1749	2.31011e+06	16725.5	0
	1750	2.30934e+06	16724.5	0
	1751	2.30857e+06	16723.4	0
	1752	2.30779e+06	16722.4	0
	1753	2.30702e+06	16721.3	0
	1754	2.30626e+06	16720.1	0
	1755	2.30549e+06	16718.9	0
	1756	2.30472e+06	16717.6	0
	1757	2.30396e+06	16716.3	0
	1758	2.3032e+06	16715	0
	1759	2.30245e+06	16713.6	0
	1760	2.30169e+06	16712.2	0
	1761	2.30094e+06	16710.7	0
	1762	2.3002e+06	16709.2	0
	1763	2.29945e+06	16707.7	0
	1764	2.29871e+06	16706.1	0
	1765	2.29798e+06	16704.5	0
	1766	2.29725e+06	16702.8	0
	1767	2.29652e+06	16701.1	0
	1768	2.2958e+06	16699.4	0
	1769	2.29508e+06	16697.6	0
	1770	2.29437e+06	16695.8	0
	1771	2.29366e+06	16694	0
	1772	2.29296e+06	16692.1	0
	1773	2.29227e+06	16690.2	0
	1774	2.29158e+06	16688.3	0
	1775	2.29089e+06	16686.3	0
	1776	2.29021e+06	16684.3	0
	1777	2.28954e+06	16682.3	0
	1778	2.28888e+06	16680.3	0
	1779	2.28822e+06	16678.2	0
	1780	2.28756e+06	16676.1	0
	1781	2.28692e+06	16674	0
	1782	2.28628e+06	16671.8	0
	1783	2.28565e+06	16669.6	0
	1784	2.28503e+06	16667.4	0
	1785	2.28441e+06	16665.2	0
	1786	2.2838e+06	16662.9	0
	1787	2.2832e+06	16660.7	0
	1788	2.28261e+06	16658.4	0
	1789	2.28202e+06	16656.1	0
	1790	2.28145e+06	16653.7	0
	1791	2.28088e+06	16651.4	0
	1792	2.28032e+06	16649	0
	1793	2.27977e+06	16646.7	0
	1794	2.27923e+06	16644.3	0
	1795	2.27869e+06	16641.9	0
	1796	2.27817e+06	16639.4	0
	1797	2.27765e+06	16637	0
	1798	2.27715e+06	16634.5	0
	1799	2.27665e+06	16632.1	0
	1800	2.27616e+06	16629.6	0
	1801	2.27569e+06	16627.1	0
	1802	2.27522e+06	16624.6	0
	1803	2.27476e+06	16622.1	0
	1804	2.27431e+06	16619.6	0
	1805	2.27387e+06	16617.1	0
	1806	2.27344e+06	16614.6	0
	1807	2.27302e+06	16612.1	0
	1808	2.27261e+06	16609.6	0
	1809	2.27221e+06	16607	0
	1810	2.27183e+06	16604.5	0
	1811	2.27145e+06	16602	0
	1812	2.27108e+06	16599.4	0
	1813	2.27072e+06	16596.9	0
	1814	2.27038e+06	16594.3	0
	1815	2.27004e+06	16591.8	0
	1816	2.26972e+06	16589.3	0
	1817	2.2694e+06	16586.7	0
	1818	2.2691e+06	16584.2	0
	1819	2.2688e+06	16581.7	0
	1820	2.26852e+06	16579.2	0
	1821	2.26825e+06	16576.7	0
	1822	2.26799e+06	16574.2	0
	1823	2.26774e+06	16571.7	0
	1824	2.2675e+06	16569.2	0
	1825	2.26727e+06	16566.7	0
	1826	2.26706e+06	16564.2	0
	1827	2.26685e+06	16561.7	0
	1828	2.26666e+06	16559.3	0
	1829	2.26647e+06	16556.8	0
	1830	2.2663e+06	16554.4	0
	1831	2.26614e+06	16552	0
	1832	2.26599e+06	16549.6	0
	1833	2.26585e+06	16547.2	0
	1834	2.26572e+06	16544.8	0
	1835	2.2656e+06	16542.5	0
	1836	2.2655e+06	16540.1	0
	1837	2.2654e+06	16537.8	0
	1838	2.26532e+06	16535.5	0
	1839	2.26525e+06	16533.2	0
	1840	2.26518e+06	16530.9	0
	1841	2.26513e+06	16528.7	0
	1842	2.26509e+06	16526.5	0
	1843	2.26506e+06	16524.3	0
	1844	2.26504e+06	16522.1	0
	1845	2.26504e+06	16519.9	0
	1846	2.26504e+06	16517.7	0
	1847	2.26505e+06	16515.6	0
	1848	2.26508e+06	16513.5	0
	1849	2.26511e+06	16511.4	0
	1850	2.26516e+06	16509.4	0
	1851	2.26522e+06	16507.4	0
	1852	2.26528e+06	16505.4	0
	1853	2.26536e+06	16503.4	0
	1854	2.26545e+06	16501.4	0
	1855	2.26555e+06	16499.5	0
	1856	2.26565e+06	16497.6	0
	1857	2.26577e+06	16495.7	0
	1858	2.2659e+06	16493.9	0
	1859	2.26604e+06	16492.1	0
	1860	2.26619e+06	16490.3	0
	1861	2.26634e+06	16488.6	0
	1862	2.26651e+06	16486.8	0
	1863	2.26669e+06	16485.1	0
	1864	2.26688e+06	16483.5	0
	1865	2.26707e+06	16481.8	0
	1866	2.26728e+06	16480.2	0
	1867	2.26749e+06	16478.7	0
	1868	2.26772e+06	16477.1	0
	1869	2.26795e+06	16475.6	0
	1870	2.26819e+06	16474.2	0
	1871	2.26844e+06	16472.7	0
	1872	2.2687e+06	16471.3	0
	1873	2.26897e+06	16469.9	0
	1874	2.26924e+06	16468.6	0
	1875	2.26953e+06	16467.3	0
	1876	2.26982e+06	16466	0
	1877	2.27012e+06	16464.8	0
	1878	2.27043e+06	16463.6	0
	1879	2.27075e+06	16462.4	0
	1880	2.27107e+06	16461.3	0
	1881	2.2714e+06	16460.2	0
	1882	2.27174e+06	16459.1	0
	1883	2.27209e+06	16458.1	0
	1884	2.27244e+06	16457.1	0
	1885	2.2728e+06	16456.2	0
	1886	2.27317e+06	16455.2	0
	1887	2.27355e+06	16454.4	0
	1888	2.27393e+06	16453.5	0
	1889	2.27432e+06	16452.7	0
	1890	2.27471e+06	16451.9	0
	1891	2.27511e+06	16451.2	0
	1892	2.27552e+06	16450.5	0
	1893	2.27593e+06	16449.9	0
	1894	2.27634e+06	16449.2	0
	1895	2.27677e+06	16448.6	0
	1896	2.2772e+06	16448.1	0
	1897	2.27763e+06	16447.6	0
	1898	2.27807e+06	16447.1	0
	1899	2.27851e+06	16446.7	0
	1900	2.27896e+06	16446.3	0
	1901	2.27941e+06	16445.9	0
	1902	2.27987e+06	16445.6	0
	1903	2.28033e+06	16445.3	0
	1904	2.2808e+06	16445	0
	1905	2.28127e+06	16444.8	0
	1906	2.28174e+06	16444.6	0
	1907	2.28222e+06	16444.5	0
	1908	2.2827e+06	16444.4	0
	1909	2.28318e+06	16444.3	0
	1910	2.28367e+06	16444.3	0
	1911	2.28416e+06	16444.3	0
	1912	2.28465e+06	16444.3	0
	1913	2.28514e+06	16444.4	0
	1914	2.28564e+06	16444.5	0
	1915	2.28614e+06	16444.6	0
	1916	2.28664e+06	16444.8	0
	1917	2.28714e+06	16445	0
	1918	2.28765e+06	16445.2	0
	1919	2.28816e+06	16445.5	0
	1920	2.28866e+06	16445.8	0
	1921	2.28917e+06	16446.2	0
	1922	2.28968e+06	16446.6	0
	1923	2.29019e+06	16447	0
	1924	2.29071e+06	16447.4	0
	1925	2.29122e+06	16447.9	0
	1926	2.29173e+06	16448.4	0
	1927	2.29225e+06	16449	0
	1928	2.29276e+06	16449.5	0
	1929	2.29327e+06	16450.2	0
	1930	2.29378e+06	16450.8	0
	1931	2.2943e+06	16451.5	0
	1932	2.29481e+06	16452.2	0
	1933	2.29532e+06	16452.9	0
	1934	2.29583e+06	16453.7	0
	1935	2.29634e+06	16454.4	0
	1936	2.29684e+06	16455.3	0
	1937	2.29735e+06	16456.1	0
	1938	2.29785e+06	16457	0
	1939	2.29836e+06	16457.9	0
	1940	2.29886e+06	16458.8	0
	1941	2.29936e+06	16459.8	0
	1942	2.29985e+06	16460.8	0
	1943	2.30035e+06	16461.8	0
	1944	2.30084e+06	16462.8	0
	1945	2.30133e+06	16463.9	0
	1946	2.30182e+06	16465	0
	1947	2.3023e+06	16466.1	0
	1948	2.30278e+06	16467.2	0
	1949	2.30326e+06	16468.4	0
	1950	2.30373e+06	16469.5	0
	1951	2.3042e+06	16470.7	0
	1952	2.30467e+06	16472	0
	1953	2.30513e+06	16473.2	0
	1954	2.30559e+06	16474.5	0
	1955	2.30604e+06	16475.8	0
	1956	2.30649e+06	16477.1	0
	1957	2.30694e+06	16478.4	0
	1958	2.30738e+06	16479.8	0
	1959	2.30782e+06	16481.1	0
	1960	2.30825e+06	16482.5	0
	1961	2.30868e+06	16483.9	0
	1962	2.30911e+06	16485.3	0
	1963	2.30952e+06	16486.8	0
	1964	2.30994e+06	16488.2	0
	1965	2.31034e+06	16489.7	0
	1966	2.31075e+06	16491.2	0
	1967	2.31114e+06	16492.7	0
	1968	2.31154e+06	16494.2	0
	1969	2.31192e+06	16495.7	0
	1970	2.3123e+06	16497.2	0
	1971	2.31268e+06	16498.8	0
	1972	2.31305e+06	16500.3	0
	1973	2.31341e+06	16501.9	0
	1974	2.31377e+06	16503.5	0
	1975	2.31412e+06	16505.1	0
	1976	2.31446e+06	16506.7	0
	1977	2.3148e+06	16508.3	0
	1978	2.31513e+06	16509.9	0
	1979	2.31545e+06	16511.5	0
	1980	2.31577e+06	16513.2	0
	1981	2.31608e+06	16514.8	0
	1982	2.31639e+06	16516.4	0
	1983	2.31669e+06	16518.1	0
	1984	2.31698e+06	16519.7	0
	1985	2.31726e+06	16521.4	0
	1986	2.31754e+06	16523.1	0
	1987	2.31781e+06	16524.7	0
	1988	2.31808e+06	16526.4	0
	1989	2.31833e+06	16528.1	0
	1990	2.31858e+06	16529.7	0
	1991	2.31882e+06	16531.4	0
	1992	2.31906e+06	16533.1	0
	1993	2.31929e+06	16534.8	0
	1994	2.31951e+06	16536.4	0
	1995	2.31972e+06	16538.1	0
	1996	2.31993e+06	16539.8	0
	1997	2.32012e+06	16541.5	0
	1998	2.32032e+06	16543.1	0
	1999	2.3205e+06	16544.8	0
	2000	2.32068e+06	16546.5	0
	2001	2.32084e+06	16548.1	0
	2002	2.321e+06	16549.8	0
	2003	2.32116e+06	16551.4	0
	2004	2.3213e+06	16553	0
	2005	2.32144e+06	16554.7	0
	2006	2.32157e+06	16556.3	0
	2007	2.3217e+06	16557.9	0
	2008	2.32181e+06	16559.5	0
	2009	2.32192e+06	16561.2	0
	2010	2.32202e+06	16562.8	0
	2011	2.32212e+06	16564.3	0
	2012	2.3222e+06	16565.9	0
	2013	2.32228e+06	16567.5	0
	2014	2.32235e+06	16569	0
	2015	2.32242e+06	16570.6	0
	2016	2.32247e+06	16572.1	0
	2017	2.32252e+06	16573.7	0
	2018	2.32256e+06	16575.2	0
	2019	2.3226e+06	16576.7	0
	2020	2.32262e+06	16578.2	0
	2021	2.32264e+06	16579.6	0
	2022	2.32266e+06	16581.1	0
	2023	2.32266e+06	16582.5	0
	2024	2.32266e+06	16584	0
	2025	2.32265e+06	16585.4	0
	2026	2.32263e+06	16586.8	0
	2027	2.32261e+06	16588.2	0
	2028	2.32258e+06	16589.5	0
	2029	2.32254e+06	16590.9	0
	2030	2.3225e+06	16592.2	0
	2031	2.32244e+06	16593.6	0
	2032	2.32239e+06	16594.9	0
	2033	2.32232e+06	16596.1	0
	2034	2.32225e+06	16597.4	0
	2035	2.32217e+06	16598.7	0
	2036	2.32209e+06	16599.9	0
	2037	2.322e+06	16601.1	0
	2038	2.3219e+06	16602.3	0
	2039	2.32179e+06	16603.5	0
	2040	2.32168e+06	16604.6	0
	2041	2.32157e+06	16605.8	0
	2042	2.32144e+06	16606.9	0
	2043	2.32131e+06	16608	0
	2044	2.32118e+06	16609	0
	2045	2.32104e+06	16610.1	0
	2046	2.32089e+06	16611.1	0
	2047	2.32074e+06	16612.1	0
	2048	2.32058e+06	16613.1	0
	2049	2.32041e+06	16614.1	0
	2050	2.32025e+06	16615	0
	2051	2.32007e+06	16615.9	0
	2052	2.31989e+06	16616.8	0
	2053	2.3197e+06	16617.7	0
	2054	2.31951e+06	16618.6	0
	2055	2.31932e+06	16619.4	0
	2056	2.31911e+06	16620.2	0
	2057	2.31891e+06	16621	0
	2058	2.3187e+06	16621.7	0
	2059	2.31848e+06	16622.5	0
	2060	2.31826e+06	16623.2	0
	2061	2.31804e+06	16623.9	0
	2062	2.31781e+06	16624.5	0
	2063	2.31757e+06	16625.2	0
	2064	2.31733e+06	16625.8	0
	2065	2.31709e+06	16626.4	0
	2066	2.31684e+06	16627	0
	2067	2.31659e+06	16627.5	0
	2068	2.31634e+06	16628	0
	2069	2.31608e+06	16628.5	0
	2070	2.31582e+06	16629	0
	2071	2.31555e+06	16629.4	0
	2072	2.31528e+06	16629.9	0
	2073	2.31501e+06	16630.3	0
	2074	2.31474e+06	16630.6	0
	2075	2.31446e+06	16631	0
	2076	2.31417e+06	16631.3	0
	2077	2.31389e+06	16631.6	0
	2078	2.3136e+06	16631.9	0
	2079	2.31331e+06	16632.2	0
	2080	2.31302e+06	16632.4	0
	2081	2.31272e+06	16632.6	0
	2082	2.31242e+06	16632.8	0
	2083	2.31212e+06	16632.9	0
	2084	2.31182e+06	16633.1	0
	2085	2.31151e+06	16633.2	0
	2086	2.31121e+06	16633.3	0
	2087	2.3109e+06	16633.3	0
	2088	2.31059e+06	16633.4	0
	2089	2.31027e+06	16633.4	0
	2090	2.30996e+06	16633.4	0
	2091	2.30964e+06	16633.4	0
	2092	2.30933e+06	16633.3	0
	2093	2.30901e+06	16633.2	0
	2094	2.30869e+06	16633.1	0
	2095	2.30837e+06	16633	0
	2096	2.30804e+06	16632.9	0
	2097	2.30772e+06	16632.7	0
	2098	2.3074e+06	16632.5	0
	2099	2.30707e+06	16632.3	0
	2100	2.30675e+06	16632.1	0
	2101	2.30642e+06	16631.8	0
	2102	2.3061e+06	16631.6	0
	2103	2.30577e+06	16631.3	0
	2104	2.30545e+06	16630.9	0
	2105	2.30512e+06	16630.6	0
	2106	2.30479e+06	16630.3	0
	2107	2.30447e+06	16629.9	0
	2108	2.30414e+06	16629.5	0
	2109	2.30382e+06	16629.1	0
	2110	2.30349e+06	16628.6	0
	2111	2.30317e+06	16628.2	0
	2112	2.30284e+06	16627.7	0
	2113	2.30252e+06	16627.2	0
	2114	2.3022e+06	16626.7	0
	2115	2.30188e+06	16626.2	0
	2116	2.30156e+06	16625.6	0
	2117	2.30124e+06	16625	0
	2118	2.30092e+06	16624.5	0
	2119	2.3006e+06	16623.9	0
	2120	2.30029e+06	16623.2	0
	2121	2.29998e+06	16622.6	0
	2122	2.29966e+06	16622	0
	2123	2.29935e+06	16621.3	0
	2124	2.29904e+06	16620.6	0
	2125	2.29874e+06	16619.9	0
	2126	2.29843e+06	16619.2	0
	2127	2.29813e+06	16618.5	0
	2128	2.29783e+06	16617.7	0
	2129	2.29753e+06	16616.9	0
	2130	2.29723e+06	16616.2	0
	2131	2.29694e+06	16615.4	0
	2132	2.29664e+06	16614.6	0
	2133	2.29635e+06	16613.8	0
	2134	2.29607e+06	16612.9	0
	2135	2.29578e+06	16612.1	0
	2136	2.2955e+06	16611.3	0
	2137	2.29522e+06	16610.4	0
	2138	2.29495e+06	16609.5	0
	2139	2.29467e+06	16608.6	0
	2140	2.2944e+06	16607.7	0
	2141	2.29413e+06	16606.8	0
	2142	2.29387e+06	16605.9	0
	2143	2.29361e+06	16605	0
	2144	2.29335e+06	16604	0
	2145	2.2931e+06	16603.1	0
	2146	2.29285e+06	16602.1	0
	2147	2.2926e+06	16601.2	0
	2148	2.29235e+06	16600.2	0
	2149	2.29211e+06	16599.2	0
	2150	2.29188e+06	16598.2	0
	2151	2.29164e+06	16597.2	0
	2152	2.29141e+06	16596.2	0
	2153	2.29119e+06	16595.2	0
	2154	2.29096e+06	16594.2	0
	2155	2.29075e+06	16593.2	0
	2156	2.29053e+06	16592.2	0
	2157	2.29032e+06	16591.1	0
	2158	2.29011e+06	16590.1	0
	2159	2.28991e+06	16589.1	0
	2160	2.28971e+06	16588	0
	2161	2.28952e+06	16587	0
	2162	2.28933e+06	16585.9	0
	2163	2.28914e+06	16584.9	0
	2164	2.28896e+06	16583.8	0
	2165	2.28878e+06	16582.8	0
	2166	2.28861e+06	16581.7	0
	2167	2.28844e+06	16580.6	0
	2168	2.28828e+06	16579.6	0
	2169	2.28812e+06	16578.5	0
	2170	2.28796e+06	16577.4	0
	2171	2.28781e+06	16576.4	0
	2172	2.28766e+06	16575.3	0
	2173	2.28752e+06	16574.2	0
	2174	2.28738e+06	16573.2	0
	2175	2.28725e+06	16572.1	0
	2176	2.28712e+06	16571.1	0
	2177	2.287e+06	16570	0
	2178	2.28688e+06	16568.9	0
	2179	2.28677e+06	16567.9	0
	2180	2.28666e+06	16566.8	0
	2181	2.28655e+06	16565.8	0
	2182	2.28645e+06	16564.7	0
	2183	2.28635e+06	16563.7	0
	2184	2.28626e+06	16562.6	0
	2185	2.28618e+06	16561.6	0
	2186	2.28609e+06	16560.6	0
	2187	2.28602e+06	16559.5	0
	2188	2.28594e+06	16558.5	0
	2189	2.28588e+06	16557.5	0
	2190	2.28581e+06	16556.5	0
	2191	2.28575e+06	16555.5	0
	2192	2.2857e+06	16554.5	0
	2193	2.28565e+06	16553.5	0
	2194	2.28561e+06	16552.5	0
	2195	2.28557e+06	16551.5	0
	2196	2.28553e+06	16550.6	0
	2197	2.2855e+06	16549.6	0
	2198	2.28548e+06	16548.6	0
	2199	2.28546e+06	16547.7	0
	2200	2.28544e+06	16546.8	0
	2201	2.28543e+06	16545.8	0
	2202	2.28542e+06	16544.9	0
	2203	2.28542e+06	16544	0
	2204	2.28542e+06	16543.1	0
	2205	2.28543e+06	16542.2	0
	2206	2.28544e+06	16541.3	0
	2207	2.28545e+06	16540.4	0
	2208	2.28547e+06	16539.6	0
	2209	2.28549e+06	16538.7	0
	2210	2.28552e+06	16537.9	0
	2211	2.28556e+06	16537	0
	2212	2.28559e+06	16536.2	0
	2213	2.28563e+06	16535.4	0
	2214	2.28568e+06	16534.6	0
	2215	2.28573e+06	16533.8	0
	2216	2.28578e+06	16533	0
	2217	2.28584e+06	16532.3	0
	2218	2.28591e+06	16531.5	0
	2219	2.28597e+06	16530.8	0
	2220	2.28604e+06	16530.1	0
	2221	2.28612e+06	16529.3	0
	2222	2.2862e+06	16528.6	0
	2223	2.28628e+06	16528	0
	2224	2.28637e+06	16527.3	0
	2225	2.28646e+06	16526.6	0
	2226	2.28655e+06	16526	0
	2227	2.28665e+06	16525.3	0
	2228	2.28675e+06	16524.7	0
	2229	2.28685e+06	16524.1	0
	2230	2.28696e+06	16523.5	0
	2231	2.28708e+06	16522.9	0
	2232	2.28719e+06	16522.4	0
	2233	2.28731e+06	16521.8	0
	2234	2.28743e+06	16521.3	0
	2235	2.28756e+06	16520.8	0
	2236	2.28769e+06	16520.3	0
	2237	2.28782e+06	16519.8	0
	2238	2.28796e+06	16519.3	0
	2239	2.2881e+06	16518.8	0
	2240	2.28824e+06	16518.4	0
	2241	2.28838e+06	16518	0
	2242	2.28853e+06	16517.5	0
	2243	2.28868e+06	16517.1	0
	2244	2.28884e+06	16516.8	0
	2245	2.28899e+06	16516.4	0
	2246	2.28915e+06	16516	0
	2247	2.28931e+06	16515.7	0
	2248	2.28948e+06	16515.4	0
	2249	2.28964e+06	16515.1	0
	2250	2.28981e+06	16514.8	0
	2251	2.28999e+06	16514.5	0
	2252	2.29016e+06	16514.2	0
	2253	2.29034e+06	16514	0
	2254	2.29051e+06	16513.7	0
	2255	2.29069e+06	16513.5	0
	2256	2.29088e+06	16513.3	0
	2257	2.29106e+06	16513.1	0
	2258	2.29125e+06	16513	0
	2259	2.29144e+06	16512.8	0
	2260	2.29163e+06	16512.7	0
	2261	2.29182e+06	16512.5	0
	2262	2.29201e+06	16512.4	0
	2263	2.29221e+06	16512.3	0
	2264	2.2924e+06	16512.3	0
	2265	2.2926e+06	16512.2	0
	2266	2.2928e+06	16512.2	0
	2267	2.293e+06	16512.1	0
	2268	2.29321e+06	16512.1	0
	2269	2.29341e+06	16512.1	0
	2270	2.29361e+06	16512.1	0
	2271	2.29382e+06	16512.1	0
	2272	2.29402e+06	16512.2	0
	2273	2.29423e+06	16512.2	0
	2274	2.29444e+06	16512.3	0
	2275	2.29465e+06	16512.4	0
	2276	2.29486e+06	16512.5	0
	2277	2.29507e+06	16512.6	0
	2278	2.29528e+06	16512.7	0
	2279	2.29549e+06	16512.9	0
	2280	2.2957e+06	16513	0
	2281	2.29591e+06	16513.2	0
	2282	2.29613e+06	16513.4	0
	2283	2.29634e+06	16513.6	0
	2284	2.29655e+06	16513.8	0
	2285	2.29676e+06	16514	0
	2286	2.29698e+06	16514.3	0
	2287	2.29719e+06	16514.5	0
	2288	2.2974e+06	16514.8	0
	2289	2.29761e+06	16515.1	0
	2290	2.29782e+06	16515.3	0
	2291	2.29804e+06	16515.6	0
	2292	2.29825e+06	16516	0
	2293	2.29846e+06	16516.3	0
	2294	2.29867e+06	16516.6	0
	2295	2.29888e+06	16517	0
	2296	2.29909e+06	16517.3	0
	2297	2.29929e+06	16517.7	0
	2298	2.2995e+06	16518.1	0
	2299	2.29971e+06	16518.5	0
	2300	2.29991e+06	16518.9	0
	2301	2.30012e+06	16519.3	0
	2302	2.30032e+06	16519.7	0
	2303	2.30052e+06	16520.2	0
	2304	2.30073e+06	16520.6	0
	2305	2.30093e+06	16521.1	0
	2306	2.30112e+06	16521.6	0
	2307	2.30132e+06	16522	0
	2308	2.30152e+06	16522.5	0
	2309	2.30171e+06	16523	0
	2310	2.30191e+06	16523.5	0
	2311	2.3021e+06	16524.1	0
	2312	2.30229e+06	16524.6	0
	2313	2.30248e+06	16525.1	0
	2314	2.30266e+06	16525.7	0
	2315	2.30285e+06	16526.2	0
	2316	2.30303e+06	16526.8	0
	2317	2.30321e+06	16527.3	0
	2318	2.30339e+06	16527.9	0
	2319	2.30357e+06	16528.5	0
	2320	2.30375e+06	16529.1	0
	2321	2.30392e+06	16529.7	0
	2322	2.30409e+06	16530.3	0
	2323	2.30426e+06	16530.9	0
	2324	2.30443e+06	16531.5	0
	2325	2.30459e+06	16532.1	0
	2326	2.30475e+06	16532.7	0
	2327	2.30491e+06	16533.4	0
	2328	2.30507e+06	16534	0
	2329	2.30523e+06	16534.6	0
	2330	2.30538e+06	16535.3	0
	2331	2.30553e+06	16535.9	0
	2332	2.30568e+06	16536.6	0
	2333	2.30583e+06	16537.2	0
	2334	2.30597e+06	16537.9	0
	2335	2.30611e+06	16538.6	0
	2336	2.30625e+06	16539.2	0
	2337	2.30638e+06	16539.9	0
	2338	2.30652e+06	16540.6	0
	2339	2.30665e+06	16541.3	0
	2340	2.30677e+06	16541.9	0
	2341	2.3069e+06	16542.6	0
	2342	2.30702e+06	16543.3	0
	2343	2.30714e+06	16544	0
	2344	2.30725e+06	16544.7	0
	2345	2.30737e+06	16545.4	0
	2346	2.30748e+06	16546.1	0
	2347	2.30758e+06	16546.8	0
	2348	2.30769e+06	16547.5	0
	2349	2.30779e+06	16548.2	0
	2350	2.30789e+06	16548.8	0
	2351	2.30798e+06	16549.5	0
	2352	2.30808e+06	16550.2	0
	2353	2.30817e+06	16550.9	0
	2354	2.30825e+06	16551.6	0
	2355	2.30834e+06	16552.3	0
	2356	2.30842e+06	16553	0
	2357	2.30849e+06	16553.7	0
	2358	2.30857e+06	16554.4	0
	2359	2.30864e+06	16555.1	0
	2360	2.30871e+06	16555.8	0
	2361	2.30877e+06	16556.4	0
	2362	2.30884e+06	16557.1	0
	2363	2.30889e+06	16557.8	0
	2364	2.30895e+06	16558.5	0
	2365	2.309e+06	16559.1	0
	2366	2.30905e+06	16559.8	0
	2367	2.3091e+06	16560.5	0
	2368	2.30914e+06	16561.1	0
	2369	2.30918e+06	16561.8	0
	2370	2.30922e+06	16562.5	0
	2371	2.30925e+06	16563.1	0
	2372	2.30929e+06	16563.8	0
	2373	2.30931e+06	16564.4	0
	2374	2.30934e+06	16565	0
	2375	2.30936e+06	16565.7	0
	2376	2.30938e+06	16566.3	0
	2377	2.3094e+06	16566.9	0
	2378	2.30941e+06	16567.5	0
	2379	2.30942e+06	16568.2	0
	2380	2.30943e+06	16568.8	0
	2381	2.30943e+06	16569.4	0
	2382	2.30943e+06	16570	0
	2383	2.30943e+06	16570.6	0
	2384	2.30942e+06	16571.1	0
	2385	2.30941e+06	16571.7	0
	2386	2.3094e+06	16572.3	0
	2387	2.30939e+06	16572.8	0
	2388	2.30937e+06	16573.4	0
	2389	2.30935e+06	16574	0
	2390	2.30933e+06	16574.5	0
	2391	2.30931e+06	16575	0
	2392	2.30928e+06	16575.6	0
	2393	2.30925e+06	16576.1	0
	2394	2.30921e+06	16576.6	0
	2395	2.30918e+06	16577.1	0
	2396	2.30914e+06	16577.6	0
	2397	2.3091e+06	16578.1	0
	2398	2.30905e+06	16578.6	0
	2399	2.30901e+06	16579	0
	2400	2.30896e+06	16579.5	0
	2401	2.3089e+06	16580	0
	2402	2.30885e+06	16580.4	0
	2403	2.30879e+06	16580.8	0
	2404	2.30873e+06	16581.3	0
	2405	2.30867e+06	16581.7	0
	2406	2.30861e+06	16582.1	0
	2407	2.30854e+06	16582.5	0
	2408	2.30847e+06	16582.9	0
	2409	2.3084e+06	16583.3	0
	2410	2.30833e+06	16583.7	0
	2411	2.30825e+06	16584	0
	2412	2.30817e+06	16584.4	0
	2413	2.30809e+06	16584.7	0
	2414	2.30801e+06	16585.1	0
	2415	2.30792e+06	16585.4	0
	2416	2.30784e+06	16585.7	0
	2417	2.30775e+06	16586	0
	2418	2.30766e+06	16586.3	0
	2419	2.30757e+06	16586.6	0
	2420	2.30747e+06	16586.9	0
	2421	2.30737e+06	16587.2	0
	2422	2.30728e+06	16587.4	0
	2423	2.30718e+06	16587.7	0
	2424	2.30708e+06	16587.9	0
	2425	2.30697e+06	16588.2	0
	2426	2.30687e+06	16588.4	0
	2427	2.30676e+06	16588.6	0
	2428	2.30665e+06	16588.8	0
	2429	2.30654e+06	16589	0
	2430	2.30643e+06	16589.2	0
	2431	2.30632e+06	16589.3	0
	2432	2.3062e+06	16589.5	0
	2433	2.30609e+06	16589.6	0
	2434	2.30597e+06	16589.8	0
	2435	2.30585e+06	16589.9	0
	2436	2.30573e+06	16590	0
	2437	2.30561e+06	16590.1	0
	2438	2.30549e+06	16590.2	0
	2439	2.30537e+06	16590.3	0
	2440	2.30524e+06	16590.4	0
	2441	2.30512e+06	16590.5	0
	2442	2.30499e+06	16590.5	0
	2443	2.30487e+06	16590.6	0
	2444	2.30474e+06	16590.6	0
	2445	2.30461e+06	16590.7	0
	2446	2.30448e+06	16590.7	0
	2447	2.30435e+06	16590.7	0
	2448	2.30422e+06	16590.7	0
	2449	2.30409e+06	16590.7	0
	2450	2.30396e+06	16590.7	0
	2451	2.30382e+06	16590.6	0
	2452	2.30369e+06	16590.6	0
	2453	2.30356e+06	16590.6	0
	2454	2.30342e+06	16590.5	0
	2455	2.30329e+06	16590.4	0
	2456	2.30315e+06	16590.4	0
	2457	2.30302e+06	16590.3	0
	2458	2.30288e+06	16590.2	0
	2459	2.30275e+06	16590.1	0
	2460	2.30261e+06	16590	0
	2461	2.30247e+06	16589.9	0
	2462	2.30234e+06	16589.7	0
	2463	2.3022e+06	16589.6	0
	2464	2.30207e+06	16589.5	0
	2465	2.30193e+06	16589.3	0
	2466	2.30179e+06	16589.1	0
	2467	2.30166e+06	16589	0
	2468	2.30152e+06	16588.8	0
	2469	2.30139e+06	16588.6	0
	2470	2.30125e+06	16588.4	0
	2471	2.30111e+06	16588.2	0
	2472	2.30098e+06	16588	0
	2473	2.30085e+06	16587.8	0
	2474	2.30071e+06	16587.6	0
	2475	2.30058e+06	16587.3	0
	2476	2.30044e+06	16587.1	0
	2477	2.30031e+06	16586.8	0
	2478	2.30018e+06	16586.6	0
	2479	2.30005e+06	16586.3	0
	2480	2.29992e+06	16586	0
	2481	2.29979e+06	16585.8	0
	2482	2.29966e+06	16585.5	0
	2483	2.29953e+06	16585.2	0
	2484	2.2994e+06	16584.9	0
	2485	2.29927e+06	16584.6	0
	2486	2.29915e+06	16584.3	0
	2487	2.29902e+06	16584	0
	2488	2.2989e+06	16583.7	0
	2489	2.29877e+06	16583.3	0
	2490	2.29865e+06	16583	0
	2491	2.29853e+06	16582.7	0
	2492	2.29841e+06	16582.3	0
	2493	2.29829e+06	16582	0
	2494	2.29817e+06	16581.6	0
	2495	2.29805e+06	16581.3	0
	2496	2.29794e+06	16580.9	0
	2497	2.29782e+06	16580.5	0
	2498	2.29771e+06	16580.1	0
	2499	2.2976e+06	16579.8	0
	2500	2.29748e+06	16579.4	0
	2501	2.29738e+06	16579	0
	2502	2.29727e+06	16578.6	0
	2503	2.29716e+06	16578.2	0
	2504	2.29705e+06	16577.8	0
	2505	2.29695e+06	16577.4	0
	2506	2.29685e+06	16577	0
	2507	2.29675e+06	16576.6	0
	2508	2.29665e+06	16576.2	0
	2509	2.29655e+06	16575.8	0
	2510	2.29645e+06	16575.4	0
	2511	2.29636e+06	16574.9	0
	2512	2.29626e+06	16574.5	0
	2513	2.29617e+06	16574.1	0
	2514	2.29608e+06	16573.7	0
	2515	2.29599e+06	16573.2	0
	2516	2.29591e+06	16572.8	0
	2517	2.29582e+06	16572.4	0
	2518	2.29574e+06	16571.9	0
	2519	2.29565e+06	16571.5	0
	2520	2.29557e+06	16571.1	0
	2521	2.2955e+06	16570.6	0
	2522	2.29542e+06	16570.2	0
	2523	2.29535e+06	16569.7	0
	2524	2.29527e+06	16569.3	0
	2525	2.2952e+06	16568.9	0
	2526	2.29513e+06	16568.4	0
	2527	2.29506e+06	16568	0
	2528	2.295e+06	16567.5	0
	2529	2.29494e+06	16567.1	0
	2530	2.29487e+06	16566.6	0
	2531	2.29481e+06	16566.2	0
	2532	2.29476e+06	16565.7	0
	2533	2.2947e+06	16565.3	0
	2534	2.29465e+06	16564.9	0
	2535	2.29459e+06	16564.4	0
	2536	2.29454e+06	16564	0
	2537	2.29449e+06	16563.5	0
	2538	2.29445e+06	16563.1	0
	2539	2.2944e+06	16562.6	0
	2540	2.29436e+06	16562.2	0
	2541	2.29432e+06	16561.8	0
	2542	2.29428e+06	16561.3	0
	2543	2.29425e+06	16560.9	0
	2544	2.29421e+06	16560.5	0
	2545	2.29418e+06	16560	0
	2546	2.29415e+06	16559.6	0
	2547	2.29412e+06	16559.2	0
	2548	2.29409e+06	16558.8	0
	2549	2.29407e+06	16558.3	0
	2550	2.29405e+06	16557.9	0
	2551	2.29402e+06	16557.5	0
	2552	2.29401e+06	16557.1	0
	2553	2.29399e+06	16556.7	0
	2554	2.29397e+06	16556.3	0
	2555	2.29396e+06	16555.9	0
	2556	2.29395e+06	16555.5	0
	2557	2.29394e+06	16555.1	0
	2558	2.29393e+06	16554.7	0
	2559	2.29393e+06	16554.3	0
	2560	2.29392e+06	16553.9	0
	2561	2.29392e+06	16553.5	0
	2562	2.29392e+06	16553.1	0
	2563	2.29393e+06	16552.8	0
	2564	2.29393e+06	16552.4	0
	2565	2.29394e+06	16552	0
	2566	2.29394e+06	16551.7	0
	2567	2.29395e+06	16551.3	0
	2568	2.29397e+06	16551	0
	2569	2.29398e+06	16550.6	0
	2570	2.29399e+06	16550.3	0
	2571	2.29401e+06	16549.9	0
	2572	2.29403e+06	16549.6	0
	2573	2.29405e+06	16549.3	0
	2574	2.29407e+06	16548.9	0
	2575	2.2941e+06	16548.6	0
	2576	2.29412e+06	16548.3	0
	2577	2.29415e+06	16548	0
	2578	2.29418e+06	16547.7	0
	2579	2.29421e+06	16547.4	0
	2580	2.29424e+06	16547.1	0
	2581	2.29428e+06	16546.8	0
	2582	2.29431e+06	16546.5	0
	2583	2.29435e+06	16546.2	0
	2584	2.29439e+06	16546	0
	2585	2.29443e+06	16545.7	0
	2586	2.29447e+06	16545.4	0
	2587	2.29452e+06	16545.2	0
	2588	2.29456e+06	16544.9	0
	2589	2.29461e+06	16544.7	0
	2590	2.29466e+06	16544.5	0
	2591	2.29471e+06	16544.2	0
	2592	2.29476e+06	16544	0
	2593	2.29481e+06	16543.8	0
	2594	2.29486e+06	16543.6	0
	2595	2.29492e+06	16543.4	0
	2596	2.29498e+06	16543.2	0
	2597	2.29503e+06	16543	0
	2598	2.29509e+06	16542.8	0
	2599	2.29515e+06	16542.6	0
	2600	2.29521e+06	16542.4	0
	2601	2.29528e+06	16542.3	0
	2602	2.29534e+06	16542.1	0
	2603	2.29541e+06	16541.9	0
	2604	2.29547e+06	16541.8	0
	2605	2.29554e+06	16541.6	0
	2606	2.29561e+06	16541.5	0
	2607	2.29568e+06	16541.4	0
	2608	2.29575e+06	16541.2	0
	2609	2.29582e+06	16541.1	0
	2610	2.29589e+06	16541	0
	2611	2.29596e+06	16540.9	0
	2612	2.29604e+06	16540.8	0
	2613	2.29611e+06	16540.7	0
	2614	2.29619e+06	16540.6	0
	2615	2.29627e+06	16540.6	0
	2616	2.29634e+06	16540.5	0
	2617	2.29642e+06	16540.4	0
	2618	2.2965e+06	16540.4	0
	2619	2.29658e+06	16540.3	0
	2620	2.29666e+06	16540.3	0
	2621	2.29674e+06	16540.2	0
	2622	2.29682e+06	16540.2	0
	2623	2.29691e+06	16540.2	0
	2624	2.29699e+06	16540.1	0
	2625	2.29707e+06	16540.1	0
	2626	2.29716e+06	16540.1	0
	2627	2.29724e+06	16540.1	0
	2628	2.29733e+06	16540.1	0
	2629	2.29741e+06	16540.1	0
	2630	2.2975e+06	16540.1	0
	2631	2.29758e+06	16540.2	0
	2632	2.29767e+06	16540.2	0
	2633	2.29776e+06	16540.2	0
	2634	2.29784e+06	16540.3	0
	2635	2.29793e+06	16540.3	0
	2636	2.29802e+06	16540.4	0
	2637	2.29811e+06	16540.4	0
	2638	2.2982e+06	16540.5	0
	2639	2.29828e+06	16540.5	0
	2640	2.29837e+06	16540.6	0
	2641	2.29846e+06	16540.7	0
	2642	2.29855e+06	16540.8	0
	2643	2.29864e+06	16540.9	0
	2644	2.29872e+06	16541	0
	2645	2.29881e+06	16541.1	0
	2646	2.2989e+06	16541.2	0
	2647	2.29899e+06	16541.3	0
	2648	2.29908e+06	16541.4	0
	2649	2.29916e+06	16541.6	0
	2650	2.29925e+06	16541.7	0
	2651	2.29934e+06	16541.8	0
	2652	2.29943e+06	16542	0
	2653	2.29951e+06	16542.1	0
	2654	2.2996e+06	16542.2	0
	2655	2.29969e+06	16542.4	0
	2656	2.29977e+06	16542.6	0
	2657	2.29986e+06	16542.7	0
	2658	2.29995e+06	16542.9	0
	2659	2.30003e+06	16543.1	0
	2660	2.30012e+06	16543.2	0
	2661	2.3002e+06	16543.4	0
	2662	2.30028e+06	16543.6	0
	2663	2.30037e+06	16543.8	0
	2664	2.30045e+06	16544	0
	2665	2.30053e+06	16544.2	0
	2666	2.30061e+06	16544.4	0
	2667	2.30069e+06	16544.6	0
	2668	2.30077e+06	16544.8	0
	2669	2.30085e+06	16545	0
	2670	2.30093e+06	16545.2	0
	2671	2.30101e+06	16545.5	0
	2672	2.30109e+06	16545.7	0
	2673	2.30117e+06	16545.9	0
	2674	2.30124e+06	16546.2	0
	2675	2.30132e+06	16546.4	0
	2676	2.30139e+06	16546.6	0
	2677	2.30147e+06	16546.9	0
	2678	2.30154e+06	16547.1	0
	2679	2.30161e+06	16547.4	0
	2680	2.30168e+06	16547.6	0
	2681	2.30175e+06	16547.9	0
	2682	2.30182e+06	16548.1	0
	2683	2.30189e+06	16548.4	0
	2684	2.30196e+06	16548.6	0
	2685	2.30203e+06	16548.9	0
	2686	2.30209e+06	16549.1	0
	2687	2.30216e+06	16549.4	0
	2688	2.30222e+06	16549.7	0
	2689	2.30228e+06	16550	0
	2690	2.30235e+06	16550.2	0
	2691	2.30241e+06	16550.5	0
	2692	2.30247e+06	16550.8	0
	2693	2.30253e+06	16551	0
	2694	2.30258e+06	16551.3	0
	2695	2.30264e+06	16551.6	0
	2696	2.3027e+06	16551.9	0
	2697	2.30275e+06	16552.2	0
	2698	2.3028e+06	16552.5	0
	2699	2.30286e+06	16552.7	0
	2700	2.30291e+06	16553	0
	2701	2.30296e+06	16553.3	0
	2702	2.303e+06	16553.6	0
	2703	2.30305e+06	16553.9	0
	2704	2.3031e+06	16554.2	0
	2705	2.30314e+06	16554.5	0
	2706	2.30319e+06	16554.7	0
	2707	2.30323e+06	16555	0
	2708	2.30327e+06	16555.3	0
	2709	2.30331e+06	16555.6	0
	2710	2.30335e+06	16555.9	0
	2711	2.30339e+06	16556.2	0
	2712	2.30342e+06	16556.5	0
	2713	2.30346e+06	16556.8	0
	2714	2.30349e+06	16557	0
	2715	2.30353e+06	16557.3	0
	2716	2.30356e+06	16557.6	0
	2717	2.30359e+06	16557.9	0
	2718	2.30362e+06	16558.2	0
	2719	2.30364e+06	16558.5	0
	2720	2.30367e+06	16558.8	0
	2721	2.30369e+06	16559	0
	2722	2.30372e+06	16559.3	0
	2723	2.30374e+06	16559.6	0
	2724	2.30376e+06	16559.9	0
	2725	2.30378e+06	16560.2	0
	2726	2.3038e+06	16560.4	0
	2727	2.30382e+06	16560.7	0
	2728	2.30383e+06	16561	0
	2729	2.30385e+06	16561.3	0
	2730	2.30386e+06	16561.5	0
	2731	2.30387e+06	16561.8	0
	2732	2.30388e+06	16562.1	0
	2733	2.30389e+06	16562.3	0
	2734	2.3039e+06	16562.6	0
	2735	2.30391e+06	16562.8	0
	2736	2.30392e+06	16563.1	0
	2737	2.30392e+06	16563.4	0
	2738	2.30392e+06	16563.6	0
	2739	2.30393e+06	16563.9	0
	2740	2.30393e+06	16564.1	0
	2741	2.30393e+06	16564.4	0
	2742	2.30392e+06	16564.6	0
	2743	2.30392e+06	16564.8	0
	2744	2.30392e+06	16565.1	0
	2745	2.30391e+06	16565.3	0
	2746	2.30391e+06	16565.5	0
	2747	2.3039e+06	16565.8	0
	2748	2.30389e+06	16566	0
	2749	2.30388e+06	16566.2	0
	2750	2.30387e+06	16566.4	0
	2751	2.30386e+06	16566.7	0
	2752	2.30384e+06	16566.9	0
	2753	2.30383e+06	16567.1	0
	2754	2.30381e+06	16567.3	0
	2755	2.3038e+06	16567.5	0
	2756	2.30378e+06	16567.7	0
	2757	2.30376e+06	16567.9	0
	2758	2.30374e+06	16568.1	0
	2759	2.30372e+06	16568.3	0
	2760	2.3037e+06	16568.5	0
	2761	2.30367e+06	16568.7	0
	2762	2.30365e+06	16568.8	0
	2763	2.30362e+06	16569	0
	2764	2.3036e+06	16569.2	0
	2765	2.30357e+06	16569.4	0
	2766	2.30354e+06	16569.5	0
	2767	2.30351e+06	16569.7	0
	2768	2.30348e+06	16569.8	0
	2769	2.30345e+06	16570	0
	2770	2.30342e+06	16570.1	0
	2771	2.30338e+06	16570.3	0
	2772	2.30335e+06	16570.4	0
	2773	2.30332e+06	16570.6	0
	2774	2.30328e+06	16570.7	0
	2775	2.30324e+06	16570.8	0
	2776	2.30321e+06	16571	0
	2777	2.30317e+06	16571.1	0
	2778	2.30313e+06	16571.2	0
	2779	2.30309e+06	16571.3	0
	2780	2.30305e+06	16571.4	0
	2781	2.30301e+06	16571.5	0
	2782	2.30297e+06	16571.6	0
	2783	2.30292e+06	16571.7	0
	2784	2.30288e+06	16571.8	0
	2785	2.30283e+06	16571.9	0
	2786	2.30279e+06	16572	0
	2787	2.30274e+06	16572.1	0
	2788	2.3027e+06	16572.1	0
	2789	2.30265e+06	16572.2	0
	2790	2.3026e+06	16572.3	0
	2791	2.30256e+06	16572.4	0
	2792	2.30251e+06	16572.4	0
	2793	2.30246e+06	16572.5	0
	2794	2.30241e+06	16572.5	0
	2795	2.30236e+06	16572.6	0
	2796	2.30231e+06	16572.6	0
	2797	2.30226e+06	16572.6	0
	2798	2.30221e+06	16572.7	0
	2799	2.30215e+06	16572.7	0
	2800	2.3021e+06	16572.7	0
	2801	2.30205e+06	16572.8	0
	2802	2.302e+06	16572.8	0
	2803	2.30194e+06	16572.8	0
	2804	2.30189e+06	16572.8	0
	2805	2.30184e+06	16572.8	0
	2806	2.30178e+06	16572.8	0
	2807	2.30173e+06	16572.8	0
	2808	2.30167e+06	16572.8	0
	2809	2.30162e+06	16572.8	0
	2810	2.30156e+06	16572.8	0
	2811	2.3015e+06	16572.8	0
	2812	2.30145e+06	16572.7	0
	2813	2.30139e+06	16572.7	0
	2814	2.30134e+06	16572.7	0
	2815	2.30128e+06	16572.7	0
	2816	2.30122e+06	16572.6	0
	2817	2.30117e+06	16572.6	0
	2818	2.30111e+06	16572.5	0
	2819	2.30105e+06	16572.5	0
	2820	2.301e+06	16572.4	0
	2821	2.30094e+06	16572.4	0
	2822	2.30088e+06	16572.3	0
	2823	2.30083e+06	16572.3	0
	2824	2.30077e+06	16572.2	0
	2825	2.30071e+06	16572.1	0
	2826	2.30066e+06	16572	0
	2827	2.3006e+06	16572	0
	2828	2.30054e+06	16571.9	0
	2829	2.30049e+06	16571.8	0
	2830	2.30043e+06	16571.7	0
	2831	2.30037e+06	16571.6	0
	2832	2.30032e+06	16571.5	0
	2833	2.30026e+06	16571.4	0
	2834	2.30021e+06	16571.3	0
	2835	2.30015e+06	16571.2	0
	2836	2.3001e+06	16571.1	0
	2837	2.30004e+06	16571	0
	2838	2.29999e+06	16570.9	0
	2839	2.29993e+06	16570.8	0
	2840	2.29988e+06	16570.7	0
	2841	2.29982e+06	16570.6	0
	2842	2.29977e+06	16570.4	0
	2843	2.29972e+06	16570.3	0
	2844	2.29966e+06	16570.2	0
	2845	2.29961e+06	16570.1	0
	2846	2.29956e+06	16569.9	0
	2847	2.29951e+06	16569.8	0
	2848	2.29946e+06	16569.7	0
	2849	2.2994e+06	16569.5	0
	2850	2.29935e+06	16569.4	0
	2851	2.2993e+06	16569.2	0
	2852	2.29925e+06	16569.1	0
	2853	2.29921e+06	16568.9	0
	2854	2.29916e+06	16568.8	0
	2855	2.29911e+06	16568.6	0
	2856	2.29906e+06	16568.5	0
	2857	2.29901e+06	16568.3	0
	2858	2.29897e+06	16568.2	0
	2859	2.29892e+06	16568	0
	2860	2.29888e+06	16567.8	0
	2861	2.29883e+06	16567.7	0
	2862	2.29879e+06	16567.5	0
	2863	2.29874e+06	16567.3	0
	2864	2.2987e+06	16567.2	0
	2865	2.29866e+06	16567	0
	2866	2.29862e+06	16566.8	0
	2867	2.29858e+06	16566.7	0
	2868	2.29853e+06	16566.5	0
	2869	2.29849e+06	16566.3	0
	2870	2.29846e+06	16566.1	0
	2871	2.29842e+06	16566	0
	2872	2.29838e+06	16565.8	0
	2873	2.29834e+06	16565.6	0
	2874	2.29831e+06	16565.4	0
	2875	2.29827e+06	16565.2	0
	2876	2.29823e+06	16565.1	0
	2877	2.2982e+06	16564.9	0
	2878	2.29817e+06	16564.7	0
	2879	2.29813e+06	16564.5	0
	2880	2.2981e+06	16564.3	0
	2881	2.29807e+06	16564.1	0
	2882	2.29804e+06	16564	0
	2883	2.29801e+06	16563.8	0
	2884	2.29798e+06	16563.6	0
	2885	2.29795e+06	16563.4	0
	2886	2.29792e+06	16563.2	0
	2887	2.2979e+06	16563	0
	2888	2.29787e+06	16562.8	0
	2889	2.29785e+06	16562.7	0
	2890	2.29782e+06	16562.5	0
	2891	2.2978e+06	16562.3	0
	2892	2.29778e+06	16562.1	0
	2893	2.29775e+06	16561.9	0
	2894	2.29773e+06	16561.7	0
	2895	2.29771e+06	16561.5	0
	2896	2.29769e+06	16561.4	0
	2897	2.29767e+06	16561.2	0
	2898	2.29766e+06	16561	0
	2899	2.29764e+06	16560.8	0
	2900	2.29762e+06	16560.6	0
	2901	2.29761e+06	16560.5	0
	2902	2.29759e+06	16560.3	0
	2903	2.29758e+06	16560.1	0
	2904	2.29757e+06	16559.9	0
	2905	2.29755e+06	16559.7	0
	2906	2.29754e+06	16559.6	0
	2907	2.29753e+06	16559.4	0
	2908	2.29752e+06	16559.2	0
	2909	2.29751e+06	16559	0
	2910	2.29751e+06	16558.9	0
	2911	2.2975e+06	16558.7	0
	2912	2.29749e+06	16558.5	0
	2913	2.29749e+06	16558.4	0
	2914	2.29748e+06	16558.2	0
	2915	2.29748e+06	16558	0
	2916	2.29747e+06	16557.9	0
	2917	2.29747e+06	16557.7	0
	2918	2.29747e+06	16557.5	0
	2919	2.29747e+06	16557.4	0
	2920	2.29747e+06	16557.2	0
	2921	2.29747e+06	16557.1	0
	2922	2.29747e+06	16556.9	0
	2923	2.29747e+06	16556.7	0
	2924	2.29748e+06	16556.6	0
	2925	2.29748e+06	16556.4	0
	2926	2.29749e+06	16556.3	0
	2927	2.29749e+06	16556.1	0
	2928	2.2975e+06	16556	0
	2929	2.2975e+06	16555.9	0
	2930	2.29751e+06	16555.7	0
	2931	2.29752e+06	16555.6	0
	2932	2.29753e+06	16555.4	0
	2933	2.29754e+06	16555.3	0
	2934	2.29755e+06	16555.2	0
	2935	2.29756e+06	16555.1	0
	2936	2.29757e+06	16554.9	0
	2937	2.29759e+06	16554.8	0
	2938	2.2976e+06	16554.7	0
	2939	2.29761e+06	16554.6	0
	2940	2.29763e+06	16554.4	0
	2941	2.29764e+06	16554.3	0
	2942	2.29766e+06	16554.2	0
	2943	2.29768e+06	16554.1	0
	2944	2.29769e+06	16554	0
	2945	2.29771e+06	16553.9	0
	2946	2.29773e+06	16553.8	0
	2947	2.29775e+06	16553.7	0
	2948	2.29777e+06	16553.6	0
	2949	2.29779e+06	16553.5	0
	2950	2.29781e+06	16553.4	0
	2951	2.29783e+06	16553.3	0
	2952	2.29786e+06	16553.2	0
	2953	2.29788e+06	16553.1	0
	2954	2.2979e+06	16553	0
	2955	2.29793e+06	16552.9	0
	2956	2.29795e+06	16552.9	0
	2957	2.29798e+06	16552.8	0
	2958	2.298e+06	16552.7	0
	2959	2.29803e+06	16552.6	0
	2960	2.29805e+06	16552.6	0
	2961	2.29808e+06	16552.5	0
	2962	2.29811e+06	16552.4	0
	2963	2.29814e+06	16552.4	0
	2964	2.29816e+06	16552.3	0
	2965	2.29819e+06	16552.3	0
	2966	2.29822e+06	16552.2	0
	2967	2.29825e+06	16552.2	0
	2968	2.29828e+06	16552.1	0
	2969	2.29831e+06	16552.1	0
	2970	2.29834e+06	16552	0
	2971	2.29837e+06	16552	0
	2972	2.29841e+06	16552	0
	2973	2.29844e+06	16551.9	0
	2974	2.29847e+06	16551.9	0
	2975	2.2985e+06	16551.9	0
	2976	2.29854e+06	16551.8	0
	2977	2.29857e+06	16551.8	0
	2978	2.2986e+06	16551.8	0
	2979	2.29864e+06	16551.8	0
	2980	2.29867e+06	16551.8	0
	2981	2.2987e+06	16551.8	0
	2982	2.29874e+06	16551.7	0
	2983	2.29877e+06	16551.7	0
	2984	2.29881e+06	16551.7	0
	2985	2.29884e+06	16551.7	0
	2986	2.29888e+06	16551.7	0
	2987	2.29891e+06	16551.7	0
	2988	2.29895e+06	16551.7	0
	2989	2.29899e+06	16551.7	0
	2990	2.29902e+06	16551.8	0
	2991	2.29906e+06	16551.8	0
	2992	2.29909e+06	16551.8	0
	2993	2.29913e+06	16551.8	0
	2994	2.29917e+06	16551.8	0
	2995	2.2992e+06	16551.9	0
	2996	2.29924e+06	16551.9	0
	2997	2.29928e+06	16551.9	0
	2998	2.29931e+06	16551.9	0
	2999	2.29935e+06	16552	0
	3000	2.29939e+06	16552	0
	3001	2.29942e+06	16552	0
	3002	2.29946e+06	16552.1	0
	3003	2.2995e+06	16552.1	0
	3004	2.29953e+06	16552.2	0
	3005	2.29957e+06	16552.2	0
	3006	2.29961e+06	16552.3	0
	3007	2.29964e+06	16552.3	0
	3008	2.29968e+06	16552.4	0
	3009	2.29972e+06	16552.4	0
	3010	2.29975e+06	16552.5	0
	3011	2.29979e+06	16552.5	0
	3012	2.29983e+06	16552.6	0
	3013	2.29986e+06	16552.7	0
	3014	2.2999e+06	16552.7	0
	3015	2.29993e+06	16552.8	0
	3016	2.29997e+06	16552.9	0
	3017	2.3e+06	16552.9	0
	3018	2.30004e+06	16553	0
	3019	2.30007e+06	16553.1	0
	3020	2.30011e+06	16553.2	0
	3021	2.30014e+06	16553.2	0
	3022	2.30018e+06	16553.3	0
	3023	2.30021e+06	16553.4	0
	3024	2.30025e+06	16553.5	0
	3025	2.30028e+06	16553.6	0
	3026	2.30031e+06	16553.7	0
	3027	2.30035e+06	16553.8	0
	3028	2.30038e+06	16553.8	0
	3029	2.30041e+06	16553.9	0
	3030	2.30045e+06	16554	0
	3031	2.30048e+06	16554.1	0
	3032	2.30051e+06	16554.2	0
	3033	2.30054e+06	16554.3	0
	3034	2.30057e+06	16554.4	0
	3035	2.3006e+06	16554.5	0
	3036	2.30063e+06	16554.6	0
	3037	2.30066e+06	16554.7	0
	3038	2.30069e+06	16554.8	0
	3039	2.30072e+06	16554.9	0
	3040	2.30075e+06	16555	0
	3041	2.30078e+06	16555.1	0
	3042	2.30081e+06	16555.2	0
	3043	2.30084e+06	16555.4	0
	3044	2.30086e+06	16555.5	0
	3045	2.30089e+06	16555.6	0
	3046	2.30092e+06	16555.7	0
	3047	2.30094e+06	16555.8	0
	3048	2.30097e+06	16555.9	0
	3049	2.301e+06	16556	0
	3050	2.30102e+06	16556.1	0
	3051	2.30105e+06	16556.3	0
	3052	2.30107e+06	16556.4	0
	3053	2.30109e+06	16556.5	0
	3054	2.30112e+06	16556.6	0
	3055	2.30114e+06	16556.7	0
	3056	2.30116e+06	16556.8	0
	3057	2.30118e+06	16557	0
	3058	2.3012e+06	16557.1	0
	3059	2.30123e+06	16557.2	0
	3060	2.30125e+06	16557.3	0
	3061	2.30127e+06	16557.4	0
	3062	2.30128e+06	16557.5	0
	3063	2.3013e+06	16557.7	0
	3064	2.30132e+06	16557.8	0
	3065	2.30134e+06	16557.9	0
	3066	2.30136e+06	16558	0
	3067	2.30137e+06	16558.1	0
	3068	2.30139e+06	16558.3	0
	3069	2.30141e+06	16558.4	0
	3070	2.30142e+06	16558.5	0
	3071	2.30144e+06	16558.6	0
	3072	2.30145e+06	16558.7	0
	3073	2.30146e+06	16558.9	0
	3074	2.30148e+06	16559	0
	3075	2.30149e+06	16559.1	0
	3076	2.3015e+06	16559.2	0
	3077	2.30151e+06	16559.3	0
	3078	2.30153e+06	16559.5	0
	3079	2.30154e+06	16559.6	0
	3080	2.30155e+06	16559.7	0
	3081	2.30156e+06	16559.8	0
	3082	2.30156e+06	16559.9	0
	3083	2.30157e+06	16560	0
	3084	2.30158e+06	16560.2	0
	3085	2.30159e+06	16560.3	0
	3086	2.3016e+06	16560.4	0
	3087	2.3016e+06	16560.5	0
	3088	2.30161e+06	16560.6	0
	3089	2.30161e+06	16560.7	0
	3090	2.30162e+06	16560.8	0
	3091	2.30162e+06	16560.9	0
	3092	2.30162e+06	16561.1	0
	3093	2.30163e+06	16561.2	0
	3094	2.30163e+06	16561.3	0
	3095	2.30163e+06	16561.4	0
	3096	2.30163e+06	16561.5	0
	3097	2.30164e+06	16561.6	0
	3098	2.30164e+06	16561.7	0
	3099	2.30164e+06	16561.8	0
	3100	2.30164e+06	16561.9	0
	3101	2.30163e+06	16562	0
	3102	2.30163e+06	16562.1	0
	3103	2.30163e+06	16562.2	0
	3104	2.30163e+06	16562.3	0
	3105	2.30163e+06	16562.4	0
	3106	2.30162e+06	16562.5	0
	3107	2.30162e+06	16562.6	0
	3108	2.30161e+06	16562.7	0
	3109	2.30161e+06	16562.8	0
	3110	2.3016e+06	16562.8	0
	3111	2.3016e+06	16562.9	0
	3112	2.30159e+06	16563	0
	3113	2.30158e+06	16563.1	0
	3114	2.30158e+06	16563.2	0
	3115	2.30157e+06	16563.3	0
	3116	2.30156e+06	16563.4	0
	3117	2.30155e+06	16563.4	0
	3118	2.30154e+06	16563.5	0
	3119	2.30153e+06	16563.6	0
	3120	2.30152e+06	16563.7	0
	3121	2.30151e+06	16563.7	0
	3122	2.3015e+06	16563.8	0
	3123	2.30149e+06	16563.9	0
	3124	2.30148e+06	16564	0
	3125	2.30147e+06	16564	0
	3126	2.30145e+06	16564.1	0
	3127	2.30144e+06	16564.2	0
	3128	2.30143e+06	16564.2	0
	3129	2.30142e+06	16564.3	0
	3130	2.3014e+06	16564.3	0
	3131	2.30139e+06	16564.4	0
	3132	2.30137e+06	16564.4	0
	3133	2.30136e+06	16564.5	0
	3134	2.30134e+06	16564.6	0
	3135	2.30133e+06	16564.6	0
	3136	2.30131e+06	16564.7	0
	3137	2.30129e+06	16564.7	0
	3138	2.30128e+06	16564.8	0
	3139	2.30126e+06	16564.8	0
	3140	2.30124e+06	16564.8	0
	3141	2.30122e+06	16564.9	0
	3142	2.30121e+06	16564.9	0
	3143	2.30119e+06	16565	0
	3144	2.30117e+06	16565	0
	3145	2.30115e+06	16565	0
	3146	2.30113e+06	16565.1	0
	3147	2.30111e+06	16565.1	0
	3148	2.30109e+06	16565.1	0
	3149	2.30107e+06	16565.1	0
	3150	2.30105e+06	16565.2	0
	3151	2.30103e+06	16565.2	0
	3152	2.30101e+06	16565.2	0
	3153	2.30099e+06	16565.2	0
	3154	2.30097e+06	16565.3	0
	3155	2.30095e+06	16565.3	0
	3156	2.30093e+06	16565.3	0
	3157	2.30091e+06	16565.3	0
	3158	2.30088e+06	16565.3	0
	3159	2.30086e+06	16565.3	0
	3160	2.30084e+06	16565.3	0
	3161	2.30082e+06	16565.3	0
	3162	2.3008e+06	16565.3	0
	3163	2.30077e+06	16565.3	0
	3164	2.30075e+06	16565.3	0
	3165	2.30073e+06	16565.3	0
	3166	2.3007e+06	16565.3	0
	3167	2.30068e+06	16565.3	0
	3168	2.30066e+06	16565.3	0
	3169	2.30064e+06	16565.3	0
	3170	2.30061e+06	16565.3	0
	3171	2.30059e+06	16565.3	0
	3172	2.30057e+06	16565.3	0
	3173	2.30054e+06	16565.3	0
	3174	2.30052e+06	16565.3	0
	3175	2.30049e+06	16565.3	0
	3176	2.30047e+06	16565.2	0
	3177	2.30045e+06	16565.2	0
	3178	2.30042e+06	16565.2	0
	3179	2.3004e+06	16565.2	0
	3180	2.30038e+06	16565.1	0
	3181	2.30035e+06	16565.1	0
	3182	2.30033e+06	16565.1	0
	3183	2.30031e+06	16565.1	0
	3184	2.30028e+06	16565	0
	3185	2.30026e+06	16565	0
	3186	2.30023e+06	16565	0
	3187	2.30021e+06	16564.9	0
	3188	2.30019e+06	16564.9	0
	3189	2.30016e+06	16564.9	0
	3190	2.30014e+06	16564.8	0
	3191	2.30012e+06	16564.8	0
	3192	2.30009e+06	16564.7	0
	3193	2.30007e+06	16564.7	0
	3194	2.30005e+06	16564.7	0
	3195	2.30003e+06	16564.6	0
	3196	2.3e+06	16564.6	0
	3197	2.29998e+06	16564.5	0
	3198	2.29996e+06	16564.5	0
	3199	2.29993e+06	16564.4	0
	3200	2.29991e+06	16564.4	0
	3201	2.29989e+06	16564.3	0
	3202	2.29987e+06	16564.3	0
	3203	2.29985e+06	16564.2	0
	3204	2.29982e+06	16564.2	0
	3205	2.2998e+06	16564.1	0
	3206	2.29978e+06	16564	0
	3207	2.29976e+06	16564	0
	3208	2.29974e+06	16563.9	0
	3209	2.29972e+06	16563.9	0
	3210	2.2997e+06	16563.8	0
	3211	2.29968e+06	16563.7	0
	3212	2.29966e+06	16563.7	0
	3213	2.29964e+06	16563.6	0
	3214	2.29962e+06	16563.6	0
	3215	2.2996e+06	16563.5	0
	3216	2.29958e+06	16563.4	0
	3217	2.29956e+06	16563.4	0
	3218	2.29954e+06	16563.3	0
	3219	2.29952e+06	16563.2	0
	3220	2.2995e+06	16563.2	0
	3221	2.29948e+06	16563.1	0
	3222	2.29947e+06	16563	0
	3223	2.29945e+06	16562.9	0
	3224	2.29943e+06	16562.9	0
	3225	2.29941e+06	16562.8	0
	3226	2.2994e+06	16562.7	0
	3227	2.29938e+06	16562.7	0
	3228	2.29936e+06	16562.6	0
	3229	2.29935e+06	16562.5	0
	3230	2.29933e+06	16562.4	0
	3231	2.29931e+06	16562.4	0
	3232	2.2993e+06	16562.3	0
	3233	2.29928e+06	16562.2	0
	3234	2.29927e+06	16562.1	0
	3235	2.29926e+06	16562.1	0
	3236	2.29924e+06	16562	0
	3237	2.29923e+06	16561.9	0
	3238	2.29921e+06	16561.8	0
	3239	2.2992e+06	16561.8	0
	3240	2.29919e+06	16561.7	0
	3241	2.29918e+06	16561.6	0
	3242	2.29916e+06	16561.5	0
	3243	2.29915e+06	16561.4	0
	3244	2.29914e+06	16561.4	0
	3245	2.29913e+06	16561.3	0
	3246	2.29912e+06	16561.2	0
	3247	2.29911e+06	16561.1	0
	3248	2.2991e+06	16561.1	0
	3249	2.29909e+06	16561	0
	3250	2.29908e+06	16560.9	0
	3251	2.29907e+06	16560.8	0
	3252	2.29906e+06	16560.8	0
	3253	2.29905e+06	16560.7	0
	3254	2.29904e+06	16560.6	0
	3255	2.29903e+06	16560.5	0
	3256	2.29903e+06	16560.4	0
	3257	2.29902e+06	16560.4	0
	3258	2.29901e+06	16560.3	0
	3259	2.29901e+06	16560.2	0
	3260	2.299e+06	16560.1	0
	3261	2.29899e+06	16560.1	0
	3262	2.29899e+06	16560	0
	3263	2.29898e+06	16559.9	0
	3264	2.29898e+06	16559.8	0
	3265	2.29897e+06	16559.8	0
	3266	2.29897e+06	16559.7	0
	3267	2.29897e+06	16559.6	0
	3268	2.29896e+06	16559.6	0
	3269	2.29896e+06	16559.5	0
	3270	2.29896e+06	16559.4	0
	3271	2.29895e+06	16559.3	0
	3272	2.29895e+06	16559.3	0
	3273	2.29895e+06	16559.2	0
	3274	2.29895e+06	16559.1	0
	3275	2.29895e+06	16559.1	0
	3276	2.29895e+06	16559	0
	3277	2.29895e+06	16558.9	0
	3278	2.29895e+06	16558.9	0
	3279	2.29895e+06	16558.8	0
	3280	2.29895e+06	16558.7	0
	3281	2.29895e+06	16558.7	0
	3282	2.29895e+06	16558.6	0
	3283	2.29895e+06	16558.5	0
	3284	2.29895e+06	16558.5	0
	3285	2.29896e+06	16558.4	0
	3286	2.29896e+06	16558.4	0
	3287	2.29896e+06	16558.3	0
	3288	2.29896e+06	16558.2	0
	3289	2.29897e+06	16558.2	0
	3290	2.29897e+06	16558.1	0
	3291	2.29897e+06	16558.1	0
	3292	2.29898e+06	16558	0
	3293	2.29898e+06	16558	0
	3294	2.29899e+06	16557.9	0
	3295	2.29899e+06	16557.9	0
	3296	2.299e+06	16557.8	0
	3297	2.29901e+06	16557.8	0
	3298	2.29901e+06	16557.7	0
	3299	2.29902e+06	16557.7	0
	3300	2.29902e+06	16557.6	0
	3301	2.29903e+06	16557.6	0
	3302	2.29904e+06	16557.5	0
	3303	2.29905e+06	16557.5	0
	3304	2.29905e+06	16557.4	0
	3305	2.29906e+06	16557.4	0
	3306	2.29907e+06	16557.3	0
	3307	2.29908e+06	16557.3	0
	3308	2.29909e+06	16557.3	0
	3309	2.2991e+06	16557.2	0
	3310	2.29911e+06	16557.2	0
	3311	2.29911e+06	16557.1	0
	3312	2.29912e+06	16557.1	0
	3313	2.29913e+06	16557.1	0
	3314	2.29914e+06	16557	0
	3315	2.29915e+06	16557	0
	3316	2.29917e+06	16557	0
	3317	2.29918e+06	16557	0
	3318	2.29919e+06	16556.9	0
	3319	2.2992e+06	16556.9	0
	3320	2.29921e+06	16556.9	0
	3321	2.29922e+06	16556.8	0
	3322	2.29923e+06	16556.8	0
	3323	2.29925e+06	16556.8	0
	3324	2.29926e+06	16556.8	0
	3325	2.29927e+06	16556.8	0
	3326	2.29928e+06	16556.7	0
	3327	2.29929e+06	16556.7	0
	3328	2.29931e+06	16556.7	0
	3329	2.29932e+06	16556.7	0
	3330	2.29933e+06	16556.7	0
	3331	2.29935e+06	16556.6	0
	3332	2.29936e+06	16556.6	0
	3333	2.29937e+06	16556.6	0
	3334	2.29939e+06	16556.6	0
	3335	2.2994e+06	16556.6	0
	3336	2.29941e+06	16556.6	0
	3337	2.29943e+06	16556.6	0
	3338	2.29944e+06	16556.6	0
	3339	2.29946e+06	16556.6	0
	3340	2.29947e+06	16556.6	0
	3341	2.29949e+06	16556.6	0
	3342	2.2995e+06	16556.6	0
	3343	2.29952e+06	16556.6	0
	3344	2.29953e+06	16556.6	0
	3345	2.29954e+06	16556.6	0
	3346	2.29956e+06	16556.6	0
	3347	2.29957e+06	16556.6	0
	3348	2.29959e+06	16556.6	0
	3349	2.2996e+06	16556.6	0
	3350	2.29962e+06	16556.6	0
	3351	2.29963e+06	16556.6	0
	3352	2.29965e+06	16556.6	0
	3353	2.29966e+06	16556.6	0
	3354	2.29968e+06	16556.6	0
	3355	2.2997e+06	16556.6	0
	3356	2.29971e+06	16556.6	0
	3357	2.29973e+06	16556.7	0
	3358	2.29974e+06	16556.7	0
	3359	2.29976e+06	16556.7	0
	3360	2.29977e+06	16556.7	0
	3361	2.29979e+06	16556.7	0
	3362	2.2998e+06	16556.7	0
	3363	2.29982e+06	16556.8	0
	3364	2.29983e+06	16556.8	0
	3365	2.29985e+06	16556.8	0
	3366	2.29986e+06	16556.8	0
	3367	2.29988e+06	16556.8	0
	3368	2.29989e+06	16556.9	0
	3369	2.29991e+06	16556.9	0
	3370	2.29992e+06	16556.9	0
	3371	2.29994e+06	16556.9	0
	3372	2.29995e+06	16557	0
	3373	2.29997e+06	16557	0
	3374	2.29998e+06	16557	0
	3375	2.3e+06	16557.1	0
	3376	2.30001e+06	16557.1	0
	3377	2.30003e+06	16557.1	0
	3378	2.30004e+06	16557.2	0
	3379	2.30006e+06	16557.2	0
	3380	2.30007e+06	16557.2	0
	3381	2.30009e+06	16557.3	0
	3382	2.3001e+06	16557.3	0
	3383	2.30011e+06	16557.3	0
	3384	2.30013e+06	16557.4	0
	3385	2.30014e+06	16557.4	0
	3386	2.30016e+06	16557.4	0
	3387	2.30017e+06	16557.5	0
	3388	2.30018e+06	16557.5	0
	3389	2.3002e+06	16557.5	0
	3390	2.30021e+06	16557.6	0
	3391	2.30022e+06	16557.6	0
	3392	2.30024e+06	16557.7	0
	3393	2.30025e+06	16557.7	0
	3394	2.30026e+06	16557.8	0
	3395	2.30027e+06	16557.8	0
	3396	2.30029e+06	16557.8	0
	3397	2.3003e+06	16557.9	0
	3398	2.30031e+06	16557.9	0
	3399	2.30032e+06	16558	0
	3400	2.30033e+06	16558	0
	3401	2.30035e+06	16558.1	0
	3402	2.30036e+06	16558.1	0
	3403	2.30037e+06	16558.1	0
	3404	2.30038e+06	16558.2	0
	3405	2.30039e+06	16558.2	0
	3406	2.3004e+06	16558.3	0
	3407	2.30041e+06	16558.3	0
	3408	2.30042e+06	16558.4	0
	3409	2.30043e+06	16558.4	0
	3410	2.30044e+06	16558.5	0
	3411	2.30045e+06	16558.5	0
	3412	2.30046e+06	16558.6	0
	3413	2.30047e+06	16558.6	0
	3414	2.30048e+06	16558.7	0
	3415	2.30049e+06	16558.7	0
	3416	2.3005e+06	16558.8	0
	3417	2.30051e+06	16558.8	0
	3418	2.30052e+06	16558.9	0
	3419	2.30053e+06	16558.9	0
	3420	2.30053e+06	16559	0
	3421	2.30054e+06	16559	0
	3422	2.30055e+06	16559.1	0
	3423	2.30056e+06	16559.1	0
	3424	2.30056e+06	16559.2	0
	3425	2.30057e+06	16559.2	0
	3426	2.30058e+06	16559.3	0
	3427	2.30058e+06	16559.3	0
	3428	2.30059e+06	16559.4	0
	3429	2.3006e+06	16559.4	0
	3430	2.3006e+06	16559.5	0
	3431	2.30061e+06	16559.5	0
	3432	2.30061e+06	16559.6	0
	3433	2.30062e+06	16559.6	0
	3434	2.30062e+06	16559.7	0
	3435	2.30063e+06	16559.7	0
	3436	2.30063e+06	16559.8	0
	3437	2.30064e+06	16559.8	0
	3438	2.30064e+06	16559.9	0
	3439	2.30065e+06	16559.9	0
	3440	2.30065e+06	16560	0
	3441	2.30065e+06	16560	0
	3442	2.30066e+06	16560.1	0
	3443	2.30066e+06	16560.1	0
	3444	2.30066e+06	16560.2	0
	3445	2.30067e+06	16560.2	0
	3446	2.30067e+06	16560.2	0
	3447	2.30067e+06	16560.3	0
	3448	2.30067e+06	16560.3	0
	3449	2.30068e+06	16560.4	0
	3450	2.30068e+06	16560.4	0
	3451	2.30068e+06	16560.5	0
	3452	2.30068e+06	16560.5	0
	3453	2.30068e+06	16560.6	0
	3454	2.30068e+06	16560.6	0
	3455	2.30068e+06	16560.7	0
	3456	2.30068e+06	16560.7	0
	3457	2.30068e+06	16560.7	0
	3458	2.30068e+06	16560.8	0
	3459	2.30068e+06	16560.8	0
	3460	2.30068e+06	16560.9	0
	3461	2.30068e+06	16560.9	0
	3462	2.30068e+06	16560.9	0
	3463	2.30068e+06	16561	0
	3464	2.30068e+06	16561	0
	3465	2.30068e+06	16561.1	0
	3466	2.30067e+06	16561.1	0
	3467	2.30067e+06	16561.1	0
	3468	2.30067e+06	16561.2	0
	3469	2.30067e+06	16561.2	0
	3470	2.30066e+06	16561.3	0
	3471	2.30066e+06	16561.3	0
	3472	2.30066e+06	16561.3	0
	3473	2.30066e+06	16561.4	0
	3474	2.30065e+06	16561.4	0
	3475	2.30065e+06	16561.4	0
	3476	2.30064e+06	16561.5	0
	3477	2.30064e+06	16561.5	0
	3478	2.30064e+06	16561.5	0
	3479	2.30063e+06	16561.6	0
	3480	2.30063e+06	16561.6	0
	3481	2.30062e+06	16561.6	0
	3482	2.30062e+06	16561.6	0
	3483	2.30061e+06	16561.7	0
	3484	2.30061e+06	16561.7	0
	3485	2.3006e+06	16561.7	0
	3486	2.3006e+06	16561.8	0
	3487	2.30059e+06	16561.8	0
	3488	2.30059e+06	16561.8	0
	3489	2.30058e+06	16561.8	0
	3490	2.30057e+06	16561.9	0
	3491	2.30057e+06	16561.9	0
	3492	2.30056e+06	16561.9	0
	3493	2.30056e+06	16561.9	0
	3494	2.30055e+06	16561.9	0
	3495	2.30054e+06	16562	0
	3496	2.30053e+06	16562	0
	3497	2.30053e+06	16562	0
	3498	2.30052e+06	16562	0
	3499	2.30051e+06	16562	0
	3500	2.30051e+06	16562.1	0
	3501	2.3005e+06	16562.1	0
	3502	2.30049e+06	16562.1	0
	3503	2.30048e+06	16562.1	0
	3504	2.30047e+06	16562.1	0
	3505	2.30047e+06	16562.1	0
	3506	2.30046e+06	16562.1	0
	3507	2.30045e+06	16562.1	0
	3508	2.30044e+06	16562.2	0
	3509	2.30043e+06	16562.2	0
	3510	2.30042e+06	16562.2	0
	3511	2.30042e+06	16562.2	0
	3512	2.30041e+06	16562.2	0
	3513	2.3004e+06	16562.2	0
	3514	2.30039e+06	16562.2	0
	3515	2.30038e+06	16562.2	0
	3516	2.30037e+06	16562.2	0
	3517	2.30036e+06	16562.2	0
	3518	2.30035e+06	16562.2	0
	3519	2.30034e+06	16562.2	0
	3520	2.30034e+06	16562.2	0
	3521	2.30033e+06	16562.2	0
	3522	2.30032e+06	16562.2	0
	3523	2.30031e+06	16562.2	0
	3524	2.3003e+06	16562.2	0
	3525	2.30029e+06	16562.2	0
	3526	2.30028e+06	16562.2	0
	3527	2.30027e+06	16562.2	0
	3528	2.30026e+06	16562.2	0
	3529	2.30025e+06	16562.2	0
	3530	2.30024e+06	16562.2	0
	3531	2.30023e+06	16562.2	0
	3532	2.30022e+06	16562.2	0
	3533	2.30021e+06	16562.2	0
	3534	2.3002e+06	16562.2	0
	3535	2.30019e+06	16562.2	0
	3536	2.30018e+06	16562.2	0
	3537	2.30017e+06	16562.2	0
	3538	2.30016e+06	16562.2	0
	3539	2.30015e+06	16562.1	0
	3540	2.30014e+06	16562.1	0
	3541	2.30013e+06	16562.1	0
	3542	2.30012e+06	16562.1	0
	3543	2.30011e+06	16562.1	0
	3544	2.3001e+06	16562.1	0
	3545	2.30009e+06	16562.1	0
	3546	2.30008e+06	16562.1	0
	3547	2.30007e+06	16562	0
	3548	2.30006e+06	16562	0
	3549	2.30005e+06	16562	0
	3550	2.30004e+06	16562	0
	3551	2.30003e+06	16562	0
	3552	2.30002e+06	16562	0
	3553	2.30001e+06	16561.9	0
	3554	2.3e+06	16561.9	0
	3555	2.3e+06	16561.9	0
	3556	2.29999e+06	16561.9	0
	3557	2.29998e+06	16561.9	0
	3558	2.29997e+06	16561.8	0
	3559	2.29996e+06	16561.8	0
	3560	2.29995e+06	16561.8	0
	3561	2.29994e+06	16561.8	0
	3562	2.29993e+06	16561.7	0
	3563	2.29992e+06	16561.7	0
	3564	2.29991e+06	16561.7	0
	3565	2.2999e+06	16561.7	0
	3566	2.29989e+06	16561.7	0
	3567	2.29989e+06	16561.6	0
	3568	2.29988e+06	16561.6	0
	3569	2.29987e+06	16561.6	0
	3570	2.29986e+06	16561.5	0
	3571	2.29985e+06	16561.5	0
	3572	2.29984e+06	16561.5	0
	3573	2.29984e+06	16561.5	0
	3574	2.29983e+06	16561.4	0
	3575	2.29982e+06	16561.4	0
	3576	2.29981e+06	16561.4	0
	3577	2.2998e+06	16561.4	0
	3578	2.2998e+06	16561.3	0
	3579	2.29979e+06	16561.3	0
	3580	2.29978e+06	16561.3	0
	3581	2.29977e+06	16561.2	0
	3582	2.29977e+06	16561.2	0
	3583	2.29976e+06	16561.2	0
	3584	2.29975e+06	16561.2	0
	3585	2.29974e+06	16561.1	0
	3586	2.29974e+06	16561.1	0
	3587	2.29973e+06	16561.1	0
	3588	2.29972e+06	16561	0
	3589	2.29972e+06	16561	0
	3590	2.29971e+06	16561	0
	3591	2.2997e+06	16560.9	0
	3592	2.2997e+06	16560.9	0
	3593	2.29969e+06	16560.9	0
	3594	2.29969e+06	16560.8	0
	3595	2.29968e+06	16560.8	0
	3596	2.29968e+06	16560.8	0
	3597	2.29967e+06	16560.7	0
	3598	2.29966e+06	16560.7	0
	3599	2.29966e+06	16560.7	0
	3600	2.29965e+06	16560.7	0
	3601	2.29965e+06	16560.6	0
	3602	2.29964e+06	16560.6	0
	3603	2.29964e+06	16560.6	0
	3604	2.29963e+06	16560.5	0
	3605	2.29963e+06	16560.5	0
	3606	2.29963e+06	16560.5	0
	3607	2.29962e+06	16560.4	0
	3608	2.29962e+06	16560.4	0
	3609	2.29961e+06	16560.4	0
	3610	2.29961e+06	16560.3	0
	3611	2.29961e+06	16560.3	0
	3612	2.2996e+06	16560.3	0
	3613	2.2996e+06	16560.2	0
	3614	2.2996e+06	16560.2	0
	3615	2.29959e+06	16560.2	0
	3616	2.29959e+06	16560.1	0
	3617	2.29959e+06	16560.1	0
	3618	2.29958e+06	16560.1	0
	3619	2.29958e+06	16560	0
	3620	2.29958e+06	16560	0
	3621	2.29958e+06	16560	0
	3622	2.29958e+06	16560	0
	3623	2.29957e+06	16559.9	0
	3624	2.29957e+06	16559.9	0
	3625	2.29957e+06	16559.9	0
	3626	2.29957e+06	16559.8	0
	3627	2.29957e+06	16559.8	0
	3628	2.29957e+06	16559.8	0
	3629	2.29957e+06	16559.7	0
	3630	2.29956e+06	16559.7	0
	3631	2.29956e+06	16559.7	0
	3632	2.29956e+06	16559.7	0
	3633	2.29956e+06	16559.6	0
	3634	2.29956e+06	16559.6	0
	3635	2.29956e+06	16559.6	0
	3636	2.29956e+06	16559.5	0
	3637	2.29956e+06	16559.5	0
	3638	2.29956e+06	16559.5	0
	3639	2.29956e+06	16559.5	0
	3640	2.29956e+06	16559.4	0
	3641	2.29956e+06	16559.4	0
	3642	2.29956e+06	16559.4	0
	3643	2.29957e+06	16559.4	0
	3644	2.29957e+06	16559.3	0
	3645	2.29957e+06	16559.3	0
	3646	2.29957e+06	16559.3	0
	3647	2.29957e+06	16559.3	0
	3648	2.29957e+06	16559.2	0
	3649	2.29957e+06	16559.2	0
	3650	2.29958e+06	16559.2	0
