	0	5e+06	18000
	1	4.91242e+06	18196.4
	2	4.82936e+06	18385.8
	3	4.7504e+06	18568.4
	4	4.67518e+06	18744.3
	5	4.60335e+06	18913.7
	6	4.53464e+06	19076.6
	7	4.46878e+06	19233.4
	8	4.40554e+06	19384
	9	4.34471e+06	19528.6
	10	4.28611e+06	19667.4
	11	4.22958e+06	19800.4
	12	4.17496e+06	19927.8
	13	4.12211e+06	20049.7
	14	4.07092e+06	20166.2
	15	4.02127e+06	20277.4
	16	3.97307e+06	20383.4
	17	3.92621e+06	20484.4
	18	3.88062e+06	20580.3
	19	3.83622e+06	20671.4
	20	3.79294e+06	20757.7
	21	3.75071e+06	20839.3
	22	3.70948e+06	20916.4
	23	3.66919e+06	20988.9
	24	3.62979e+06	21057.1
	25	3.59123e+06	21121
	26	3.55348e+06	21180.6
	27	3.51648e+06	21236.2
	28	3.48022e+06	21287.7
	29	3.44464e+06	21335.3
	30	3.40972e+06	21379
	31	3.37544e+06	21419
	32	3.34176e+06	21455.3
	33	3.30865e+06	21488
	34	3.2761e+06	21517.3
	35	3.24407e+06	21543.1
	36	3.21256e+06	21565.5
	37	3.18154e+06	21584.8
	38	3.15099e+06	21600.8
	39	3.12089e+06	21613.7
	40	3.09123e+06	21623.7
	41	3.062e+06	21630.7
	42	3.03317e+06	21634.8
	43	3.00473e+06	21636.1
	44	2.97667e+06	21634.8
	45	2.94899e+06	21630.8
	46	2.92165e+06	21624.2
	47	2.89467e+06	21615.1
	48	2.86801e+06	21603.6
	49	2.84168e+06	21589.7
	50	2.81567e+06	21573.5
	51	2.78995e+06	21555
	52	2.76454e+06	21534.4
	53	2.73941e+06	21511.7
	54	2.71456e+06	21487
	55	2.68997e+06	21460.2
	56	2.66565e+06	21431.6
	57	2.64159e+06	21401
	58	2.61777e+06	21368.7
	59	2.5942e+06	21334.5
	60	2.57086e+06	21298.7
	61	2.54774e+06	21261.2
	62	2.52485e+06	21222.1
	63	2.50217e+06	21181.5
	64	2.4797e+06	21139.4
	65	2.45743e+06	21095.8
	66	2.43536e+06	21050.8
	67	2.41347e+06	21004.4
	68	2.39178e+06	20956.7
	69	2.37026e+06	20907.8
	70	2.34892e+06	20857.6
	71	2.32774e+06	20806.2
	72	2.30673e+06	20753.6
	73	2.28587e+06	20700
	74	2.26517e+06	20645.3
	75	2.24461e+06	20589.5
	76	2.2242e+06	20532.7
	77	2.20392e+06	20475
	78	2.18378e+06	20416.3
	79	2.16376e+06	20356.7
	80	2.14386e+06	20296.2
	81	2.12408e+06	20234.9
	82	2.10441e+06	20172.8
	83	2.08484e+06	20109.9
	84	2.06538e+06	20046.2
	85	2.04601e+06	19981.8
	86	2.02673e+06	19916.7
	87	2.00754e+06	19850.9
	88	1.98842e+06	19784.4
	89	1.96938e+06	19717.3
	90	1.9504e+06	19649.6
	91	1.93149e+06	19581.3
	92	1.91264e+06	19512.5
	93	1.89383e+06	19443
	94	1.87507e+06	19373.1
	95	1.85635e+06	19302.6
	96	1.83766e+06	19231.6
	97	1.819e+06	19160.1
	98	1.80036e+06	19088.2
	99	1.78173e+06	19015.8
	100	1.76311e+06	18942.9
	101	1.74449e+06	18869.6
	102	1.72586e+06	18795.9
	103	1.70721e+06	18721.8
	104	1.68854e+06	18647.3
	105	1.66984e+06	18572.4
	106	1.6511e+06	18497.2
	107	1.63232e+06	18421.5
	108	1.61347e+06	18345.5
	109	1.59457e+06	18269.1
	110	1.57559e+06	18192.4
	111	1.55652e+06	18115.3
	112	1.53736e+06	18037.9
	113	1.51809e+06	17960.1
	114	1.49871e+06	17882
	115	1.4792e+06	17803.6
	116	1.45955e+06	17724.8
	117	1.43975e+06	17645.7
	118	1.41978e+06	17566.2
	119	1.39963e+06	17486.4
	120	1.37929e+06	17406.3
	121	1.35873e+06	17325.8
	122	1.33796e+06	17244.9
	123	1.31694e+06	17163.7
	124	1.29566e+06	17082.1
	125	1.2741e+06	17000.2
	126	1.25224e+06	16917.9
	127	1.23006e+06	16835.2
	128	1.20754e+06	16752
	129	1.18465e+06	16668.5
	130	1.16138e+06	16584.5
	131	1.13768e+06	16500.1
	132	1.11354e+06	16415.3
	133	1.08892e+06	16329.9
	134	1.0638e+06	16244.1
	135	1.03813e+06	16157.8
	136	1.01189e+06	16070.9
	137	985024	15983.5
	138	957501	15895.4
	139	929273	15806.8
	140	900291	15717.5
	141	870504	15627.6
	142	839856	15536.9
	143	808285	15445.5
	144	775727	15353.4
	145	742110	15260.4
	146	707359	15166.5
	147	671388	15071.7
	148	634108	14976
	149	595419	14879.3
	150	555213	14781.4
	151	513371	14682.4
	152	469764	14582.3
	153	424249	14480.8
	154	376668	14378
	155	326848	14273.7
	156	274595	14167.9
	157	219696	14060.4
	158	161913	13951.2
	159	100980	13840.2
	160	36598.3	13727.1
	161	0	13612.3
	162	0	13498.7
	163	0	13386.9
	164	0	13277
	165	0	13168.9
	166	0	13062.5
	167	0	12957.8
	168	0	12854.8
	169	0	12753.4
	170	0	12653.6
	171	0	12555.4
	172	0	12458.7
	173	0	12363.4
	174	0	12269.6
	175	0	12177.2
	176	0	12086.2
	177	0	11996.5
	178	0	11908.2
	179	0	11821.1
	180	0	11735.4
	181	0	11650.8
	182	0	11567.5
	183	0	11485.3
	184	0	11404.3
	185	0	11324.4
	186	0	11245.7
	187	0	11168
	188	0	11091.4
	189	0	11015.9
	190	0	10941.3
	191	0	10867.8
	192	0	10795.2
	193	0	10723.7
	194	0	10653
	195	0	10583.3
	196	0	10514.5
	197	0	10446.6
	198	0	10379.5
	199	0	10313.3
	200	0	10247.9
	201	0	10183.4
	202	0	10119.7
	203	0	10056.7
	204	0	9994.59
	205	0	9933.2
	206	0	9872.55
	207	0	9812.65
	208	0	9753.46
	209	0	9694.99
	210	0	9637.21
	211	0	9580.11
	212	0	9523.69
	213	0	9467.93
	214	0	9412.82
	215	0	9358.35
	216	0	9304.5
	217	0	9251.27
	218	0	9198.64
	219	0	9146.61
	220	0	9095.17
	221	0	9044.3
	222	0	8994
	223	0	8944.25
	224	0	8895.05
	225	0	8846.39
	226	0	8798.26
	227	0	8750.65
	228	0	8703.55
	229	0	8656.96
	230	0	8610.86
	231	0	8565.25
	232	0	8520.12
	233	0	8475.46
	234	0	8431.27
	235	0	8387.54
	236	0	8344.26
	237	0	8301.43
	238	0	8259.03
	239	0	8217.06
	240	0	8175.52
	241	0	8134.39
	242	0	8093.68
	243	0	8053.37
	244	0	8013.46
	245	0	7973.95
	246	0	7934.82
	247	0	7896.07
	248	0	7857.71
	249	0	7819.71
	250	0	7782.08
	251	0	7744.81
	252	0	7707.89
	253	0	7671.32
	254	0	7635.1
	255	0	7599.22
	256	0	7563.68
	257	0	7528.47
	258	0	7493.58
	259	0	7459.01
	260	0	7424.77
	261	0	7390.83
	262	0	7357.21
	263	0	7323.89
	264	0	7290.86
	265	0	7258.14
	266	0	7225.71
	267	0	7193.56
	268	0	7161.71
	269	0	7130.13
	270	0	7098.83
	271	0	7067.8
	272	0	7037.04
	273	0	7006.55
	274	0	6976.33
	275	0	6946.36
	276	0	6916.65
	277	0	6887.19
	278	0	6857.98
	279	0	6829.02
	280	0	6800.3
	281	0	6771.82
	282	0	6743.58
	283	0	6715.58
	284	0	6687.8
	285	0	6660.26
	286	0	6632.94
	287	0	6605.85
	288	0	6578.97
	289	0	6552.31
	290	0	6525.87
	291	0	6499.64
	292	0	6473.62
	293	0	6447.81
	294	0	6422.2
	295	0	6396.8
	296	0	6371.59
	297	0	6346.58
	298	0	6321.77
	299	0	6297.16
	300	0	6272.73
	301	0	6248.49
	302	0	6224.44
	303	0	6200.57
	304	0	6176.89
	305	0	6153.38
	306	0	6130.06
	307	0	6106.91
	308	0	6083.93
	309	0	6061.13
	310	0	6038.49
	311	0	6016.03
	312	0	5993.73
	313	0	5971.6
	314	0	5949.63
	315	0	5927.82
	316	0	5906.17
	317	0	5884.67
	318	0	5863.34
	319	0	5842.15
	320	0	5821.12
	321	0	5800.24
	322	0	5779.51
	323	0	5758.93
	324	0	5738.49
	325	0	5718.2
	326	0	5698.05
	327	0	5678.04
	328	0	5658.18
	329	0	5638.45
	330	0	5618.86
	331	0	5599.4
	332	0	5580.08
	333	0	5560.89
	334	0	5541.83
	335	0	5522.9
	336	0	5504.11
	337	0	5485.44
	338	0	5466.89
	339	0	5448.47
	340	0	5430.17
	341	0	5412
	342	0	5393.95
	343	0	5376.02
	344	0	5358.2
	345	0	5340.51
	346	0	5322.93
	347	0	5305.46
	348	0	5288.11
	349	0	5270.88
	350	0	5253.75
	351	0	5236.74
	352	0	5219.84
	353	0	5203.04
	354	0	5186.35
	355	0	5169.77
	356	0	5153.3
	357	0	5136.93
	358	0	5120.66
	359	0	5104.5
	360	0	5088.44
	361	0	5072.47
	362	0	5056.61
	363	0	5040.85
	364	0	5025.18
	365	0	5009.62
	366	0	4994.15
	367	0	4978.77
	368	0	4963.49
	369	0	4948.3
	370	0	4933.2
	371	0	4918.2
	372	0	4903.29
	373	0	4888.46
	374	0	4873.73
	375	0	4859.09
	376	0	4844.53
	377	0	4830.06
	378	0	4815.67
	379	0	4801.38
	380	0	4787.16
	381	0	4773.03
	382	0	4758.99
	383	0	4745.02
	384	0	4731.14
	385	0	4717.34
	386	0	4703.62
	387	0	4689.97
	388	0	4676.41
	389	0	4662.93
	390	0	4649.52
	391	0	4636.19
	392	0	4622.94
	393	0	4609.76
	394	0	4596.65
	395	0	4583.62
	396	0	4570.67
	397	0	4557.79
	398	0	4544.98
	399	0	4532.24
	400	0	4519.57
	401	0	4506.97
	402	0	4494.45
	403	0	4481.99
	404	0	4469.6
	405	0	4457.28
	406	0	4445.03
	407	0	4432.85
	408	0	4420.73
	409	0	4408.67
	410	0	4396.69
	411	0	4384.77
	412	0	4372.91
	413	0	4361.12
	414	0	4349.39
	415	0	4337.72
	416	0	4326.11
	417	0	4314.57
	418	0	4303.09
	419	0	4291.67
	420	0	4280.31
	421	0	4269.01
	422	0	4257.77
	423	0	4246.59
	424	0	4235.47
	425	0	4224.4
	426	0	4213.4
	427	0	4202.45
	428	0	4191.55
	429	0	4180.72
	430	0	4169.94
	431	0	4159.21
	432	0	4148.54
	433	0	4137.92
	434	0	4127.36
	435	0	4116.86
	436	0	4106.4
	437	0	4096
	438	0	4085.65
	439	0	4075.35
	440	0	4065.11
	441	0	4054.92
	442	0	4044.77
	443	0	4034.68
	444	0	4024.64
	445	0	4014.65
	446	0	4004.71
	447	0	3994.81
	448	0	3984.97
	449	0	3975.17
	450	0	3965.42
	451	0	3955.72
	452	0	3946.07
	453	0	3936.47
	454	0	3926.91
	455	0	3917.39
	456	0	3907.93
	457	0	3898.51
	458	0	3889.13
	459	0	3879.8
	460	0	3870.51
	461	0	3861.27
	462	0	3852.07
	463	0	3842.92
	464	0	3833.81
	465	0	3824.74
	466	0	3815.71
	467	0	3806.73
	468	0	3797.79
	469	0	3788.89
	470	0	3780.04
	471	0	3771.22
	472	0	3762.45
	473	0	3753.71
	474	0	3745.02
	475	0	3736.37
	476	0	3727.75
	477	0	3719.18
	478	0	3710.65
	479	0	3702.15
	480	0	3693.69
	481	0	3685.28
	482	0	3676.9
	483	0	3668.55
	484	0	3660.25
	485	0	3651.98
	486	0	3643.76
	487	0	3635.56
	488	0	3627.41
	489	0	3619.29
	490	0	3611.21
	491	0	3603.16
	492	0	3595.15
	493	0	3587.18
	494	0	3579.24
	495	0	3571.33
	496	0	3563.46
	497	0	3555.63
	498	0	3547.82
	499	0	3540.06
	500	0	3532.33
	501	0	3524.63
	502	0	3516.96
	503	0	3509.33
	504	0	3501.73
	505	0	3494.16
	506	0	3486.63
	507	0	3479.13
	508	0	3471.66
	509	0	3464.22
	510	0	3456.82
	511	0	3449.44
	512	0	3442.1
	513	0	3434.79
	514	0	3427.51
	515	0	3420.26
	516	0	3413.04
	517	0	3405.85
	518	0	3398.69
	519	0	3391.56
	520	0	3384.47
	521	0	3377.4
	522	0	3370.36
	523	0	3363.35
	524	0	3356.37
	525	0	3349.42
	526	0	3342.49
	527	0	3335.6
	528	0	3328.73
	529	0	3321.89
	530	0	3315.08
	531	0	3308.3
	532	0	3301.55
	533	0	3294.82
	534	0	3288.12
	535	0	3281.45
	536	0	3274.8
	537	0	3268.18
	538	0	3261.59
	539	0	3255.03
	540	0	3248.49
	541	0	3241.98
	542	0	3235.49
	543	0	3229.03
	544	0	3222.59
	545	0	3216.18
	546	0	3209.8
	547	0	3203.44
	548	0	3197.11
	549	0	3190.8
	550	0	3184.52
	551	0	3178.26
	552	0	3172.02
	553	0	3165.81
	554	0	3159.63
	555	0	3153.47
	556	0	3147.33
	557	0	3141.21
	558	0	3135.12
	559	0	3129.06
	560	0	3123.01
	561	0	3116.99
	562	0	3111
	563	0	3105.02
	564	0	3099.07
	565	0	3093.15
	566	0	3087.24
	567	0	3081.36
	568	0	3075.5
	569	0	3069.66
	570	0	3063.84
	571	0	3058.05
	572	0	3052.28
	573	0	3046.53
	574	0	3040.8
	575	0	3035.09
	576	0	3029.41
	577	0	3023.74
	578	0	3018.1
	579	0	3012.47
	580	0	3006.87
	581	0	3001.29
	582	0	2995.73
	583	0	2990.19
	584	0	2984.67
	585	0	2979.18
	586	0	2973.7
	587	0	2968.24
	588	0	2962.8
	589	0	2957.38
	590	0	2951.98
	591	0	2946.6
	592	0	2941.24
	593	0	2935.9
	594	0	2930.58
	595	0	2925.28
	596	0	2920
	597	0	2914.74
	598	0	2909.49
	599	0	2904.27
	600	0	2899.06
	601	0	2893.87
	602	0	2888.7
	603	0	2883.55
	604	0	2878.42
	605	0	2873.3
	606	0	2868.21
	607	0	2863.13
	608	0	2858.07
	609	0	2853.03
	610	0	2848
	611	0	2843
	612	0	2838.01
	613	0	2833.03
	614	0	2828.08
	615	0	2823.14
	616	0	2818.22
	617	0	2813.32
	618	0	2808.43
	619	0	2803.56
	620	0	2798.71
	621	0	2793.88
	622	0	2789.06
	623	0	2784.26
	624	0	2779.47
	625	0	2774.7
	626	0	2769.95
	627	0	2765.21
	628	0	2760.49
	629	0	2755.79
	630	0	2751.1
	631	0	2746.43
	632	0	2741.77
	633	0	2737.13
	634	0	2732.5
	635	0	2727.89
	636	0	2723.3
	637	0	2718.72
	638	0	2714.16
	639	0	2709.61
	640	0	2705.08
	641	0	2700.56
	642	0	2696.06
	643	0	2691.57
	644	0	2687.1
	645	0	2682.64
	646	0	2678.2
	647	0	2673.77
	648	0	2669.35
	649	0	2664.96
	650	0	2660.57
	651	0	2656.2
	652	0	2651.84
	653	0	2647.5
	654	0	2643.18
	655	0	2638.86
	656	0	2634.56
	657	0	2630.28
	658	0	2626.01
	659	0	2621.75
	660	0	2617.51
	661	0	2613.28
	662	0	2609.06
	663	0	2604.86
	664	0	2600.67
	665	0	2596.49
	666	0	2592.33
	667	0	2588.18
	668	0	2584.04
	669	0	2579.92
	670	0	2575.81
	671	0	2571.72
	672	0	2567.63
	673	0	2563.56
	674	0	2559.5
	675	0	2555.46
	676	0	2551.43
	677	0	2547.41
	678	0	2543.4
	679	0	2539.41
	680	0	2535.43
	681	0	2531.46
	682	0	2527.5
	683	0	2523.56
	684	0	2519.62
	685	0	2515.7
	686	0	2511.8
	687	0	2507.9
	688	0	2504.02
	689	0	2500.15
	690	0	2496.29
	691	0	2492.44
	692	0	2488.6
	693	0	2484.78
	694	0	2480.97
	695	0	2477.17
	696	0	2473.38
	697	0	2469.6
	698	0	2465.83
	699	0	2462.08
	700	0	2458.34
	701	0	2454.61
	702	0	2450.89
	703	0	2447.18
	704	0	2443.48
	705	0	2439.79
	706	0	2436.12
	707	0	2432.45
	708	0	2428.8
	709	0	2425.16
	710	0	2421.52
	711	0	2417.9
	712	0	2414.29
	713	0	2410.69
	714	0	2407.11
	715	0	2403.53
	716	0	2399.96
	717	0	2396.4
	718	0	2392.86
	719	0	2389.32
	720	0	2385.8
	721	0	2382.28
	722	0	2378.78
	723	0	2375.28
	724	0	2371.8
	725	0	2368.33
	726	0	2364.86
	727	0	2361.41
	728	0	2357.97
	729	0	2354.53
	730	0	2351.11
	731	0	2347.7
	732	0	2344.29
	733	0	2340.9
	734	0	2337.52
	735	0	2334.14
	736	0	2330.78
	737	0	2327.42
	738	0	2324.08
	739	0	2320.74
	740	0	2317.42
	741	0	2314.1
	742	0	2310.79
	743	0	2307.5
	744	0	2304.21
	745	0	2300.93
	746	0	2297.66
	747	0	2294.4
	748	0	2291.15
	749	0	2287.91
	750	0	2284.68
	751	0	2281.45
	752	0	2278.24
	753	0	2275.03
	754	0	2271.84
	755	0	2268.65
	756	0	2265.47
	757	0	2262.3
	758	0	2259.14
	759	0	2255.99
	760	0	2252.85
	761	0	2249.71
	762	0	2246.59
	763	0	2243.47
	764	0	2240.36
	765	0	2237.26
	766	0	2234.17
	767	0	2231.09
	768	0	2228.01
	769	0	2224.95
	770	0	2221.89
	771	0	2218.84
	772	0	2215.8
	773	0	2212.77
	774	0	2209.75
	775	0	2206.73
	776	0	2203.72
	777	0	2200.73
	778	0	2197.73
	779	0	2194.75
	780	0	2191.78
	781	0	2188.81
	782	0	2185.85
	783	0	2182.9
	784	0	2179.96
	785	0	2177.02
	786	0	2174.1
	787	0	2171.18
	788	0	2168.27
	789	0	2165.36
	790	0	2162.47
	791	0	2159.58
	792	0	2156.7
	793	0	2153.83
	794	0	2150.96
	795	0	2148.1
	796	0	2145.25
	797	0	2142.41
	798	0	2139.58
	799	0	2136.75
	800	0	2133.93
	801	0	2131.12
	802	0	2128.31
	803	0	2125.52
	804	0	2122.73
	805	0	2119.94
	806	0	2117.17
	807	0	2114.4
	808	0	2111.64
	809	0	2108.88
	810	0	2106.14
	811	0	2103.4
	812	0	2100.67
	813	0	2097.94
	814	0	2095.22
	815	0	2092.51
	816	0	2089.81
	817	0	2087.11
	818	0	2084.42
	819	0	2081.74
	820	0	2079.06
	821	0	2076.39
	822	0	2073.73
	823	0	2071.07
	824	0	2068.42
	825	0	2065.78
	826	0	2063.14
	827	0	2060.52
	828	0	2057.89
	829	0	2055.28
	830	0	2052.67
	831	0	2050.07
	832	0	2047.47
	833	0	2044.88
	834	0	2042.3
	835	0	2039.72
	836	0	2037.15
	837	0	2034.59
	838	0	2032.03
	839	0	2029.48
	840	0	2026.94
	841	0	2024.4
	842	0	2021.87
	843	0	2019.35
	844	0	2016.83
	845	0	2014.32
	846	0	2011.81
	847	0	2009.31
	848	0	2006.82
	849	0	2004.33
	850	0	2001.85
	851	0	1999.37
	852	0	1996.9
	853	0	1994.44
	854	0	1991.98
	855	0	1989.53
	856	0	1987.09
	857	0	1984.65
	858	0	1982.22
	859	0	1979.79
	860	0	1977.37
	861	0	1974.95
	862	0	1972.54
	863	0	1970.14
	864	0	1967.74
	865	0	1965.35
	866	0	1962.97
	867	0	1960.59
	868	0	1958.21
	869	0	1955.84
	870	0	1953.48
	871	0	1951.12
	872	0	1948.77
	873	0	1946.43
	874	0	1944.09
	875	0	1941.75
	876	0	1939.42
	877	0	1937.1
	878	0	1934.78
	879	0	1932.47
	880	0	1930.16
	881	0	1927.86
	882	0	1925.57
	883	0	1923.28
	884	0	1920.99
	885	0	1918.71
	886	0	1916.44
	887	0	1914.17
	888	0	1911.91
	889	0	1909.65
	890	0	1907.4
	891	0	1905.15
	892	0	1902.91
	893	0	1900.67
	894	0	1898.44
	895	0	1896.21
	896	0	1893.99
	897	0	1891.78
	898	0	1889.57
	899	0	1887.36
	900	0	1885.16
	901	0	1882.97
	902	0	1880.78
	903	0	1878.59
	904	0	1876.41
	905	0	1874.24
	906	0	1872.07
	907	0	1869.9
	908	0	1867.74
	909	0	1865.59
	910	0	1863.44
	911	0	1861.29
	912	0	1859.15
	913	0	1857.02
	914	0	1854.89
	915	0	1852.76
	916	0	1850.64
	917	0	1848.53
	918	0	1846.42
	919	0	1844.31
	920	0	1842.21
	921	0	1840.11
	922	0	1838.02
	923	0	1835.94
	924	0	1833.85
	925	0	1831.78
	926	0	1829.7
	927	0	1827.64
	928	0	1825.57
	929	0	1823.51
	930	0	1821.46
	931	0	1819.41
	932	0	1817.37
	933	0	1815.33
	934	0	1813.29
	935	0	1811.26
	936	0	1809.23
	937	0	1807.21
	938	0	1805.19
	939	0	1803.18
	940	0	1801.17
	941	0	1799.17
	942	0	1797.17
	943	0	1795.17
	944	0	1793.18
	945	0	1791.2
	946	0	1789.21
	947	0	1787.24
	948	0	1785.26
	949	0	1783.29
	950	0	1781.33
	951	0	1779.37
	952	0	1777.41
	953	0	1775.46
	954	0	1773.52
	955	0	1771.57
	956	0	1769.63
	957	0	1767.7
	958	0	1765.77
	959	0	1763.84
	960	0	1761.92
	961	0	1760
	962	0	1758.09
	963	0	1756.18
	964	0	1754.28
	965	0	1752.37
	966	0	1750.48
	967	0	1748.58
	968	0	1746.7
	969	0	1744.81
	970	0	1742.93
	971	0	1741.05
	972	0	1739.18
	973	0	1737.31
	974	0	1735.45
	975	0	1733.59
	976	0	1731.73
	977	0	1729.88
	978	0	1728.03
	979	0	1726.19
	980	0	1724.35
	981	0	1722.51
	982	0	1720.68
	983	0	1718.85
	984	0	1717.02
	985	0	1715.2
	986	0	1713.38
	987	0	1711.57
	988	0	1709.76
	989	0	1707.95
	990	0	1706.15
	991	0	1704.35
	992	0	1702.56
	993	0	1700.77
	994	0	1698.98
	995	0	1697.2
	996	0	1695.42
	997	0	1693.64
	998	0	1691.87
	999	0	1690.1
	1000	0	1688.34
	1001	0	1686.58
	1002	0	1684.82
	1003	0	1683.07
	1004	0	1681.32
	1005	0	1679.57
	1006	0	1677.83
	1007	0	1676.09
	1008	0	1674.35
	1009	0	1672.62
	1010	0	1670.89
	1011	0	1669.17
	1012	0	1667.45
	1013	0	1665.73
	1014	0	1664.02
	1015	0	1662.31
	1016	0	1660.6
	1017	0	1658.9
	1018	0	1657.2
	1019	0	1655.5
	1020	0	1653.81
	1021	0	1652.12
	1022	0	1650.43
	1023	0	1648.75
	1024	0	1647.07
	1025	0	1645.39
	1026	0	1643.72
	1027	0	1642.05
	1028	0	1640.38
	1029	0	1638.72
	1030	0	1637.06
	1031	0	1635.41
	1032	0	1633.76
	1033	0	1632.11
	1034	0	1630.46
	1035	0	1628.82
	1036	0	1627.18
	1037	0	1625.54
	1038	0	1623.91
	1039	0	1622.28
	1040	0	1620.66
	1041	0	1619.03
	1042	0	1617.41
	1043	0	1615.8
	1044	0	1614.19
	1045	0	1612.58
	1046	0	1610.97
	1047	0	1609.37
	1048	0	1607.77
	1049	0	1606.17
	1050	0	1604.58
	1051	0	1602.98
	1052	0	1601.4
	1053	0	1599.81
	1054	0	1598.23
	1055	0	1596.65
	1056	0	1595.08
	1057	0	1593.51
	1058	0	1591.94
	1059	0	1590.37
	1060	0	1588.81
	1061	0	1587.25
	1062	0	1585.69
	1063	0	1584.14
	1064	0	1582.59
	1065	0	1581.04
	1066	0	1579.5
	1067	0	1577.96
	1068	0	1576.42
	1069	0	1574.88
	1070	0	1573.35
	1071	0	1571.82
	1072	0	1570.3
	1073	0	1568.77
	1074	0	1567.25
	1075	0	1565.73
	1076	0	1564.22
	1077	0	1562.71
	1078	0	1561.2
	1079	0	1559.69
	1080	0	1558.19
	1081	0	1556.69
	1082	0	1555.19
	1083	0	1553.7
	1084	0	1552.21
	1085	0	1550.72
	1086	0	1549.23
	1087	0	1547.75
	1088	0	1546.27
	1089	0	1544.79
	1090	0	1543.32
	1091	0	1541.85
	1092	0	1540.38
	1093	0	1538.91
	1094	0	1537.45
	1095	0	1535.99
	1096	0	1534.53
	1097	0	1533.08
	1098	0	1531.63
	1099	0	1530.18
	1100	0	1528.73
	1101	0	1527.29
	1102	0	1525.84
	1103	0	1524.41
	1104	0	1522.97
	1105	0	1521.54
	1106	0	1520.11
	1107	0	1518.68
	1108	0	1517.25
	1109	0	1515.83
	1110	0	1514.41
	1111	0	1513
	1112	0	1511.58
	1113	0	1510.17
	1114	0	1508.76
	1115	0	1507.35
	1116	0	1505.95
	1117	0	1504.55
	1118	0	1503.15
	1119	0	1501.76
	1120	0	1500.36
	1121	0	1498.97
	1122	0	1497.58
	1123	0	1496.2
	1124	0	1494.81
	1125	0	1493.43
	1126	0	1492.06
	1127	0	1490.68
	1128	0	1489.31
	1129	0	1487.94
	1130	0	1486.57
	1131	0	1485.2
	1132	0	1483.84
	1133	0	1482.48
	1134	0	1481.12
	1135	0	1479.77
	1136	0	1478.41
	1137	0	1477.06
	1138	0	1475.72
	1139	0	1474.37
	1140	0	1473.03
	1141	0	1471.69
	1142	0	1470.35
	1143	0	1469.01
	1144	0	1467.68
	1145	0	1466.35
	1146	0	1465.02
	1147	0	1463.69
	1148	0	1462.37
	1149	0	1461.05
	1150	0	1459.73
	1151	0	1458.41
	1152	0	1457.1
	1153	0	1455.79
	1154	0	1454.48
	1155	0	1453.17
	1156	0	1451.87
	1157	0	1450.57
	1158	0	1449.27
	1159	0	1447.97
	1160	0	1446.67
	1161	0	1445.38
	1162	0	1444.09
	1163	0	1442.8
	1164	0	1441.51
	1165	0	1440.23
	1166	0	1438.95
	1167	0	1437.67
	1168	0	1436.39
	1169	0	1435.12
	1170	0	1433.84
	1171	0	1432.57
	1172	0	1431.31
	1173	0	1430.04
	1174	0	1428.78
	1175	0	1427.52
	1176	0	1426.26
	1177	0	1425
	1178	0	1423.75
	1179	0	1422.49
	1180	0	1421.24
	1181	0	1419.99
	1182	0	1418.75
	1183	0	1417.51
	1184	0	1416.26
	1185	0	1415.02
	1186	0	1413.79
	1187	0	1412.55
	1188	0	1411.32
	1189	0	1410.09
	1190	0	1408.86
	1191	0	1407.63
	1192	0	1406.41
	1193	0	1405.19
	1194	0	1403.97
	1195	0	1402.75
	1196	0	1401.53
	1197	0	1400.32
	1198	0	1399.11
	1199	0	1397.9
	1200	0	1396.69
	1201	0	1395.49
	1202	0	1394.28
	1203	0	1393.08
	1204	0	1391.88
	1205	0	1390.69
	1206	0	1389.49
	1207	0	1388.3
	1208	0	1387.11
	1209	0	1385.92
	1210	0	1384.73
	1211	0	1383.55
	1212	0	1382.36
	1213	0	1381.18
	1214	0	1380
	1215	0	1378.83
	1216	0	1377.65
	1217	0	1376.48
	1218	0	1375.31
	1219	0	1374.14
	1220	0	1372.97
	1221	0	1371.81
	1222	0	1370.65
	1223	0	1369.49
	1224	0	1368.33
	1225	0	1367.17
	1226	0	1366.02
	1227	0	1364.86
	1228	0	1363.71
	1229	0	1362.56
	1230	0	1361.42
	1231	0	1360.27
	1232	0	1359.13
	1233	0	1357.99
	1234	0	1356.85
	1235	0	1355.71
	1236	0	1354.57
	1237	0	1353.44
	1238	0	1352.31
	1239	0	1351.18
	1240	0	1350.05
	1241	0	1348.92
	1242	0	1347.8
	1243	0	1346.68
	1244	0	1345.56
	1245	0	1344.44
	1246	0	1343.32
	1247	0	1342.21
	1248	0	1341.09
	1249	0	1339.98
	1250	0	1338.87
	1251	0	1337.76
	1252	0	1336.66
	1253	0	1335.55
	1254	0	1334.45
	1255	0	1333.35
	1256	0	1332.25
	1257	0	1331.16
	1258	0	1330.06
	1259	0	1328.97
	1260	0	1327.88
	1261	0	1326.79
	1262	0	1325.7
	1263	0	1324.61
	1264	0	1323.53
	1265	0	1322.45
	1266	0	1321.37
	1267	0	1320.29
	1268	0	1319.21
	1269	0	1318.14
	1270	0	1317.06
	1271	0	1315.99
	1272	0	1314.92
	1273	0	1313.85
	1274	0	1312.79
	1275	0	1311.72
	1276	0	1310.66
	1277	0	1309.6
	1278	0	1308.54
	1279	0	1307.48
	1280	0	1306.42
	1281	0	1305.37
	1282	0	1304.31
	1283	0	1303.26
	1284	0	1302.21
	1285	0	1301.17
	1286	0	1300.12
	1287	0	1299.08
	1288	0	1298.03
	1289	0	1296.99
	1290	0	1295.95
	1291	0	1294.91
	1292	0	1293.88
	1293	0	1292.84
	1294	0	1291.81
	1295	0	1290.78
	1296	0	1289.75
	1297	0	1288.72
	1298	0	1287.7
	1299	0	1286.67
	1300	0	1285.65
	1301	0	1284.63
	1302	0	1283.61
	1303	0	1282.59
	1304	0	1281.57
	1305	0	1280.56
	1306	0	1279.55
	1307	0	1278.53
	1308	0	1277.52
	1309	0	1276.52
	1310	0	1275.51
	1311	0	1274.5
	1312	0	1273.5
	1313	0	1272.5
	1314	0	1271.5
	1315	0	1270.5
	1316	0	1269.5
	1317	0	1268.5
	1318	0	1267.51
	1319	0	1266.52
	1320	0	1265.53
	1321	0	1264.54
	1322	0	1263.55
	1323	0	1262.56
	1324	0	1261.58
	1325	0	1260.59
	1326	0	1259.61
	1327	0	1258.63
	1328	0	1257.65
	1329	0	1256.67
	1330	0	1255.7
	1331	0	1254.72
	1332	0	1253.75
	1333	0	1252.78
	1334	0	1251.81
	1335	0	1250.84
	1336	0	1249.88
	1337	0	1248.91
	1338	0	1247.95
	1339	0	1246.98
	1340	0	1246.02
	1341	0	1245.06
	1342	0	1244.11
	1343	0	1243.15
	1344	0	1242.19
	1345	0	1241.24
	1346	0	1240.29
	1347	0	1239.34
	1348	0	1238.39
	1349	0	1237.44
	1350	0	1236.5
	1351	0	1235.55
	1352	0	1234.61
	1353	0	1233.67
	1354	0	1232.73
	1355	0	1231.79
	1356	0	1230.85
	1357	0	1229.91
	1358	0	1228.98
	1359	0	1228.04
	1360	0	1227.11
	1361	0	1226.18
	1362	0	1225.25
	1363	0	1224.33
	1364	0	1223.4
	1365	0	1222.47
	1366	0	1221.55
	1367	0	1220.63
	1368	0	1219.71
	1369	0	1218.79
	1370	0	1217.87
	1371	0	1216.95
	1372	0	1216.04
	1373	0	1215.13
	1374	0	1214.21
	1375	0	1213.3
	1376	0	1212.39
	1377	0	1211.48
	1378	0	1210.58
	1379	0	1209.67
	1380	0	1208.77
	1381	0	1207.86
	1382	0	1206.96
	1383	0	1206.06
	1384	0	1205.16
	1385	0	1204.27
	1386	0	1203.37
	1387	0	1202.48
	1388	0	1201.58
	1389	0	1200.69
	1390	0	1199.8
	1391	0	1198.91
	1392	0	1198.02
	1393	0	1197.13
	1394	0	1196.25
	1395	0	1195.36
	1396	0	1194.48
	1397	0	1193.6
	1398	0	1192.72
	1399	0	1191.84
	1400	0	1190.96
	1401	0	1190.09
	1402	0	1189.21
	1403	0	1188.34
	1404	0	1187.46
	1405	0	1186.59
	1406	0	1185.72
	1407	0	1184.85
	1408	0	1183.99
	1409	0	1183.12
	1410	0	1182.26
	1411	0	1181.39
	1412	0	1180.53
	1413	0	1179.67
	1414	0	1178.81
	1415	0	1177.95
	1416	0	1177.09
	1417	0	1176.24
	1418	0	1175.38
	1419	0	1174.53
	1420	0	1173.67
	1421	0	1172.82
	1422	0	1171.97
	1423	0	1171.12
	1424	0	1170.28
	1425	0	1169.43
	1426	0	1168.59
	1427	0	1167.74
	1428	0	1166.9
	1429	0	1166.06
	1430	0	1165.22
	1431	0	1164.38
	1432	0	1163.54
	1433	0	1162.7
	1434	0	1161.87
	1435	0	1161.03
	1436	0	1160.2
	1437	0	1159.37
	1438	0	1158.54
	1439	0	1157.71
	1440	0	1156.88
	1441	0	1156.05
	1442	0	1155.23
	1443	0	1154.4
	1444	0	1153.58
	1445	0	1152.76
	1446	0	1151.94
	1447	0	1151.12
	1448	0	1150.3
	1449	0	1149.48
	1450	0	1148.66
	1451	0	1147.85
	1452	0	1147.03
	1453	0	1146.22
	1454	0	1145.41
	1455	0	1144.6
	1456	0	1143.79
	1457	0	1142.98
	1458	0	1142.17
	1459	0	1141.37
	1460	0	1140.56
	1461	0	1139.76
	1462	0	1138.96
	1463	0	1138.15
	1464	0	1137.35
	1465	0	1136.55
	1466	0	1135.76
	1467	0	1134.96
	1468	0	1134.16
	1469	0	1133.37
	1470	0	1132.57
	1471	0	1131.78
	1472	0	1130.99
	1473	0	1130.2
	1474	0	1129.41
	1475	0	1128.62
	1476	0	1127.83
	1477	0	1127.05
	1478	0	1126.26
	1479	0	1125.48
	1480	0	1124.7
	1481	0	1123.91
	1482	0	1123.13
	1483	0	1122.35
	1484	0	1121.58
	1485	0	1120.8
	1486	0	1120.02
	1487	0	1119.25
	1488	0	1118.47
	1489	0	1117.7
	1490	0	1116.93
	1491	0	1116.16
	1492	0	1115.39
	1493	0	1114.62
	1494	0	1113.85
	1495	0	1113.08
	1496	0	1112.32
	1497	0	1111.55
	1498	0	1110.79
	1499	0	1110.03
	1500	0	1109.27
	1501	0	1108.51
	1502	0	1107.75
	1503	0	1106.99
	1504	0	1106.23
	1505	0	1105.47
	1506	0	1104.72
	1507	0	1103.97
	1508	0	1103.21
	1509	0	1102.46
	1510	0	1101.71
	1511	0	1100.96
	1512	0	1100.21
	1513	0	1099.46
	1514	0	1098.71
	1515	0	1097.97
	1516	0	1097.22
	1517	0	1096.48
	1518	0	1095.74
	1519	0	1095
	1520	0	1094.25
	1521	0	1093.51
	1522	0	1092.78
	1523	0	1092.04
	1524	0	1091.3
	1525	0	1090.56
	1526	0	1089.83
	1527	0	1089.1
	1528	0	1088.36
	1529	0	1087.63
	1530	0	1086.9
	1531	0	1086.17
	1532	0	1085.44
	1533	0	1084.71
	1534	0	1083.98
	1535	0	1083.26
	1536	0	1082.53
	1537	0	1081.81
	1538	0	1081.09
	1539	0	1080.36
	1540	0	1079.64
	1541	0	1078.92
	1542	0	1078.2
	1543	0	1077.48
	1544	0	1076.77
	1545	0	1076.05
	1546	0	1075.33
	1547	0	1074.62
	1548	0	1073.91
	1549	0	1073.19
	1550	0	1072.48
	1551	0	1071.77
	1552	0	1071.06
	1553	0	1070.35
	1554	0	1069.64
	1555	0	1068.94
	1556	0	1068.23
	1557	0	1067.53
	1558	0	1066.82
	1559	0	1066.12
	1560	0	1065.42
	1561	0	1064.71
	1562	0	1064.01
	1563	0	1063.31
	1564	0	1062.62
	1565	0	1061.92
	1566	0	1061.22
	1567	0	1060.53
	1568	0	1059.83
	1569	0	1059.14
	1570	0	1058.44
	1571	0	1057.75
	1572	0	1057.06
	1573	0	1056.37
	1574	0	1055.68
	1575	0	1054.99
	1576	0	1054.3
	1577	0	1053.62
	1578	0	1052.93
	1579	0	1052.24
	1580	0	1051.56
	1581	0	1050.88
	1582	0	1050.19
	1583	0	1049.51
	1584	0	1048.83
	1585	0	1048.15
	1586	0	1047.47
	1587	0	1046.79
	1588	0	1046.12
	1589	0	1045.44
	1590	0	1044.77
	1591	0	1044.09
	1592	0	1043.42
	1593	0	1042.74
	1594	0	1042.07
	1595	0	1041.4
	1596	0	1040.73
	1597	0	1040.06
	1598	0	1039.39
	1599	0	1038.73
	1600	0	1038.06
	1601	0	1037.39
	1602	0	1036.73
	1603	0	1036.06
	1604	0	1035.4
	1605	0	1034.74
	1606	0	1034.08
	1607	0	1033.42
	1608	0	1032.76
	1609	0	1032.1
	1610	0	1031.44
	1611	0	1030.78
	1612	0	1030.12
	1613	0	1029.47
	1614	0	1028.81
	1615	0	1028.16
	1616	0	1027.51
	1617	0	1026.85
	1618	0	1026.2
	1619	0	1025.55
	1620	0	1024.9
	1621	0	1024.25
	1622	0	1023.6
	1623	0	1022.96
	1624	0	1022.31
	1625	0	1021.66
	1626	0	1021.02
	1627	0	1020.37
	1628	0	1019.73
	1629	0	1019.09
	1630	0	1018.45
	1631	0	1017.8
	1632	0	1017.16
	1633	0	1016.53
	1634	0	1015.89
	1635	0	1015.25
	1636	0	1014.61
	1637	0	1013.98
	1638	0	1013.34
	1639	0	1012.71
	1640	0	1012.07
	1641	0	1011.44
	1642	0	1010.81
	1643	0	1010.18
	1644	0	1009.54
	1645	0	1008.91
	1646	0	1008.29
	1647	0	1007.66
	1648	0	1007.03
	1649	0	1006.4
	1650	0	1005.78
	1651	0	1005.15
	1652	0	1004.53
	1653	0	1003.9
	1654	0	1003.28
	1655	0	1002.66
	1656	0	1002.04
	1657	0	1001.42
	1658	0	1000.8
	1659	0	1000.18
	1660	0	999.56
	1661	0	998.943
	1662	0	998.326
	1663	0	997.71
	1664	0	997.095
	1665	0	996.48
	1666	0	995.867
	1667	0	995.254
	1668	0	994.642
	1669	0	994.03
	1670	0	993.419
	1671	0	992.81
	1672	0	992.2
	1673	0	991.592
	1674	0	990.984
	1675	0	990.377
	1676	0	989.771
	1677	0	989.166
	1678	0	988.561
	1679	0	987.957
	1680	0	987.354
	1681	0	986.751
	1682	0	986.15
	1683	0	985.549
	1684	0	984.948
	1685	0	984.349
	1686	0	983.75
	1687	0	983.152
	1688	0	982.555
	1689	0	981.958
	1690	0	981.362
	1691	0	980.767
	1692	0	980.172
	1693	0	979.579
	1694	0	978.985
	1695	0	978.393
	1696	0	977.802
	1697	0	977.211
	1698	0	976.62
	1699	0	976.031
	1700	0	975.442
	1701	0	974.854
	1702	0	974.267
	1703	0	973.68
	1704	0	973.094
	1705	0	972.509
	1706	0	971.925
	1707	0	971.341
	1708	0	970.758
	1709	0	970.175
	1710	0	969.594
	1711	0	969.013
	1712	0	968.432
	1713	0	967.853
	1714	0	967.274
	1715	0	966.695
	1716	0	966.118
	1717	0	965.541
	1718	0	964.965
	1719	0	964.389
	1720	0	963.815
	1721	0	963.24
	1722	0	962.667
	1723	0	962.094
	1724	0	961.522
	1725	0	960.951
	1726	0	960.38
	1727	0	959.81
	1728	0	959.241
	1729	0	958.672
	1730	0	958.104
	1731	0	957.537
	1732	0	956.97
	1733	0	956.404
	1734	0	955.839
	1735	0	955.274
	1736	0	954.71
	1737	0	954.147
	1738	0	953.584
	1739	0	953.022
	1740	0	952.461
	1741	0	951.9
	1742	0	951.34
	1743	0	950.781
	1744	0	950.222
	1745	0	949.664
	1746	0	949.107
	1747	0	948.55
	1748	0	947.994
	1749	0	947.439
	1750	0	946.884
	1751	0	946.33
	1752	0	945.776
	1753	0	945.223
	1754	0	944.671
	1755	0	944.12
	1756	0	943.569
	1757	0	943.018
	1758	0	942.469
	1759	0	941.92
	1760	0	941.372
	1761	0	940.824
	1762	0	940.277
	1763	0	939.73
	1764	0	939.185
	1765	0	938.639
	1766	0	938.095
	1767	0	937.551
	1768	0	937.008
	1769	0	936.465
	1770	0	935.923
	1771	0	935.382
	1772	0	934.841
	1773	0	934.301
	1774	0	933.761
	1775	0	933.223
	1776	0	932.684
	1777	0	932.147
	1778	0	931.61
	1779	0	931.073
	1780	0	930.537
	1781	0	930.002
	1782	0	929.468
	1783	0	928.934
	1784	0	928.401
	1785	0	927.868
	1786	0	927.336
	1787	0	926.804
	1788	0	926.273
	1789	0	925.743
	1790	0	925.213
	1791	0	924.684
	1792	0	924.156
	1793	0	923.628
	1794	0	923.101
	1795	0	922.574
	1796	0	922.048
	1797	0	921.523
	1798	0	920.998
	1799	0	920.474
	1800	0	919.95
	1801	0	919.427
	1802	0	918.904
	1803	0	918.383
	1804	0	917.861
	1805	0	917.341
	1806	0	916.82
	1807	0	916.301
	1808	0	915.782
	1809	0	915.264
	1810	0	914.746
	1811	0	914.229
	1812	0	913.712
	1813	0	913.196
	1814	0	912.681
	1815	0	912.166
	1816	0	911.652
	1817	0	911.138
	1818	0	910.625
	1819	0	910.113
	1820	0	909.601
	1821	0	909.089
	1822	0	908.578
	1823	0	908.068
	1824	0	907.559
	1825	0	907.05
	1826	0	906.541
	1827	0	906.033
	1828	0	905.526
	1829	0	905.019
	1830	0	904.513
	1831	0	904.007
	1832	0	903.502
	1833	0	902.997
	1834	0	902.494
	1835	0	901.99
	1836	0	901.487
	1837	0	900.985
	1838	0	900.483
	1839	0	899.982
	1840	0	899.482
	1841	0	898.981
	1842	0	898.482
	1843	0	897.983
	1844	0	897.485
	1845	0	896.987
	1846	0	896.49
	1847	0	895.993
	1848	0	895.497
	1849	0	895.001
	1850	0	894.506
	1851	0	894.011
	1852	0	893.517
	1853	0	893.024
	1854	0	892.531
	1855	0	892.039
	1856	0	891.547
	1857	0	891.056
	1858	0	890.565
	1859	0	890.075
	1860	0	889.585
	1861	0	889.096
	1862	0	888.607
	1863	0	888.119
	1864	0	887.632
	1865	0	887.145
	1866	0	886.659
	1867	0	886.173
	1868	0	885.687
	1869	0	885.202
	1870	0	884.718
	1871	0	884.234
	1872	0	883.751
	1873	0	883.268
	1874	0	882.786
	1875	0	882.305
	1876	0	881.823
	1877	0	881.343
	1878	0	880.863
	1879	0	880.383
	1880	0	879.904
	1881	0	879.426
	1882	0	878.948
	1883	0	878.47
	1884	0	877.993
	1885	0	877.517
	1886	0	877.041
	1887	0	876.565
	1888	0	876.09
	1889	0	875.616
	1890	0	875.142
	1891	0	874.669
	1892	0	874.196
	1893	0	873.724
	1894	0	873.252
	1895	0	872.781
	1896	0	872.31
	1897	0	871.839
	1898	0	871.37
	1899	0	870.9
	1900	0	870.432
	1901	0	869.963
	1902	0	869.496
	1903	0	869.028
	1904	0	868.561
	1905	0	868.095
	1906	0	867.629
	1907	0	867.164
	1908	0	866.699
	1909	0	866.235
	1910	0	865.771
	1911	0	865.308
	1912	0	864.845
	1913	0	864.383
	1914	0	863.921
	1915	0	863.46
	1916	0	862.999
	1917	0	862.539
	1918	0	862.079
	1919	0	861.62
	1920	0	861.161
	1921	0	860.702
	1922	0	860.245
	1923	0	859.787
	1924	0	859.33
	1925	0	858.874
	1926	0	858.418
	1927	0	857.963
	1928	0	857.508
	1929	0	857.053
	1930	0	856.599
	1931	0	856.146
	1932	0	855.693
	1933	0	855.24
	1934	0	854.788
	1935	0	854.336
	1936	0	853.885
	1937	0	853.435
	1938	0	852.984
	1939	0	852.535
	1940	0	852.085
	1941	0	851.637
	1942	0	851.188
	1943	0	850.741
	1944	0	850.293
	1945	0	849.846
	1946	0	849.4
	1947	0	848.954
	1948	0	848.509
	1949	0	848.064
	1950	0	847.619
	1951	0	847.175
	1952	0	846.731
	1953	0	846.288
	1954	0	845.846
	1955	0	845.403
	1956	0	844.962
	1957	0	844.52
	1958	0	844.08
	1959	0	843.639
	1960	0	843.199
	1961	0	842.76
	1962	0	842.321
	1963	0	841.882
	1964	0	841.444
	1965	0	841.007
	1966	0	840.57
	1967	0	840.133
	1968	0	839.697
	1969	0	839.261
	1970	0	838.825
	1971	0	838.391
	1972	0	837.956
	1973	0	837.522
	1974	0	837.089
	1975	0	836.655
	1976	0	836.223
	1977	0	835.791
	1978	0	835.359
	1979	0	834.928
	1980	0	834.497
	1981	0	834.066
	1982	0	833.636
	1983	0	833.207
	1984	0	832.778
	1985	0	832.349
	1986	0	831.921
	1987	0	831.493
	1988	0	831.066
	1989	0	830.639
	1990	0	830.212
	1991	0	829.786
	1992	0	829.361
	1993	0	828.936
	1994	0	828.511
	1995	0	828.087
	1996	0	827.663
	1997	0	827.239
	1998	0	826.816
	1999	0	826.394
	2000	0	825.972
	2001	0	825.55
	2002	0	825.129
	2003	0	824.708
	2004	0	824.288
	2005	0	823.868
	2006	0	823.448
	2007	0	823.029
	2008	0	822.61
	2009	0	822.192
	2010	0	821.774
	2011	0	821.357
	2012	0	820.94
	2013	0	820.523
	2014	0	820.107
	2015	0	819.692
	2016	0	819.276
	2017	0	818.861
	2018	0	818.447
	2019	0	818.033
	2020	0	817.619
	2021	0	817.206
	2022	0	816.793
	2023	0	816.381
	2024	0	815.969
	2025	0	815.558
	2026	0	815.146
	2027	0	814.736
	2028	0	814.325
	2029	0	813.916
	2030	0	813.506
	2031	0	813.097
	2032	0	812.688
	2033	0	812.28
	2034	0	811.872
	2035	0	811.465
	2036	0	811.058
	2037	0	810.651
	2038	0	810.245
	2039	0	809.84
	2040	0	809.434
	2041	0	809.029
	2042	0	808.625
	2043	0	808.22
	2044	0	807.817
	2045	0	807.413
	2046	0	807.01
	2047	0	806.608
	2048	0	806.206
	2049	0	805.804
	2050	0	805.403
	2051	0	805.002
	2052	0	804.601
	2053	0	804.201
	2054	0	803.801
	2055	0	803.402
	2056	0	803.003
	2057	0	802.604
	2058	0	802.206
	2059	0	801.809
	2060	0	801.411
	2061	0	801.014
	2062	0	800.618
	2063	0	800.221
	2064	0	799.826
	2065	0	799.43
	2066	0	799.035
	2067	0	798.641
	2068	0	798.246
	2069	0	797.853
	2070	0	797.459
	2071	0	797.066
	2072	0	796.673
	2073	0	796.281
	2074	0	795.889
	2075	0	795.498
	2076	0	795.106
	2077	0	794.716
	2078	0	794.325
	2079	0	793.935
	2080	0	793.546
	2081	0	793.156
	2082	0	792.768
	2083	0	792.379
	2084	0	791.991
	2085	0	791.603
	2086	0	791.216
	2087	0	790.829
	2088	0	790.443
	2089	0	790.056
	2090	0	789.671
	2091	0	789.285
	2092	0	788.9
	2093	0	788.515
	2094	0	788.131
	2095	0	787.747
	2096	0	787.364
	2097	0	786.98
	2098	0	786.598
	2099	0	786.215
	2100	0	785.833
	2101	0	785.451
	2102	0	785.07
	2103	0	784.689
	2104	0	784.309
	2105	0	783.928
	2106	0	783.549
	2107	0	783.169
	2108	0	782.79
	2109	0	782.411
	2110	0	782.033
	2111	0	781.655
	2112	0	781.277
	2113	0	780.9
	2114	0	780.523
	2115	0	780.146
	2116	0	779.77
	2117	0	779.394
	2118	0	779.019
	2119	0	778.644
	2120	0	778.269
	2121	0	777.895
	2122	0	777.521
	2123	0	777.147
	2124	0	776.774
	2125	0	776.401
	2126	0	776.028
	2127	0	775.656
	2128	0	775.284
	2129	0	774.912
	2130	0	774.541
	2131	0	774.171
	2132	0	773.8
	2133	0	773.43
	2134	0	773.06
	2135	0	772.691
	2136	0	772.322
	2137	0	771.953
	2138	0	771.585
	2139	0	771.217
	2140	0	770.849
	2141	0	770.482
	2142	0	770.115
	2143	0	769.748
	2144	0	769.382
	2145	0	769.016
	2146	0	768.651
	2147	0	768.286
	2148	0	767.921
	2149	0	767.556
	2150	0	767.192
	2151	0	766.828
	2152	0	766.465
	2153	0	766.102
	2154	0	765.739
	2155	0	765.376
	2156	0	765.014
	2157	0	764.653
	2158	0	764.291
	2159	0	763.93
	2160	0	763.569
	2161	0	763.209
	2162	0	762.849
	2163	0	762.489
	2164	0	762.13
	2165	0	761.771
	2166	0	761.412
	2167	0	761.054
	2168	0	760.696
	2169	0	760.338
	2170	0	759.981
	2171	0	759.624
	2172	0	759.267
	2173	0	758.911
	2174	0	758.555
	2175	0	758.199
	2176	0	757.844
	2177	0	757.489
	2178	0	757.134
	2179	0	756.78
	2180	0	756.426
	2181	0	756.072
	2182	0	755.719
	2183	0	755.366
	2184	0	755.013
	2185	0	754.661
	2186	0	754.309
	2187	0	753.957
	2188	0	753.606
	2189	0	753.255
	2190	0	752.904
	2191	0	752.554
	2192	0	752.204
	2193	0	751.854
	2194	0	751.504
	2195	0	751.155
	2196	0	750.807
	2197	0	750.458
	2198	0	750.11
	2199	0	749.762
	2200	0	749.415
	2201	0	749.068
	2202	0	748.721
	2203	0	748.374
	2204	0	748.028
	2205	0	747.682
	2206	0	747.337
	2207	0	746.992
	2208	0	746.647
	2209	0	746.302
	2210	0	745.958
	2211	0	745.614
	2212	0	745.27
	2213	0	744.927
	2214	0	744.584
	2215	0	744.241
	2216	0	743.899
	2217	0	743.557
	2218	0	743.215
	2219	0	742.874
	2220	0	742.532
	2221	0	742.192
	2222	0	741.851
	2223	0	741.511
	2224	0	741.171
	2225	0	740.832
	2226	0	740.492
	2227	0	740.153
	2228	0	739.815
	2229	0	739.477
	2230	0	739.139
	2231	0	738.801
	2232	0	738.463
	2233	0	738.126
	2234	0	737.79
	2235	0	737.453
	2236	0	737.117
	2237	0	736.781
	2238	0	736.446
	2239	0	736.11
	2240	0	735.775
	2241	0	735.441
	2242	0	735.106
	2243	0	734.772
	2244	0	734.439
	2245	0	734.105
	2246	0	733.772
	2247	0	733.439
	2248	0	733.107
	2249	0	732.775
	2250	0	732.443
	2251	0	732.111
	2252	0	731.78
	2253	0	731.449
	2254	0	731.118
	2255	0	730.788
	2256	0	730.458
	2257	0	730.128
	2258	0	729.798
	2259	0	729.469
	2260	0	729.14
	2261	0	728.812
	2262	0	728.483
	2263	0	728.155
	2264	0	727.828
	2265	0	727.5
	2266	0	727.173
	2267	0	726.846
	2268	0	726.52
	2269	0	726.193
	2270	0	725.867
	2271	0	725.542
	2272	0	725.216
	2273	0	724.891
	2274	0	724.566
	2275	0	724.242
	2276	0	723.918
	2277	0	723.594
	2278	0	723.27
	2279	0	722.947
	2280	0	722.624
	2281	0	722.301
	2282	0	721.978
	2283	0	721.656
	2284	0	721.334
	2285	0	721.013
	2286	0	720.691
	2287	0	720.37
	2288	0	720.05
	2289	0	719.729
	2290	0	719.409
	2291	0	719.089
	2292	0	718.769
	2293	0	718.45
	2294	0	718.131
	2295	0	717.812
	2296	0	717.494
	2297	0	717.175
	2298	0	716.858
	2299	0	716.54
	2300	0	716.223
	2301	0	715.905
	2302	0	715.589
	2303	0	715.272
	2304	0	714.956
	2305	0	714.64
	2306	0	714.324
	2307	0	714.009
	2308	0	713.694
	2309	0	713.379
	2310	0	713.064
	2311	0	712.75
	2312	0	712.436
	2313	0	712.122
	2314	0	711.809
	2315	0	711.496
	2316	0	711.183
	2317	0	710.87
	2318	0	710.558
	2319	0	710.246
	2320	0	709.934
	2321	0	709.622
	2322	0	709.311
	2323	0	709
	2324	0	708.689
	2325	0	708.379
	2326	0	708.069
	2327	0	707.759
	2328	0	707.449
	2329	0	707.14
	2330	0	706.831
	2331	0	706.522
	2332	0	706.213
	2333	0	705.905
	2334	0	705.597
	2335	0	705.289
	2336	0	704.982
	2337	0	704.675
	2338	0	704.368
	2339	0	704.061
	2340	0	703.755
	2341	0	703.448
	2342	0	703.142
	2343	0	702.837
	2344	0	702.532
	2345	0	702.226
	2346	0	701.922
	2347	0	701.617
	2348	0	701.313
	2349	0	701.009
	2350	0	700.705
	2351	0	700.402
	2352	0	700.098
	2353	0	699.795
	2354	0	699.493
	2355	0	699.19
	2356	0	698.888
	2357	0	698.586
	2358	0	698.284
	2359	0	697.983
	2360	0	697.682
	2361	0	697.381
	2362	0	697.08
	2363	0	696.78
	2364	0	696.48
	2365	0	696.18
	2366	0	695.88
	2367	0	695.581
	2368	0	695.282
	2369	0	694.983
	2370	0	694.685
	2371	0	694.386
	2372	0	694.088
	2373	0	693.791
	2374	0	693.493
	2375	0	693.196
	2376	0	692.899
	2377	0	692.602
	2378	0	692.305
	2379	0	692.009
	2380	0	691.713
	2381	0	691.417
	2382	0	691.122
	2383	0	690.827
	2384	0	690.532
	2385	0	690.237
	2386	0	689.942
	2387	0	689.648
	2388	0	689.354
	2389	0	689.06
	2390	0	688.767
	2391	0	688.474
	2392	0	688.181
	2393	0	687.888
	2394	0	687.595
	2395	0	687.303
	2396	0	687.011
	2397	0	686.719
	2398	0	686.428
	2399	0	686.137
	2400	0	685.846
	2401	0	685.555
	2402	0	685.264
	2403	0	684.974
	2404	0	684.684
	2405	0	684.394
	2406	0	684.105
	2407	0	683.816
	2408	0	683.527
	2409	0	683.238
	2410	0	682.949
	2411	0	682.661
	2412	0	682.373
	2413	0	682.085
	2414	0	681.797
	2415	0	681.51
	2416	0	681.223
	2417	0	680.936
	2418	0	680.649
	2419	0	680.363
	2420	0	680.077
	2421	0	679.791
	2422	0	679.505
	2423	0	679.22
	2424	0	678.935
	2425	0	678.65
	2426	0	678.365
	2427	0	678.081
	2428	0	677.797
	2429	0	677.513
	2430	0	677.229
	2431	0	676.945
	2432	0	676.662
	2433	0	676.379
	2434	0	676.096
	2435	0	675.814
	2436	0	675.531
	2437	0	675.249
	2438	0	674.967
	2439	0	674.686
	2440	0	674.404
	2441	0	674.123
	2442	0	673.842
	2443	0	673.562
	2444	0	673.281
	2445	0	673.001
	2446	0	672.721
	2447	0	672.441
	2448	0	672.162
	2449	0	671.883
	2450	0	671.604
	2451	0	671.325
	2452	0	671.046
	2453	0	670.768
	2454	0	670.49
	2455	0	670.212
	2456	0	669.934
	2457	0	669.657
	2458	0	669.379
	2459	0	669.103
	2460	0	668.826
	2461	0	668.549
	2462	0	668.273
	2463	0	667.997
	2464	0	667.721
	2465	0	667.446
	2466	0	667.17
	2467	0	666.895
	2468	0	666.62
	2469	0	666.345
	2470	0	666.071
	2471	0	665.797
	2472	0	665.523
	2473	0	665.249
	2474	0	664.975
	2475	0	664.702
	2476	0	664.429
	2477	0	664.156
	2478	0	663.883
	2479	0	663.611
	2480	0	663.339
	2481	0	663.067
	2482	0	662.795
	2483	0	662.523
	2484	0	662.252
	2485	0	661.981
	2486	0	661.71
	2487	0	661.439
	2488	0	661.169
	2489	0	660.899
	2490	0	660.629
	2491	0	660.359
	2492	0	660.089
	2493	0	659.82
	2494	0	659.551
	2495	0	659.282
	2496	0	659.013
	2497	0	658.745
	2498	0	658.477
	2499	0	658.209
	2500	0	657.941
	2501	0	657.673
	2502	0	657.406
	2503	0	657.139
	2504	0	656.872
	2505	0	656.605
	2506	0	656.339
	2507	0	656.072
	2508	0	655.806
	2509	0	655.54
	2510	0	655.275
	2511	0	655.009
	2512	0	654.744
	2513	0	654.479
	2514	0	654.214
	2515	0	653.95
	2516	0	653.685
	2517	0	653.421
	2518	0	653.157
	2519	0	652.894
	2520	0	652.63
	2521	0	652.367
	2522	0	652.104
	2523	0	651.841
	2524	0	651.578
	2525	0	651.316
	2526	0	651.054
	2527	0	650.792
	2528	0	650.53
	2529	0	650.268
	2530	0	650.007
	2531	0	649.746
	2532	0	649.485
	2533	0	649.224
	2534	0	648.963
	2535	0	648.703
	2536	0	648.443
	2537	0	648.183
	2538	0	647.923
	2539	0	647.664
	2540	0	647.404
	2541	0	647.145
	2542	0	646.887
	2543	0	646.628
	2544	0	646.369
	2545	0	646.111
	2546	0	645.853
	2547	0	645.595
	2548	0	645.338
	2549	0	645.08
	2550	0	644.823
	2551	0	644.566
	2552	0	644.309
	2553	0	644.052
	2554	0	643.796
	2555	0	643.54
	2556	0	643.284
	2557	0	643.028
	2558	0	642.772
	2559	0	642.517
	2560	0	642.262
	2561	0	642.007
	2562	0	641.752
	2563	0	641.497
	2564	0	641.243
	2565	0	640.989
	2566	0	640.735
	2567	0	640.481
	2568	0	640.228
	2569	0	639.974
	2570	0	639.721
	2571	0	639.468
	2572	0	639.215
	2573	0	638.963
	2574	0	638.71
	2575	0	638.458
	2576	0	638.206
	2577	0	637.954
	2578	0	637.703
	2579	0	637.451
	2580	0	637.2
	2581	0	636.949
	2582	0	636.699
	2583	0	636.448
	2584	0	636.198
	2585	0	635.947
	2586	0	635.697
	2587	0	635.448
	2588	0	635.198
	2589	0	634.949
	2590	0	634.699
	2591	0	634.45
	2592	0	634.201
	2593	0	633.953
	2594	0	633.704
	2595	0	633.456
	2596	0	633.208
	2597	0	632.96
	2598	0	632.713
	2599	0	632.465
	2600	0	632.218
	2601	0	631.971
	2602	0	631.724
	2603	0	631.477
	2604	0	631.231
	2605	0	630.984
	2606	0	630.738
	2607	0	630.492
	2608	0	630.247
	2609	0	630.001
	2610	0	629.756
	2611	0	629.511
	2612	0	629.266
	2613	0	629.021
	2614	0	628.776
	2615	0	628.532
	2616	0	628.288
	2617	0	628.044
	2618	0	627.8
	2619	0	627.556
	2620	0	627.313
	2621	0	627.069
	2622	0	626.826
	2623	0	626.584
	2624	0	626.341
	2625	0	626.098
	2626	0	625.856
	2627	0	625.614
	2628	0	625.372
	2629	0	625.13
	2630	0	624.889
	2631	0	624.647
	2632	0	624.406
	2633	0	624.165
	2634	0	623.924
	2635	0	623.684
	2636	0	623.443
	2637	0	623.203
	2638	0	622.963
	2639	0	622.723
	2640	0	622.483
	2641	0	622.244
	2642	0	622.004
	2643	0	621.765
	2644	0	621.526
	2645	0	621.287
	2646	0	621.049
	2647	0	620.81
	2648	0	620.572
	2649	0	620.334
	2650	0	620.096
	2651	0	619.858
	2652	0	619.621
	2653	0	619.384
	2654	0	619.146
	2655	0	618.91
	2656	0	618.673
	2657	0	618.436
	2658	0	618.2
	2659	0	617.963
	2660	0	617.727
	2661	0	617.492
	2662	0	617.256
	2663	0	617.02
	2664	0	616.785
	2665	0	616.55
	2666	0	616.315
	2667	0	616.08
	2668	0	615.845
	2669	0	615.611
	2670	0	615.377
	2671	0	615.143
	2672	0	614.909
	2673	0	614.675
	2674	0	614.441
	2675	0	614.208
	2676	0	613.975
	2677	0	613.742
	2678	0	613.509
	2679	0	613.276
	2680	0	613.044
	2681	0	612.811
	2682	0	612.579
	2683	0	612.347
	2684	0	612.116
	2685	0	611.884
	2686	0	611.652
	2687	0	611.421
	2688	0	611.19
	2689	0	610.959
	2690	0	610.728
	2691	0	610.498
	2692	0	610.267
	2693	0	610.037
	2694	0	609.807
	2695	0	609.577
	2696	0	609.348
	2697	0	609.118
	2698	0	608.889
	2699	0	608.66
	2700	0	608.431
	2701	0	608.202
	2702	0	607.973
	2703	0	607.745
	2704	0	607.516
	2705	0	607.288
	2706	0	607.06
	2707	0	606.832
	2708	0	606.605
	2709	0	606.377
	2710	0	606.15
	2711	0	605.923
	2712	0	605.696
	2713	0	605.469
	2714	0	605.242
	2715	0	605.016
	2716	0	604.79
	2717	0	604.564
	2718	0	604.338
	2719	0	604.112
	2720	0	603.886
	2721	0	603.661
	2722	0	603.436
	2723	0	603.211
	2724	0	602.986
	2725	0	602.761
	2726	0	602.536
	2727	0	602.312
	2728	0	602.088
	2729	0	601.863
	2730	0	601.64
	2731	0	601.416
	2732	0	601.192
	2733	0	600.969
	2734	0	600.745
	2735	0	600.522
	2736	0	600.299
	2737	0	600.077
	2738	0	599.854
	2739	0	599.632
	2740	0	599.409
	2741	0	599.187
	2742	0	598.965
	2743	0	598.744
	2744	0	598.522
	2745	0	598.301
	2746	0	598.079
	2747	0	597.858
	2748	0	597.637
	2749	0	597.416
	2750	0	597.196
	2751	0	596.975
	2752	0	596.755
	2753	0	596.535
	2754	0	596.315
	2755	0	596.095
	2756	0	595.875
	2757	0	595.656
	2758	0	595.437
	2759	0	595.217
	2760	0	594.998
	2761	0	594.78
	2762	0	594.561
	2763	0	594.342
	2764	0	594.124
	2765	0	593.906
	2766	0	593.688
	2767	0	593.47
	2768	0	593.252
	2769	0	593.035
	2770	0	592.817
	2771	0	592.6
	2772	0	592.383
	2773	0	592.166
	2774	0	591.949
	2775	0	591.733
	2776	0	591.516
	2777	0	591.3
	2778	0	591.084
	2779	0	590.868
	2780	0	590.652
	2781	0	590.436
	2782	0	590.221
	2783	0	590.005
	2784	0	589.79
	2785	0	589.575
	2786	0	589.36
	2787	0	589.146
	2788	0	588.931
	2789	0	588.717
	2790	0	588.502
	2791	0	588.288
	2792	0	588.074
	2793	0	587.86
	2794	0	587.647
	2795	0	587.433
	2796	0	587.22
	2797	0	587.007
	2798	0	586.794
	2799	0	586.581
	2800	0	586.368
	2801	0	586.156
	2802	0	585.943
	2803	0	585.731
	2804	0	585.519
	2805	0	585.307
	2806	0	585.095
	2807	0	584.884
	2808	0	584.672
	2809	0	584.461
	2810	0	584.25
	2811	0	584.039
	2812	0	583.828
	2813	0	583.617
	2814	0	583.407
	2815	0	583.196
	2816	0	582.986
	2817	0	582.776
	2818	0	582.566
	2819	0	582.356
	2820	0	582.147
	2821	0	581.937
	2822	0	581.728
	2823	0	581.518
	2824	0	581.309
	2825	0	581.101
	2826	0	580.892
	2827	0	580.683
	2828	0	580.475
	2829	0	580.266
	2830	0	580.058
	2831	0	579.85
	2832	0	579.642
	2833	0	579.435
	2834	0	579.227
	2835	0	579.02
	2836	0	578.813
	2837	0	578.605
	2838	0	578.399
	2839	0	578.192
	2840	0	577.985
	2841	0	577.779
	2842	0	577.572
	2843	0	577.366
	2844	0	577.16
	2845	0	576.954
	2846	0	576.748
	2847	0	576.543
	2848	0	576.337
	2849	0	576.132
	2850	0	575.927
	2851	0	575.722
	2852	0	575.517
	2853	0	575.312
	2854	0	575.107
	2855	0	574.903
	2856	0	574.698
	2857	0	574.494
	2858	0	574.29
	2859	0	574.086
	2860	0	573.883
	2861	0	573.679
	2862	0	573.476
	2863	0	573.272
	2864	0	573.069
	2865	0	572.866
	2866	0	572.663
	2867	0	572.461
	2868	0	572.258
	2869	0	572.056
	2870	0	571.853
	2871	0	571.651
	2872	0	571.449
	2873	0	571.247
	2874	0	571.045
	2875	0	570.844
	2876	0	570.642
	2877	0	570.441
	2878	0	570.24
	2879	0	570.039
	2880	0	569.838
	2881	0	569.637
	2882	0	569.437
	2883	0	569.236
	2884	0	569.036
	2885	0	568.836
	2886	0	568.636
	2887	0	568.436
	2888	0	568.236
	2889	0	568.037
	2890	0	567.837
	2891	0	567.638
	2892	0	567.439
	2893	0	567.24
	2894	0	567.041
	2895	0	566.842
	2896	0	566.643
	2897	0	566.445
	2898	0	566.246
	2899	0	566.048
	2900	0	565.85
	2901	0	565.652
	2902	0	565.454
	2903	0	565.257
	2904	0	565.059
	2905	0	564.862
	2906	0	564.665
	2907	0	564.468
	2908	0	564.271
	2909	0	564.074
	2910	0	563.877
	2911	0	563.68
	2912	0	563.484
	2913	0	563.288
	2914	0	563.092
	2915	0	562.896
	2916	0	562.7
	2917	0	562.504
	2918	0	562.308
	2919	0	562.113
	2920	0	561.918
	2921	0	561.722
	2922	0	561.527
	2923	0	561.332
	2924	0	561.138
	2925	0	560.943
	2926	0	560.749
	2927	0	560.554
	2928	0	560.36
	2929	0	560.166
	2930	0	559.972
	2931	0	559.778
	2932	0	559.584
	2933	0	559.391
	2934	0	559.197
	2935	0	559.004
	2936	0	558.811
	2937	0	558.618
	2938	0	558.425
	2939	0	558.232
	2940	0	558.039
	2941	0	557.847
	2942	0	557.655
	2943	0	557.462
	2944	0	557.27
	2945	0	557.078
	2946	0	556.886
	2947	0	556.695
	2948	0	556.503
	2949	0	556.312
	2950	0	556.12
	2951	0	555.929
	2952	0	555.738
	2953	0	555.547
	2954	0	555.356
	2955	0	555.166
	2956	0	554.975
	2957	0	554.785
	2958	0	554.594
	2959	0	554.404
	2960	0	554.214
	2961	0	554.024
	2962	0	553.835
	2963	0	553.645
	2964	0	553.456
	2965	0	553.266
	2966	0	553.077
	2967	0	552.888
	2968	0	552.699
	2969	0	552.51
	2970	0	552.321
	2971	0	552.133
	2972	0	551.944
	2973	0	551.756
	2974	0	551.568
	2975	0	551.38
	2976	0	551.192
	2977	0	551.004
	2978	0	550.816
	2979	0	550.629
	2980	0	550.441
	2981	0	550.254
	2982	0	550.067
	2983	0	549.88
	2984	0	549.693
	2985	0	549.506
	2986	0	549.319
	2987	0	549.133
	2988	0	548.946
	2989	0	548.76
	2990	0	548.574
	2991	0	548.388
	2992	0	548.202
	2993	0	548.016
	2994	0	547.831
	2995	0	547.645
	2996	0	547.46
	2997	0	547.274
	2998	0	547.089
	2999	0	546.904
	3000	0	546.719
	3001	0	546.535
	3002	0	546.35
	3003	0	546.165
	3004	0	545.981
	3005	0	545.797
	3006	0	545.613
	3007	0	545.429
	3008	0	545.245
	3009	0	545.061
	3010	0	544.877
	3011	0	544.694
	3012	0	544.51
	3013	0	544.327
	3014	0	544.144
	3015	0	543.961
	3016	0	543.778
	3017	0	543.595
	3018	0	543.412
	3019	0	543.23
	3020	0	543.047
	3021	0	542.865
	3022	0	542.683
	3023	0	542.501
	3024	0	542.319
	3025	0	542.137
	3026	0	541.955
	3027	0	541.774
	3028	0	541.592
	3029	0	541.411
	3030	0	541.23
	3031	0	541.049
	3032	0	540.868
	3033	0	540.687
	3034	0	540.506
	3035	0	540.326
	3036	0	540.145
	3037	0	539.965
	3038	0	539.785
	3039	0	539.604
	3040	0	539.424
	3041	0	539.245
	3042	0	539.065
	3043	0	538.885
	3044	0	538.706
	3045	0	538.526
	3046	0	538.347
	3047	0	538.168
	3048	0	537.989
	3049	0	537.81
	3050	0	537.631
	3051	0	537.452
	3052	0	537.274
	3053	0	537.095
	3054	0	536.917
	3055	0	536.739
	3056	0	536.561
	3057	0	536.383
	3058	0	536.205
	3059	0	536.027
	3060	0	535.849
	3061	0	535.672
	3062	0	535.495
	3063	0	535.317
	3064	0	535.14
	3065	0	534.963
	3066	0	534.786
	3067	0	534.609
	3068	0	534.433
	3069	0	534.256
	3070	0	534.08
	3071	0	533.903
	3072	0	533.727
	3073	0	533.551
	3074	0	533.375
	3075	0	533.199
	3076	0	533.023
	3077	0	532.848
	3078	0	532.672
	3079	0	532.497
	3080	0	532.322
	3081	0	532.146
	3082	0	531.971
	3083	0	531.796
	3084	0	531.622
	3085	0	531.447
	3086	0	531.272
	3087	0	531.098
	3088	0	530.923
	3089	0	530.749
	3090	0	530.575
	3091	0	530.401
	3092	0	530.227
	3093	0	530.053
	3094	0	529.88
	3095	0	529.706
	3096	0	529.533
	3097	0	529.359
	3098	0	529.186
	3099	0	529.013
	3100	0	528.84
	3101	0	528.667
	3102	0	528.494
	3103	0	528.321
	3104	0	528.149
	3105	0	527.977
	3106	0	527.804
	3107	0	527.632
	3108	0	527.46
	3109	0	527.288
	3110	0	527.116
	3111	0	526.944
	3112	0	526.773
	3113	0	526.601
	3114	0	526.43
	3115	0	526.258
	3116	0	526.087
	3117	0	525.916
	3118	0	525.745
	3119	0	525.574
	3120	0	525.403
	3121	0	525.233
	3122	0	525.062
	3123	0	524.892
	3124	0	524.721
	3125	0	524.551
	3126	0	524.381
	3127	0	524.211
	3128	0	524.041
	3129	0	523.871
	3130	0	523.702
	3131	0	523.532
	3132	0	523.363
	3133	0	523.193
	3134	0	523.024
	3135	0	522.855
	3136	0	522.686
	3137	0	522.517
	3138	0	522.348
	3139	0	522.18
	3140	0	522.011
	3141	0	521.843
	3142	0	521.674
	3143	0	521.506
	3144	0	521.338
	3145	0	521.17
	3146	0	521.002
	3147	0	520.834
	3148	0	520.667
	3149	0	520.499
	3150	0	520.332
	3151	0	520.164
	3152	0	519.997
	3153	0	519.83
	3154	0	519.663
	3155	0	519.496
	3156	0	519.329
	3157	0	519.162
	3158	0	518.996
	3159	0	518.829
	3160	0	518.663
	3161	0	518.496
	3162	0	518.33
	3163	0	518.164
	3164	0	517.998
	3165	0	517.832
	3166	0	517.666
	3167	0	517.501
	3168	0	517.335
	3169	0	517.17
	3170	0	517.004
	3171	0	516.839
	3172	0	516.674
	3173	0	516.509
	3174	0	516.344
	3175	0	516.179
	3176	0	516.015
	3177	0	515.85
	3178	0	515.685
	3179	0	515.521
	3180	0	515.357
	3181	0	515.193
	3182	0	515.028
	3183	0	514.864
	3184	0	514.701
	3185	0	514.537
	3186	0	514.373
	3187	0	514.21
	3188	0	514.046
	3189	0	513.883
	3190	0	513.72
	3191	0	513.556
	3192	0	513.393
	3193	0	513.23
	3194	0	513.068
	3195	0	512.905
	3196	0	512.742
	3197	0	512.58
	3198	0	512.417
	3199	0	512.255
	3200	0	512.093
	3201	0	511.931
	3202	0	511.769
	3203	0	511.607
	3204	0	511.445
	3205	0	511.283
	3206	0	511.122
	3207	0	510.96
	3208	0	510.799
	3209	0	510.637
	3210	0	510.476
	3211	0	510.315
	3212	0	510.154
	3213	0	509.993
	3214	0	509.832
	3215	0	509.672
	3216	0	509.511
	3217	0	509.351
	3218	0	509.19
	3219	0	509.03
	3220	0	508.87
	3221	0	508.71
	3222	0	508.55
	3223	0	508.39
	3224	0	508.23
	3225	0	508.07
	3226	0	507.911
	3227	0	507.751
	3228	0	507.592
	3229	0	507.433
	3230	0	507.273
	3231	0	507.114
	3232	0	506.955
	3233	0	506.797
	3234	0	506.638
	3235	0	506.479
	3236	0	506.32
	3237	0	506.162
	3238	0	506.004
	3239	0	505.845
	3240	0	505.687
	3241	0	505.529
	3242	0	505.371
	3243	0	505.213
	3244	0	505.055
	3245	0	504.898
	3246	0	504.74
	3247	0	504.583
	3248	0	504.425
	3249	0	504.268
	3250	0	504.111
	3251	0	503.954
	3252	0	503.797
	3253	0	503.64
	3254	0	503.483
	3255	0	503.326
	3256	0	503.17
	3257	0	503.013
	3258	0	502.857
	3259	0	502.7
	3260	0	502.544
	3261	0	502.388
	3262	0	502.232
	3263	0	502.076
	3264	0	501.92
	3265	0	501.764
	3266	0	501.609
	3267	0	501.453
	3268	0	501.298
	3269	0	501.142
	3270	0	500.987
	3271	0	500.832
	3272	0	500.677
	3273	0	500.522
	3274	0	500.367
	3275	0	500.212
	3276	0	500.058
	3277	0	499.903
	3278	0	499.749
	3279	0	499.594
	3280	0	499.44
	3281	0	499.286
	3282	0	499.132
	3283	0	498.978
	3284	0	498.824
	3285	0	498.67
	3286	0	498.516
	3287	0	498.362
	3288	0	498.209
	3289	0	498.055
	3290	0	497.902
	3291	0	497.749
	3292	0	497.596
	3293	0	497.443
	3294	0	497.29
	3295	0	497.137
	3296	0	496.984
	3297	0	496.831
	3298	0	496.679
	3299	0	496.526
	3300	0	496.374
	3301	0	496.221
	3302	0	496.069
	3303	0	495.917
	3304	0	495.765
	3305	0	495.613
	3306	0	495.461
	3307	0	495.309
	3308	0	495.158
	3309	0	495.006
	3310	0	494.855
	3311	0	494.703
	3312	0	494.552
	3313	0	494.401
	3314	0	494.25
	3315	0	494.099
	3316	0	493.948
	3317	0	493.797
	3318	0	493.646
	3319	0	493.496
	3320	0	493.345
	3321	0	493.195
	3322	0	493.044
	3323	0	492.894
	3324	0	492.744
	3325	0	492.594
	3326	0	492.444
	3327	0	492.294
	3328	0	492.144
	3329	0	491.994
	3330	0	491.844
	3331	0	491.695
	3332	0	491.545
	3333	0	491.396
	3334	0	491.247
	3335	0	491.098
	3336	0	490.949
	3337	0	490.8
	3338	0	490.651
	3339	0	490.502
	3340	0	490.353
	3341	0	490.204
	3342	0	490.056
	3343	0	489.907
	3344	0	489.759
	3345	0	489.611
	3346	0	489.463
	3347	0	489.314
	3348	0	489.166
	3349	0	489.018
	3350	0	488.871
	3351	0	488.723
	3352	0	488.575
	3353	0	488.428
	3354	0	488.28
	3355	0	488.133
	3356	0	487.985
	3357	0	487.838
	3358	0	487.691
	3359	0	487.544
	3360	0	487.397
	3361	0	487.25
	3362	0	487.104
	3363	0	486.957
	3364	0	486.81
	3365	0	486.664
	3366	0	486.517
	3367	0	486.371
	3368	0	486.225
	3369	0	486.079
	3370	0	485.933
	3371	0	485.787
	3372	0	485.641
	3373	0	485.495
	3374	0	485.349
	3375	0	485.204
	3376	0	485.058
	3377	0	484.913
	3378	0	484.767
	3379	0	484.622
	3380	0	484.477
	3381	0	484.332
	3382	0	484.187
	3383	0	484.042
	3384	0	483.897
	3385	0	483.752
	3386	0	483.607
	3387	0	483.463
	3388	0	483.318
	3389	0	483.174
	3390	0	483.03
	3391	0	482.885
	3392	0	482.741
	3393	0	482.597
	3394	0	482.453
	3395	0	482.309
	3396	0	482.165
	3397	0	482.022
	3398	0	481.878
	3399	0	481.734
	3400	0	481.591
	3401	0	481.448
	3402	0	481.304
	3403	0	481.161
	3404	0	481.018
	3405	0	480.875
	3406	0	480.732
	3407	0	480.589
	3408	0	480.446
	3409	0	480.304
	3410	0	480.161
	3411	0	480.018
	3412	0	479.876
	3413	0	479.734
	3414	0	479.591
	3415	0	479.449
	3416	0	479.307
	3417	0	479.165
	3418	0	479.023
	3419	0	478.881
	3420	0	478.739
	3421	0	478.598
	3422	0	478.456
	3423	0	478.315
	3424	0	478.173
	3425	0	478.032
	3426	0	477.891
	3427	0	477.749
	3428	0	477.608
	3429	0	477.467
	3430	0	477.326
	3431	0	477.186
	3432	0	477.045
	3433	0	476.904
	3434	0	476.763
	3435	0	476.623
	3436	0	476.482
	3437	0	476.342
	3438	0	476.202
	3439	0	476.062
	3440	0	475.922
	3441	0	475.782
	3442	0	475.642
	3443	0	475.502
	3444	0	475.362
	3445	0	475.222
	3446	0	475.083
	3447	0	474.943
	3448	0	474.804
	3449	0	474.664
	3450	0	474.525
	3451	0	474.386
	3452	0	474.247
	3453	0	474.108
	3454	0	473.969
	3455	0	473.83
	3456	0	473.691
	3457	0	473.552
	3458	0	473.414
	3459	0	473.275
	3460	0	473.137
	3461	0	472.998
	3462	0	472.86
	3463	0	472.722
	3464	0	472.583
	3465	0	472.445
	3466	0	472.307
	3467	0	472.17
	3468	0	472.032
	3469	0	471.894
	3470	0	471.756
	3471	0	471.619
	3472	0	471.481
	3473	0	471.344
	3474	0	471.206
	3475	0	471.069
	3476	0	470.932
	3477	0	470.795
	3478	0	470.658
	3479	0	470.521
	3480	0	470.384
	3481	0	470.247
	3482	0	470.111
	3483	0	469.974
	3484	0	469.837
	3485	0	469.701
	3486	0	469.564
	3487	0	469.428
	3488	0	469.292
	3489	0	469.156
	3490	0	469.02
	3491	0	468.884
	3492	0	468.748
	3493	0	468.612
	3494	0	468.476
	3495	0	468.341
	3496	0	468.205
	3497	0	468.069
	3498	0	467.934
	3499	0	467.799
	3500	0	467.663
	3501	0	467.528
	3502	0	467.393
	3503	0	467.258
	3504	0	467.123
	3505	0	466.988
	3506	0	466.853
	3507	0	466.718
	3508	0	466.584
	3509	0	466.449
	3510	0	466.315
	3511	0	466.18
	3512	0	466.046
	3513	0	465.912
	3514	0	465.777
	3515	0	465.643
	3516	0	465.509
	3517	0	465.375
	3518	0	465.241
	3519	0	465.108
	3520	0	464.974
	3521	0	464.84
	3522	0	464.707
	3523	0	464.573
	3524	0	464.44
	3525	0	464.306
	3526	0	464.173
	3527	0	464.04
	3528	0	463.907
	3529	0	463.774
	3530	0	463.641
	3531	0	463.508
	3532	0	463.375
	3533	0	463.242
	3534	0	463.11
	3535	0	462.977
	3536	0	462.845
	3537	0	462.712
	3538	0	462.58
	3539	0	462.447
	3540	0	462.315
	3541	0	462.183
	3542	0	462.051
	3543	0	461.919
	3544	0	461.787
	3545	0	461.655
	3546	0	461.524
	3547	0	461.392
	3548	0	461.26
	3549	0	461.129
	3550	0	460.997
	3551	0	460.866
	3552	0	460.735
	3553	0	460.603
	3554	0	460.472
	3555	0	460.341
	3556	0	460.21
	3557	0	460.079
	3558	0	459.948
	3559	0	459.817
	3560	0	459.687
	3561	0	459.556
	3562	0	459.426
	3563	0	459.295
	3564	0	459.165
	3565	0	459.034
	3566	0	458.904
	3567	0	458.774
	3568	0	458.644
	3569	0	458.514
	3570	0	458.384
	3571	0	458.254
	3572	0	458.124
	3573	0	457.994
	3574	0	457.865
	3575	0	457.735
	3576	0	457.605
	3577	0	457.476
	3578	0	457.347
	3579	0	457.217
	3580	0	457.088
	3581	0	456.959
	3582	0	456.83
	3583	0	456.701
	3584	0	456.572
	3585	0	456.443
	3586	0	456.314
	3587	0	456.185
	3588	0	456.057
	3589	0	455.928
	3590	0	455.8
	3591	0	455.671
	3592	0	455.543
	3593	0	455.415
	3594	0	455.286
	3595	0	455.158
	3596	0	455.03
	3597	0	454.902
	3598	0	454.774
	3599	0	454.646
	3600	0	454.519
	3601	0	454.391
	3602	0	454.263
	3603	0	454.136
	3604	0	454.008
	3605	0	453.881
	3606	0	453.753
	3607	0	453.626
	3608	0	453.499
	3609	0	453.372
	3610	0	453.245
	3611	0	453.118
	3612	0	452.991
	3613	0	452.864
	3614	0	452.737
	3615	0	452.61
	3616	0	452.484
	3617	0	452.357
	3618	0	452.231
	3619	0	452.104
	3620	0	451.978
	3621	0	451.851
	3622	0	451.725
	3623	0	451.599
	3624	0	451.473
	3625	0	451.347
	3626	0	451.221
	3627	0	451.095
	3628	0	450.969
	3629	0	450.844
	3630	0	450.718
	3631	0	450.592
	3632	0	450.467
	3633	0	450.341
	3634	0	450.216
	3635	0	450.091
	3636	0	449.966
	3637	0	449.84
	3638	0	449.715
	3639	0	449.59
	3640	0	449.465
	3641	0	449.34
	3642	0	449.216
	3643	0	449.091
	3644	0	448.966
	3645	0	448.841
	3646	0	448.717
	3647	0	448.592
	3648	0	448.468
	3649	0	448.344
	3650	0	448.219
