	0	5e+06	1125
	1	4.9945e+06	1149.46
	2	4.9926e+06	469.967
	3	4.99078e+06	480.369
	4	4.98903e+06	490.994
	5	4.98733e+06	501.847
	6	4.98569e+06	512.932
	7	4.9841e+06	524.255
	8	4.98256e+06	535.821
	9	4.98106e+06	547.634
	10	4.9796e+06	559.699
	11	4.97817e+06	572.023
	12	4.97677e+06	584.609
	13	4.97541e+06	597.464
	14	4.97406e+06	610.594
	15	4.97274e+06	624.003
	16	4.97144e+06	637.697
	17	4.97015e+06	651.683
	18	4.96887e+06	665.966
	19	4.96761e+06	680.552
	20	4.96636e+06	695.447
	21	4.96511e+06	710.657
	22	4.96387e+06	726.19
	23	4.96263e+06	742.05
	24	4.96139e+06	758.246
	25	4.96016e+06	774.782
	26	4.95892e+06	791.667
	27	4.95767e+06	808.907
	28	4.95642e+06	826.509
	29	4.95517e+06	844.479
	30	4.9539e+06	862.826
	31	4.95263e+06	881.557
	32	4.95134e+06	900.679
	33	4.95004e+06	920.199
	34	4.94873e+06	940.125
	35	4.94741e+06	960.465
	36	4.94607e+06	981.227
	37	4.94471e+06	1002.42
	38	4.94333e+06	1024.05
	39	4.94194e+06	1046.12
	40	4.94052e+06	1068.65
	41	4.93909e+06	1091.65
	42	4.93763e+06	1115.11
	43	4.93615e+06	1139.06
	44	4.93464e+06	1163.49
	45	4.93311e+06	1188.42
	46	4.93156e+06	1213.86
	47	4.92998e+06	1239.82
	48	4.92837e+06	1266.3
	49	4.92673e+06	1293.32
	50	4.92506e+06	1320.88
	51	4.92336e+06	1348.99
	52	4.92163e+06	1377.67
	53	4.91987e+06	1406.92
	54	4.91807e+06	1436.76
	55	4.91625e+06	1467.19
	56	4.91438e+06	1498.22
	57	4.91248e+06	1529.87
	58	4.91055e+06	1562.14
	59	4.90857e+06	1595.04
	60	4.90656e+06	1628.59
	61	4.90451e+06	1662.8
	62	4.90242e+06	1697.67
	63	4.90029e+06	1733.23
	64	4.89812e+06	1769.47
	65	4.89591e+06	1806.4
	66	4.89365e+06	1844.05
	67	4.89134e+06	1882.42
	68	4.88899e+06	1921.53
	69	4.8866e+06	1961.38
	70	4.88416e+06	2001.98
	71	4.88167e+06	2043.35
	72	4.87913e+06	2085.49
	73	4.87654e+06	2128.43
	74	4.8739e+06	2172.16
	75	4.87121e+06	2216.71
	76	4.86846e+06	2262.08
	77	4.86566e+06	2308.29
	78	4.86281e+06	2355.34
	79	4.8599e+06	2403.26
	80	4.85693e+06	2452.04
	81	4.85391e+06	2501.7
	82	4.85082e+06	2552.25
	83	4.84768e+06	2603.71
	84	4.84448e+06	2656.08
	85	4.84121e+06	2709.38
	86	4.83788e+06	2763.61
	87	4.83449e+06	2818.8
	88	4.83103e+06	2874.94
	89	4.82751e+06	2932.05
	90	4.82392e+06	2990.15
	91	4.82026e+06	3049.24
	92	4.81653e+06	3109.32
	93	4.81273e+06	3170.42
	94	4.80886e+06	3232.55
	95	4.80491e+06	3295.7
	96	4.8009e+06	3359.9
	97	4.7968e+06	3425.15
	98	4.79264e+06	3491.46
	99	4.78839e+06	3558.85
	100	4.78407e+06	3627.31
	101	4.77967e+06	3696.86
	102	4.77518e+06	3767.5
	103	4.77062e+06	3839.25
	104	4.76597e+06	3912.11
	105	4.76124e+06	3986.09
	106	4.75642e+06	4061.2
	107	4.75152e+06	4137.44
	108	4.74653e+06	4214.81
	109	4.74146e+06	4293.34
	110	4.73629e+06	4373.01
	111	4.73103e+06	4453.83
	112	4.72568e+06	4535.82
	113	4.72024e+06	4618.97
	114	4.71471e+06	4703.28
	115	4.70908e+06	4788.76
	116	4.70335e+06	4875.42
	117	4.69753e+06	4963.25
	118	4.69161e+06	5052.25
	119	4.68559e+06	5142.43
	120	4.67947e+06	5233.79
	121	4.67325e+06	5326.31
	122	4.66693e+06	5420.02
	123	4.6605e+06	5514.89
	124	4.65397e+06	5610.93
	125	4.64734e+06	5708.14
	126	4.64059e+06	5806.5
	127	4.63375e+06	5906.03
	128	4.62679e+06	6006.7
	129	4.61973e+06	6108.52
	130	4.61255e+06	6211.47
	131	4.60527e+06	6315.56
	132	4.59787e+06	6420.76
	133	4.59036e+06	6527.07
	134	4.58274e+06	6634.49
	135	4.57501e+06	6742.99
	136	4.56716e+06	6852.56
	137	4.5592e+06	6963.2
	138	4.55112e+06	7074.89
	139	4.54293e+06	7187.61
	140	4.53462e+06	7301.35
	141	4.52619e+06	7416.09
	142	4.51765e+06	7531.82
	143	4.50898e+06	7648.51
	144	4.5002e+06	7766.14
	145	4.4913e+06	7884.7
	146	4.48228e+06	8004.16
	147	4.47314e+06	8124.5
	148	4.46388e+06	8245.7
	149	4.4545e+06	8367.73
	150	4.445e+06	8490.57
	151	4.43538e+06	8614.2
	152	4.42564e+06	8738.57
	153	4.41578e+06	8863.68
	154	4.4058e+06	8989.48
	155	4.3957e+06	9115.95
	156	4.38547e+06	9243.06
	157	4.37513e+06	9370.78
	158	4.36467e+06	9499.07
	159	4.35409e+06	9627.91
	160	4.34339e+06	9757.25
	161	4.33257e+06	9887.07
	162	4.32163e+06	10017.3
	163	4.31057e+06	10148
	164	4.2994e+06	10279
	165	4.28811e+06	10410.4
	166	4.2767e+06	10542
	167	4.26518e+06	10673.9
	168	4.25354e+06	10806
	169	4.24179e+06	10938.3
	170	4.22992e+06	11070.7
	171	4.21794e+06	11203.2
	172	4.20585e+06	11335.8
	173	4.19365e+06	11468.4
	174	4.18134e+06	11600.9
	175	4.16893e+06	11733.4
	176	4.1564e+06	11865.7
	177	4.14377e+06	11997.9
	178	4.13104e+06	12129.9
	179	4.1182e+06	12261.7
	180	4.10526e+06	12393.1
	181	4.09222e+06	12524.3
	182	4.07908e+06	12655
	183	4.06584e+06	12785.4
	184	4.05251e+06	12915.3
	185	4.03908e+06	13044.7
	186	4.02556e+06	13173.5
	187	4.01195e+06	13301.8
	188	3.99825e+06	13429.5
	189	3.98446e+06	13556.4
	190	3.97059e+06	13682.7
	191	3.95663e+06	13808.2
	192	3.9426e+06	13932.9
	193	3.92848e+06	14056.8
	194	3.91428e+06	14179.8
	195	3.90001e+06	14301.9
	196	3.88566e+06	14423.1
	197	3.87124e+06	14543.3
	198	3.85675e+06	14662.4
	199	3.8422e+06	14780.5
	200	3.82758e+06	14897.5
	201	3.81289e+06	15013.3
	202	3.79815e+06	15128
	203	3.78334e+06	15241.5
	204	3.76848e+06	15353.8
	205	3.75356e+06	15464.8
	206	3.73859e+06	15574.5
	207	3.72358e+06	15682.9
	208	3.70851e+06	15789.9
	209	3.6934e+06	15895.6
	210	3.67824e+06	15999.8
	211	3.66305e+06	16102.7
	212	3.64781e+06	16204
	213	3.63254e+06	16303.9
	214	3.61724e+06	16402.3
	215	3.6019e+06	16499.2
	216	3.58653e+06	16594.5
	217	3.57114e+06	16688.2
	218	3.55572e+06	16780.4
	219	3.54028e+06	16870.9
	220	3.52482e+06	16959.9
	221	3.50934e+06	17047.2
	222	3.49385e+06	17132.9
	223	3.47834e+06	17216.9
	224	3.46283e+06	17299.3
	225	3.4473e+06	17379.9
	226	3.43176e+06	17458.9
	227	3.41622e+06	17536.2
	228	3.40068e+06	17611.8
	229	3.38514e+06	17685.6
	230	3.3696e+06	17757.8
	231	3.35407e+06	17828.2
	232	3.33854e+06	17896.9
	233	3.32301e+06	17963.9
	234	3.3075e+06	18029.1
	235	3.292e+06	18092.6
	236	3.27652e+06	18154.4
	237	3.26105e+06	18214.5
	238	3.24559e+06	18272.8
	239	3.23016e+06	18329.4
	240	3.21475e+06	18384.3
	241	3.19936e+06	18437.5
	242	3.184e+06	18489
	243	3.16866e+06	18538.8
	244	3.15336e+06	18586.8
	245	3.13808e+06	18633.2
	246	3.12283e+06	18678
	247	3.10762e+06	18721
	248	3.09245e+06	18762.4
	249	3.0773e+06	18802.2
	250	3.0622e+06	18840.3
	251	3.04714e+06	18876.8
	252	3.03212e+06	18911.7
	253	3.01714e+06	18945
	254	3.00221e+06	18976.7
	255	2.98732e+06	19006.8
	256	2.97247e+06	19035.4
	257	2.95768e+06	19062.4
	258	2.94293e+06	19087.9
	259	2.92823e+06	19111.9
	260	2.91359e+06	19134.4
	261	2.89899e+06	19155.5
	262	2.88445e+06	19175.1
	263	2.86997e+06	19193.2
	264	2.85554e+06	19209.9
	265	2.84117e+06	19225.2
	266	2.82685e+06	19239.1
	267	2.81259e+06	19251.7
	268	2.79839e+06	19262.9
	269	2.78426e+06	19272.8
	270	2.77018e+06	19281.3
	271	2.75616e+06	19288.6
	272	2.74221e+06	19294.5
	273	2.72832e+06	19299.3
	274	2.7145e+06	19302.8
	275	2.70073e+06	19305
	276	2.68704e+06	19306.1
	277	2.67341e+06	19306
	278	2.65984e+06	19304.8
	279	2.64634e+06	19302.4
	280	2.63291e+06	19298.8
	281	2.61955e+06	19294.2
	282	2.60626e+06	19288.5
	283	2.59303e+06	19281.8
	284	2.57988e+06	19274
	285	2.56679e+06	19265.1
	286	2.55377e+06	19255.3
	287	2.54083e+06	19244.5
	288	2.52795e+06	19232.7
	289	2.51515e+06	19220
	290	2.50241e+06	19206.4
	291	2.48975e+06	19191.8
	292	2.47716e+06	19176.4
	293	2.46464e+06	19160.1
	294	2.45219e+06	19142.9
	295	2.43981e+06	19124.9
	296	2.42751e+06	19106.1
	297	2.41528e+06	19086.6
	298	2.40312e+06	19066.2
	299	2.39103e+06	19045
	300	2.37902e+06	19023.2
	301	2.36708e+06	19000.6
	302	2.35521e+06	18977.3
	303	2.34341e+06	18953.2
	304	2.33169e+06	18928.6
	305	2.32004e+06	18903.2
	306	2.30846e+06	18877.3
	307	2.29696e+06	18850.7
	308	2.28552e+06	18823.4
	309	2.27416e+06	18795.6
	310	2.26287e+06	18767.3
	311	2.25166e+06	18738.3
	312	2.24051e+06	18708.8
	313	2.22944e+06	18678.8
	314	2.21844e+06	18648.2
	315	2.20751e+06	18617.2
	316	2.19665e+06	18585.7
	317	2.18586e+06	18553.6
	318	2.17515e+06	18521.2
	319	2.16451e+06	18488.3
	320	2.15393e+06	18454.9
	321	2.14343e+06	18421.1
	322	2.133e+06	18386.9
	323	2.12264e+06	18352.4
	324	2.11234e+06	18317.4
	325	2.10212e+06	18282.1
	326	2.09197e+06	18246.4
	327	2.08188e+06	18210.3
	328	2.07187e+06	18174
	329	2.06192e+06	18137.3
	330	2.05204e+06	18100.3
	331	2.04224e+06	18063
	332	2.03249e+06	18025.4
	333	2.02282e+06	17987.5
	334	2.01321e+06	17949.4
	335	2.00367e+06	17911
	336	1.9942e+06	17872.3
	337	1.9848e+06	17833.4
	338	1.97546e+06	17794.3
	339	1.96618e+06	17755
	340	1.95697e+06	17715.4
	341	1.94783e+06	17675.7
	342	1.93875e+06	17635.8
	343	1.92974e+06	17595.7
	344	1.92079e+06	17555.4
	345	1.91191e+06	17514.9
	346	1.90309e+06	17474.3
	347	1.89433e+06	17433.5
	348	1.88563e+06	17392.6
	349	1.877e+06	17351.6
	350	1.86843e+06	17310.4
	351	1.85993e+06	17269.2
	352	1.85148e+06	17227.8
	353	1.8431e+06	17186.3
	354	1.83478e+06	17144.7
	355	1.82652e+06	17103
	356	1.81832e+06	17061.2
	357	1.81018e+06	17019.4
	358	1.80211e+06	16977.5
	359	1.79409e+06	16935.5
	360	1.78613e+06	16893.5
	361	1.77823e+06	16851.4
	362	1.77039e+06	16809.3
	363	1.76261e+06	16767.1
	364	1.75489e+06	16724.9
	365	1.74722e+06	16682.6
	366	1.73961e+06	16640.4
	367	1.73207e+06	16598.1
	368	1.72457e+06	16555.8
	369	1.71714e+06	16513.5
	370	1.70976e+06	16471.2
	371	1.70244e+06	16428.9
	372	1.69518e+06	16386.6
	373	1.68797e+06	16344.3
	374	1.68082e+06	16302
	375	1.67372e+06	16259.8
	376	1.66668e+06	16217.6
	377	1.65969e+06	16175.3
	378	1.65276e+06	16133.2
	379	1.64589e+06	16091
	380	1.63907e+06	16048.9
	381	1.6323e+06	16006.9
	382	1.62559e+06	15964.9
	383	1.61893e+06	15922.9
	384	1.61232e+06	15881
	385	1.60577e+06	15839.1
	386	1.59927e+06	15797.3
	387	1.59283e+06	15755.6
	388	1.58644e+06	15714
	389	1.5801e+06	15672.4
	390	1.57382e+06	15630.8
	391	1.56759e+06	15589.4
	392	1.56141e+06	15548
	393	1.55528e+06	15506.7
	394	1.54921e+06	15465.5
	395	1.54318e+06	15424.4
	396	1.53721e+06	15383.4
	397	1.5313e+06	15342.5
	398	1.52543e+06	15301.6
	399	1.51962e+06	15260.9
	400	1.51386e+06	15220.2
	401	1.50815e+06	15179.7
	402	1.5025e+06	15139.3
	403	1.49689e+06	15098.9
	404	1.49134e+06	15058.7
	405	1.48584e+06	15018.6
	406	1.48039e+06	14978.6
	407	1.475e+06	14938.7
	408	1.46966e+06	14899
	409	1.46437e+06	14859.3
	410	1.45913e+06	14819.8
	411	1.45395e+06	14780.4
	412	1.44881e+06	14741.1
	413	1.44373e+06	14702
	414	1.43871e+06	14662.9
	415	1.43374e+06	14624
	416	1.42882e+06	14585.3
	417	1.42395e+06	14546.7
	418	1.41914e+06	14508.2
	419	1.41438e+06	14469.8
	420	1.40968e+06	14431.6
	421	1.40503e+06	14393.5
	422	1.40044e+06	14355.6
	423	1.3959e+06	14317.8
	424	1.39142e+06	14280.2
	425	1.387e+06	14242.7
	426	1.38263e+06	14205.3
	427	1.37832e+06	14168.1
	428	1.37406e+06	14131.1
	429	1.36987e+06	14094.2
	430	1.36573e+06	14057.5
	431	1.36165e+06	14020.9
	432	1.35763e+06	13984.5
	433	1.35367e+06	13948.2
	434	1.34977e+06	13912.1
	435	1.34594e+06	13876.2
	436	1.34216e+06	13840.4
	437	1.33845e+06	13804.8
	438	1.3348e+06	13769.4
	439	1.33122e+06	13734.1
	440	1.3277e+06	13699
	441	1.32425e+06	13664.1
	442	1.32086e+06	13629.4
	443	1.31755e+06	13594.8
	444	1.3143e+06	13560.4
	445	1.31112e+06	13526.2
	446	1.30801e+06	13492.2
	447	1.30498e+06	13458.3
	448	1.30201e+06	13424.7
	449	1.29913e+06	13391.2
	450	1.29631e+06	13357.9
	451	1.29358e+06	13324.8
	452	1.29092e+06	13291.9
	453	1.28834e+06	13259.2
	454	1.28584e+06	13226.7
	455	1.28343e+06	13194.4
	456	1.2811e+06	13162.3
	457	1.27885e+06	13130.4
	458	1.2767e+06	13098.7
	459	1.27463e+06	13067.3
	460	1.27265e+06	13036
	461	1.27077e+06	13004.9
	462	1.26897e+06	12974.1
	463	1.26728e+06	12943.5
	464	1.26569e+06	12913.1
	465	1.26419e+06	12882.9
	466	1.2628e+06	12852.9
	467	1.26151e+06	12823.2
	468	1.26033e+06	12793.7
	469	1.25926e+06	12764.5
	470	1.2583e+06	12735.5
	471	1.25746e+06	12706.7
	472	1.25673e+06	12678.2
	473	1.25612e+06	12649.9
	474	1.25564e+06	12621.8
	475	1.25528e+06	12594.1
	476	1.25505e+06	12566.6
	477	1.25495e+06	12539.3
	478	1.25499e+06	12512.3
	479	1.25516e+06	12485.6
	480	1.25548e+06	12459.2
	481	1.25594e+06	12433
	482	1.25654e+06	12407.1
	483	1.2573e+06	12381.5
	484	1.25822e+06	12356.2
	485	1.25929e+06	12331.2
	486	1.26052e+06	12306.5
	487	1.26192e+06	12282.2
	488	1.26349e+06	12258.1
	489	1.26524e+06	12234.3
	490	1.26716e+06	12210.9
	491	1.26927e+06	12187.8
	492	1.27156e+06	12165
	493	1.27404e+06	12142.6
	494	1.27672e+06	12120.5
	495	1.2796e+06	12098.8
	496	1.28269e+06	12077.4
	497	1.28598e+06	12056.4
	498	1.28949e+06	12035.8
	499	1.29322e+06	12015.5
	500	1.29717e+06	11995.7
	501	1.30135e+06	11976.2
	502	1.30576e+06	11957.1
	503	1.31041e+06	11938.5
	504	1.31531e+06	11920.2
	505	1.32045e+06	11902.4
	506	1.32585e+06	11885
	507	1.3315e+06	11868.1
	508	1.33742e+06	11851.6
	509	1.34361e+06	11835.6
	510	1.35008e+06	11820
	511	1.35682e+06	11804.9
	512	1.36385e+06	11790.4
	513	1.37116e+06	11776.3
	514	1.37877e+06	11762.7
	515	1.38668e+06	11749.6
	516	1.39489e+06	11737.1
	517	1.40341e+06	11725.1
	518	1.41224e+06	11713.6
	519	1.42139e+06	11702.7
	520	1.43086e+06	11692.4
	521	1.44065e+06	11682.7
	522	1.45077e+06	11673.5
	523	1.46123e+06	11665
	524	1.47202e+06	11657
	525	1.48315e+06	11649.7
	526	1.49462e+06	11643.1
	527	1.50643e+06	11637.1
	528	1.51859e+06	11631.7
	529	1.53109e+06	11627.1
	530	1.54395e+06	11623.1
	531	1.55716e+06	11619.8
	532	1.57071e+06	11617.2
	533	1.58462e+06	11615.4
	534	1.59888e+06	11614.3
	535	1.61349e+06	11613.9
	536	1.62845e+06	11614.3
	537	1.64376e+06	11615.5
	538	1.65941e+06	11617.5
	539	1.67541e+06	11620.2
	540	1.69174e+06	11623.8
	541	1.70841e+06	11628.2
	542	1.72542e+06	11633.5
	543	1.74275e+06	11639.6
	544	1.76039e+06	11646.5
	545	1.77836e+06	11654.4
	546	1.79663e+06	11663.1
	547	1.8152e+06	11672.7
	548	1.83406e+06	11683.2
	549	1.8532e+06	11694.6
	550	1.87262e+06	11707
	551	1.8923e+06	11720.3
	552	1.91223e+06	11734.6
	553	1.9324e+06	11749.8
	554	1.95281e+06	11766
	555	1.97342e+06	11783.1
	556	1.99424e+06	11801.2
	557	2.01525e+06	11820.4
	558	2.03643e+06	11840.5
	559	2.05778e+06	11861.6
	560	2.07926e+06	11883.8
	561	2.10088e+06	11906.9
	562	2.12261e+06	11931.1
	563	2.14443e+06	11956.3
	564	2.16634e+06	11982.5
	565	2.1883e+06	12009.8
	566	2.21031e+06	12038.1
	567	2.23234e+06	12067.4
	568	2.25438e+06	12097.7
	569	2.27642e+06	12129.1
	570	2.29842e+06	12161.5
	571	2.32038e+06	12195
	572	2.34227e+06	12229.5
	573	2.36408e+06	12265
	574	2.38579e+06	12301.5
	575	2.40738e+06	12339
	576	2.42883e+06	12377.6
	577	2.45013e+06	12417.1
	578	2.47126e+06	12457.6
	579	2.49219e+06	12499.1
	580	2.51292e+06	12541.6
	581	2.53343e+06	12585.1
	582	2.55371e+06	12629.5
	583	2.57372e+06	12674.9
	584	2.59347e+06	12721.1
	585	2.61294e+06	12768.3
	586	2.63211e+06	12816.4
	587	2.65097e+06	12865.4
	588	2.66951e+06	12915.2
	589	2.68772e+06	12965.9
	590	2.70558e+06	13017.4
	591	2.72308e+06	13069.8
	592	2.74022e+06	13122.9
	593	2.75698e+06	13176.8
	594	2.77335e+06	13231.5
	595	2.78933e+06	13286.8
	596	2.80491e+06	13342.9
	597	2.82009e+06	13399.7
	598	2.83485e+06	13457.2
	599	2.84919e+06	13515.2
	600	2.86311e+06	13573.9
	601	2.8766e+06	13633.2
	602	2.88966e+06	13693.1
	603	2.90229e+06	13753.4
	604	2.91448e+06	13814.3
	605	2.92623e+06	13875.7
	606	2.93754e+06	13937.5
	607	2.94842e+06	13999.8
	608	2.95885e+06	14062.5
	609	2.96884e+06	14125.5
	610	2.9784e+06	14188.9
	611	2.98752e+06	14252.6
	612	2.9962e+06	14316.6
	613	3.00446e+06	14380.8
	614	3.01228e+06	14445.3
	615	3.01967e+06	14510
	616	3.02664e+06	14574.9
	617	3.0332e+06	14639.9
	618	3.03933e+06	14705
	619	3.04506e+06	14770.2
	620	3.05038e+06	14835.4
	621	3.05529e+06	14900.7
	622	3.05981e+06	14966
	623	3.06395e+06	15031.2
	624	3.06769e+06	15096.4
	625	3.07106e+06	15161.5
	626	3.07405e+06	15226.5
	627	3.07667e+06	15291.3
	628	3.07894e+06	15356
	629	3.08084e+06	15420.5
	630	3.0824e+06	15484.7
	631	3.08362e+06	15548.7
	632	3.0845e+06	15612.4
	633	3.08505e+06	15675.8
	634	3.08529e+06	15738.9
	635	3.0852e+06	15801.6
	636	3.08481e+06	15864
	637	3.08411e+06	15925.9
	638	3.08312e+06	15987.4
	639	3.08184e+06	16048.5
	640	3.08027e+06	16109.1
	641	3.07844e+06	16169.2
	642	3.07633e+06	16228.8
	643	3.07396e+06	16287.8
	644	3.07133e+06	16346.3
	645	3.06846e+06	16404.2
	646	3.06534e+06	16461.5
	647	3.06199e+06	16518.2
	648	3.05841e+06	16574.2
	649	3.0546e+06	16629.6
	650	3.05058e+06	16684.3
	651	3.04634e+06	16738.4
	652	3.0419e+06	16791.7
	653	3.03727e+06	16844.3
	654	3.03243e+06	16896.2
	655	3.02741e+06	16947.3
	656	3.02221e+06	16997.6
	657	3.01683e+06	17047.2
	658	3.01128e+06	17096
	659	3.00557e+06	17144
	660	2.9997e+06	17191.2
	661	2.99367e+06	17237.5
	662	2.98749e+06	17283
	663	2.98117e+06	17327.7
	664	2.97471e+06	17371.5
	665	2.96811e+06	17414.5
	666	2.96139e+06	17456.6
	667	2.95454e+06	17497.8
	668	2.94757e+06	17538.1
	669	2.94049e+06	17577.5
	670	2.93329e+06	17616.1
	671	2.92599e+06	17653.7
	672	2.91858e+06	17690.5
	673	2.91108e+06	17726.3
	674	2.90348e+06	17761.2
	675	2.89579e+06	17795.3
	676	2.88802e+06	17828.3
	677	2.88016e+06	17860.5
	678	2.87223e+06	17891.8
	679	2.86422e+06	17922.1
	680	2.85614e+06	17951.5
	681	2.84799e+06	17980
	682	2.83977e+06	18007.6
	683	2.8315e+06	18034.2
	684	2.82317e+06	18060
	685	2.81478e+06	18084.8
	686	2.80635e+06	18108.7
	687	2.79786e+06	18131.7
	688	2.78933e+06	18153.7
	689	2.78076e+06	18174.9
	690	2.77215e+06	18195.2
	691	2.7635e+06	18214.5
	692	2.75482e+06	18233
	693	2.74611e+06	18250.6
	694	2.73737e+06	18267.3
	695	2.7286e+06	18283.1
	696	2.71981e+06	18298.1
	697	2.711e+06	18312.1
	698	2.70217e+06	18325.3
	699	2.69332e+06	18337.7
	700	2.68446e+06	18349.2
	701	2.67559e+06	18359.9
	702	2.66671e+06	18369.7
	703	2.65782e+06	18378.7
	704	2.64892e+06	18386.9
	705	2.64003e+06	18394.3
	706	2.63113e+06	18400.8
	707	2.62223e+06	18406.6
	708	2.61333e+06	18411.6
	709	2.60444e+06	18415.8
	710	2.59555e+06	18419.3
	711	2.58667e+06	18421.9
	712	2.5778e+06	18423.9
	713	2.56893e+06	18425
	714	2.56009e+06	18425.5
	715	2.55125e+06	18425.2
	716	2.54243e+06	18424.2
	717	2.53363e+06	18422.5
	718	2.52484e+06	18420.1
	719	2.51608e+06	18417
	720	2.50733e+06	18413.3
	721	2.49861e+06	18408.8
	722	2.48991e+06	18403.7
	723	2.48124e+06	18398
	724	2.47259e+06	18391.6
	725	2.46397e+06	18384.6
	726	2.45538e+06	18377
	727	2.44681e+06	18368.8
	728	2.43828e+06	18360
	729	2.42978e+06	18350.6
	730	2.42131e+06	18340.6
	731	2.41287e+06	18330
	732	2.40447e+06	18318.9
	733	2.39611e+06	18307.3
	734	2.38778e+06	18295.1
	735	2.37949e+06	18282.4
	736	2.37124e+06	18269.1
	737	2.36302e+06	18255.4
	738	2.35485e+06	18241.1
	739	2.34672e+06	18226.4
	740	2.33863e+06	18211.2
	741	2.33058e+06	18195.5
	742	2.32257e+06	18179.4
	743	2.31461e+06	18162.9
	744	2.30669e+06	18145.8
	745	2.29882e+06	18128.4
	746	2.291e+06	18110.6
	747	2.28322e+06	18092.3
	748	2.27549e+06	18073.6
	749	2.26781e+06	18054.6
	750	2.26017e+06	18035.2
	751	2.25259e+06	18015.4
	752	2.24505e+06	17995.2
	753	2.23757e+06	17974.7
	754	2.23014e+06	17953.8
	755	2.22276e+06	17932.6
	756	2.21543e+06	17911.1
	757	2.20815e+06	17889.3
	758	2.20093e+06	17867.2
	759	2.19376e+06	17844.7
	760	2.18665e+06	17822
	761	2.17959e+06	17799
	762	2.17259e+06	17775.7
	763	2.16564e+06	17752.2
	764	2.15875e+06	17728.4
	765	2.15192e+06	17704.4
	766	2.14514e+06	17680.1
	767	2.13843e+06	17655.6
	768	2.13177e+06	17630.9
	769	2.12517e+06	17605.9
	770	2.11863e+06	17580.8
	771	2.11215e+06	17555.4
	772	2.10573e+06	17529.9
	773	2.09937e+06	17504.2
	774	2.09307e+06	17478.3
	775	2.08684e+06	17452.2
	776	2.08067e+06	17426
	777	2.07456e+06	17399.6
	778	2.06851e+06	17373.1
	779	2.06253e+06	17346.4
	780	2.05661e+06	17319.6
	781	2.05076e+06	17292.7
	782	2.04497e+06	17265.7
	783	2.03925e+06	17238.5
	784	2.03359e+06	17211.3
	785	2.028e+06	17183.9
	786	2.02248e+06	17156.5
	787	2.01702e+06	17129
	788	2.01163e+06	17101.4
	789	2.00631e+06	17073.7
	790	2.00106e+06	17046
	791	1.99588e+06	17018.2
	792	1.99077e+06	16990.4
	793	1.98573e+06	16962.5
	794	1.98076e+06	16934.5
	795	1.97586e+06	16906.6
	796	1.97103e+06	16878.6
	797	1.96628e+06	16850.6
	798	1.9616e+06	16822.6
	799	1.95699e+06	16794.5
	800	1.95246e+06	16766.5
	801	1.948e+06	16738.5
	802	1.94361e+06	16710.4
	803	1.93931e+06	16682.4
	804	1.93507e+06	16654.4
	805	1.93092e+06	16626.5
	806	1.92684e+06	16598.5
	807	1.92284e+06	16570.6
	808	1.91892e+06	16542.8
	809	1.91507e+06	16514.9
	810	1.91131e+06	16487.2
	811	1.90763e+06	16459.5
	812	1.90403e+06	16431.8
	813	1.90051e+06	16404.2
	814	1.89707e+06	16376.7
	815	1.89371e+06	16349.3
	816	1.89044e+06	16321.9
	817	1.88725e+06	16294.7
	818	1.88415e+06	16267.5
	819	1.88113e+06	16240.4
	820	1.8782e+06	16213.4
	821	1.87535e+06	16186.6
	822	1.87259e+06	16159.8
	823	1.86992e+06	16133.1
	824	1.86734e+06	16106.6
	825	1.86485e+06	16080.2
	826	1.86245e+06	16053.9
	827	1.86014e+06	16027.8
	828	1.85792e+06	16001.8
	829	1.85579e+06	15976
	830	1.85376e+06	15950.3
	831	1.85182e+06	15924.7
	832	1.84998e+06	15899.3
	833	1.84823e+06	15874.1
	834	1.84658e+06	15849
	835	1.84502e+06	15824.1
	836	1.84356e+06	15799.4
	837	1.8422e+06	15774.8
	838	1.84094e+06	15750.5
	839	1.83978e+06	15726.3
	840	1.83872e+06	15702.3
	841	1.83776e+06	15678.6
	842	1.83691e+06	15655
	843	1.83616e+06	15631.6
	844	1.83551e+06	15608.4
	845	1.83496e+06	15585.5
	846	1.83452e+06	15562.8
	847	1.83419e+06	15540.3
	848	1.83397e+06	15518
	849	1.83385e+06	15496
	850	1.83384e+06	15474.1
	851	1.83394e+06	15452.6
	852	1.83415e+06	15431.3
	853	1.83447e+06	15410.2
	854	1.83491e+06	15389.4
	855	1.83545e+06	15368.8
	856	1.83611e+06	15348.5
	857	1.83688e+06	15328.5
	858	1.83777e+06	15308.7
	859	1.83876e+06	15289.2
	860	1.83988e+06	15270
	861	1.84111e+06	15251.1
	862	1.84246e+06	15232.5
	863	1.84392e+06	15214.1
	864	1.84551e+06	15196.1
	865	1.84721e+06	15178.3
	866	1.84903e+06	15160.9
	867	1.85097e+06	15143.7
	868	1.85302e+06	15126.9
	869	1.8552e+06	15110.4
	870	1.8575e+06	15094.2
	871	1.85992e+06	15078.3
	872	1.86246e+06	15062.8
	873	1.86512e+06	15047.6
	874	1.8679e+06	15032.7
	875	1.8708e+06	15018.2
	876	1.87383e+06	15004
	877	1.87697e+06	14990.2
	878	1.88024e+06	14976.7
	879	1.88363e+06	14963.6
	880	1.88714e+06	14950.8
	881	1.89077e+06	14938.4
	882	1.89453e+06	14926.4
	883	1.8984e+06	14914.7
	884	1.90239e+06	14903.4
	885	1.90651e+06	14892.5
	886	1.91074e+06	14882
	887	1.9151e+06	14871.9
	888	1.91957e+06	14862.1
	889	1.92416e+06	14852.8
	890	1.92886e+06	14843.8
	891	1.93369e+06	14835.2
	892	1.93863e+06	14827.1
	893	1.94368e+06	14819.3
	894	1.94885e+06	14812
	895	1.95412e+06	14805.1
	896	1.95952e+06	14798.6
	897	1.96502e+06	14792.5
	898	1.97062e+06	14786.8
	899	1.97634e+06	14781.5
	900	1.98216e+06	14776.7
	901	1.98809e+06	14772.3
	902	1.99412e+06	14768.4
	903	2.00025e+06	14764.8
	904	2.00648e+06	14761.8
	905	2.0128e+06	14759.1
	906	2.01922e+06	14756.9
	907	2.02573e+06	14755.1
	908	2.03234e+06	14753.8
	909	2.03903e+06	14752.9
	910	2.04581e+06	14752.5
	911	2.05267e+06	14752.5
	912	2.05961e+06	14753
	913	2.06663e+06	14753.9
	914	2.07373e+06	14755.3
	915	2.0809e+06	14757.1
	916	2.08814e+06	14759.4
	917	2.09545e+06	14762.1
	918	2.10282e+06	14765.3
	919	2.11026e+06	14768.9
	920	2.11775e+06	14773
	921	2.1253e+06	14777.6
	922	2.13289e+06	14782.6
	923	2.14054e+06	14788.1
	924	2.14823e+06	14794
	925	2.15597e+06	14800.4
	926	2.16374e+06	14807.2
	927	2.17154e+06	14814.5
	928	2.17938e+06	14822.2
	929	2.18725e+06	14830.4
	930	2.19514e+06	14839
	931	2.20304e+06	14848.1
	932	2.21097e+06	14857.6
	933	2.21891e+06	14867.6
	934	2.22685e+06	14877.9
	935	2.2348e+06	14888.8
	936	2.24275e+06	14900
	937	2.2507e+06	14911.7
	938	2.25864e+06	14923.8
	939	2.26658e+06	14936.4
	940	2.27449e+06	14949.3
	941	2.28239e+06	14962.7
	942	2.29027e+06	14976.5
	943	2.29812e+06	14990.7
	944	2.30594e+06	15005.3
	945	2.31373e+06	15020.3
	946	2.32148e+06	15035.7
	947	2.32919e+06	15051.5
	948	2.33685e+06	15067.6
	949	2.34447e+06	15084.2
	950	2.35203e+06	15101.1
	951	2.35954e+06	15118.3
	952	2.36699e+06	15136
	953	2.37437e+06	15154
	954	2.38169e+06	15172.3
	955	2.38894e+06	15191
	956	2.39612e+06	15210
	957	2.40322e+06	15229.3
	958	2.41024e+06	15249
	959	2.41718e+06	15268.9
	960	2.42403e+06	15289.2
	961	2.4308e+06	15309.8
	962	2.43747e+06	15330.6
	963	2.44406e+06	15351.8
	964	2.45054e+06	15373.2
	965	2.45692e+06	15394.9
	966	2.46321e+06	15416.8
	967	2.46939e+06	15439
	968	2.47546e+06	15461.4
	969	2.48142e+06	15484.1
	970	2.48727e+06	15506.9
	971	2.49301e+06	15530
	972	2.49864e+06	15553.3
	973	2.50415e+06	15576.8
	974	2.50954e+06	15600.5
	975	2.51481e+06	15624.4
	976	2.51995e+06	15648.4
	977	2.52498e+06	15672.6
	978	2.52988e+06	15696.9
	979	2.53465e+06	15721.4
	980	2.5393e+06	15746
	981	2.54382e+06	15770.7
	982	2.54821e+06	15795.5
	983	2.55247e+06	15820.4
	984	2.5566e+06	15845.4
	985	2.56059e+06	15870.5
	986	2.56446e+06	15895.7
	987	2.56819e+06	15920.9
	988	2.57179e+06	15946.2
	989	2.57526e+06	15971.5
	990	2.57859e+06	15996.9
	991	2.58179e+06	16022.3
	992	2.58486e+06	16047.7
	993	2.58779e+06	16073.1
	994	2.59059e+06	16098.4
	995	2.59325e+06	16123.8
	996	2.59578e+06	16149.2
	997	2.59818e+06	16174.5
	998	2.60045e+06	16199.7
	999	2.60258e+06	16224.9
	1000	2.60459e+06	16250.1
	1001	2.60646e+06	16275.1
	1002	2.6082e+06	16300.1
	1003	2.60981e+06	16325
	1004	2.6113e+06	16349.8
	1005	2.61265e+06	16374.5
	1006	2.61388e+06	16399.1
	1007	2.61498e+06	16423.5
	1008	2.61596e+06	16447.8
	1009	2.61681e+06	16472
	1010	2.61754e+06	16496
	1011	2.61815e+06	16519.8
	1012	2.61864e+06	16543.5
	1013	2.61901e+06	16567
	1014	2.61926e+06	16590.4
	1015	2.61939e+06	16613.5
	1016	2.61941e+06	16636.4
	1017	2.61931e+06	16659.2
	1018	2.61911e+06	16681.7
	1019	2.61879e+06	16704
	1020	2.61836e+06	16726
	1021	2.61782e+06	16747.9
	1022	2.61718e+06	16769.5
	1023	2.61643e+06	16790.8
	1024	2.61557e+06	16811.9
	1025	2.61462e+06	16832.7
	1026	2.61356e+06	16853.3
	1027	2.61241e+06	16873.6
	1028	2.61116e+06	16893.6
	1029	2.60981e+06	16913.4
	1030	2.60837e+06	16932.8
	1031	2.60684e+06	16952
	1032	2.60521e+06	16970.9
	1033	2.6035e+06	16989.4
	1034	2.6017e+06	17007.7
	1035	2.59982e+06	17025.6
	1036	2.59785e+06	17043.3
	1037	2.59579e+06	17060.6
	1038	2.59366e+06	17077.6
	1039	2.59145e+06	17094.2
	1040	2.58916e+06	17110.6
	1041	2.5868e+06	17126.6
	1042	2.58437e+06	17142.3
	1043	2.58186e+06	17157.6
	1044	2.57928e+06	17172.6
	1045	2.57663e+06	17187.2
	1046	2.57392e+06	17201.5
	1047	2.57114e+06	17215.5
	1048	2.56829e+06	17229.1
	1049	2.56539e+06	17242.4
	1050	2.56242e+06	17255.3
	1051	2.5594e+06	17267.8
	1052	2.55632e+06	17280
	1053	2.55318e+06	17291.8
	1054	2.54999e+06	17303.3
	1055	2.54675e+06	17314.4
	1056	2.54346e+06	17325.1
	1057	2.54012e+06	17335.5
	1058	2.53673e+06	17345.5
	1059	2.53329e+06	17355.2
	1060	2.52981e+06	17364.5
	1061	2.52629e+06	17373.4
	1062	2.52273e+06	17382
	1063	2.51912e+06	17390.2
	1064	2.51548e+06	17398
	1065	2.51181e+06	17405.5
	1066	2.50809e+06	17412.6
	1067	2.50434e+06	17419.4
	1068	2.50056e+06	17425.8
	1069	2.49675e+06	17431.8
	1070	2.49291e+06	17437.5
	1071	2.48904e+06	17442.8
	1072	2.48515e+06	17447.8
	1073	2.48123e+06	17452.4
	1074	2.47728e+06	17456.7
	1075	2.47331e+06	17460.6
	1076	2.46932e+06	17464.2
	1077	2.46531e+06	17467.4
	1078	2.46129e+06	17470.3
	1079	2.45724e+06	17472.8
	1080	2.45318e+06	17475
	1081	2.4491e+06	17476.9
	1082	2.44501e+06	17478.4
	1083	2.4409e+06	17479.6
	1084	2.43678e+06	17480.4
	1085	2.43266e+06	17481
	1086	2.42852e+06	17481.2
	1087	2.42438e+06	17481.1
	1088	2.42022e+06	17480.6
	1089	2.41607e+06	17479.9
	1090	2.4119e+06	17478.8
	1091	2.40774e+06	17477.4
	1092	2.40357e+06	17475.8
	1093	2.3994e+06	17473.8
	1094	2.39523e+06	17471.5
	1095	2.39106e+06	17468.9
	1096	2.38689e+06	17466
	1097	2.38273e+06	17462.9
	1098	2.37856e+06	17459.4
	1099	2.3744e+06	17455.7
	1100	2.37025e+06	17451.6
	1101	2.36611e+06	17447.4
	1102	2.36197e+06	17442.8
	1103	2.35784e+06	17438
	1104	2.35372e+06	17432.9
	1105	2.34961e+06	17427.5
	1106	2.34551e+06	17421.9
	1107	2.34142e+06	17416
	1108	2.33734e+06	17409.9
	1109	2.33328e+06	17403.5
	1110	2.32923e+06	17396.9
	1111	2.3252e+06	17390.1
	1112	2.32118e+06	17383
	1113	2.31718e+06	17375.7
	1114	2.3132e+06	17368.1
	1115	2.30924e+06	17360.4
	1116	2.3053e+06	17352.4
	1117	2.30137e+06	17344.2
	1118	2.29747e+06	17335.8
	1119	2.29359e+06	17327.2
	1120	2.28973e+06	17318.4
	1121	2.28589e+06	17309.4
	1122	2.28208e+06	17300.3
	1123	2.27829e+06	17290.9
	1124	2.27452e+06	17281.3
	1125	2.27079e+06	17271.6
	1126	2.26707e+06	17261.7
	1127	2.26339e+06	17251.6
	1128	2.25973e+06	17241.3
	1129	2.2561e+06	17230.9
	1130	2.2525e+06	17220.3
	1131	2.24893e+06	17209.6
	1132	2.2454e+06	17198.7
	1133	2.24189e+06	17187.7
	1134	2.23841e+06	17176.5
	1135	2.23496e+06	17165.2
	1136	2.23155e+06	17153.8
	1137	2.22817e+06	17142.2
	1138	2.22482e+06	17130.5
	1139	2.22151e+06	17118.7
	1140	2.21824e+06	17106.8
	1141	2.215e+06	17094.7
	1142	2.21179e+06	17082.6
	1143	2.20862e+06	17070.3
	1144	2.20549e+06	17057.9
	1145	2.2024e+06	17045.5
	1146	2.19934e+06	17032.9
	1147	2.19632e+06	17020.3
	1148	2.19335e+06	17007.6
	1149	2.19041e+06	16994.8
	1150	2.18751e+06	16981.9
	1151	2.18465e+06	16969
	1152	2.18183e+06	16955.9
	1153	2.17906e+06	16942.9
	1154	2.17633e+06	16929.7
	1155	2.17364e+06	16916.5
	1156	2.17099e+06	16903.3
	1157	2.16838e+06	16890
	1158	2.16582e+06	16876.6
	1159	2.16331e+06	16863.2
	1160	2.16083e+06	16849.8
	1161	2.15841e+06	16836.4
	1162	2.15602e+06	16822.9
	1163	2.15369e+06	16809.4
	1164	2.1514e+06	16795.9
	1165	2.14916e+06	16782.3
	1166	2.14696e+06	16768.8
	1167	2.14481e+06	16755.2
	1168	2.14271e+06	16741.6
	1169	2.14066e+06	16728
	1170	2.13866e+06	16714.4
	1171	2.1367e+06	16700.9
	1172	2.13479e+06	16687.3
	1173	2.13294e+06	16673.7
	1174	2.13113e+06	16660.2
	1175	2.12937e+06	16646.7
	1176	2.12767e+06	16633.2
	1177	2.12601e+06	16619.7
	1178	2.12441e+06	16606.2
	1179	2.12285e+06	16592.8
	1180	2.12135e+06	16579.4
	1181	2.1199e+06	16566.1
	1182	2.11851e+06	16552.8
	1183	2.11716e+06	16539.5
	1184	2.11587e+06	16526.3
	1185	2.11463e+06	16513.2
	1186	2.11344e+06	16500.1
	1187	2.11231e+06	16487
	1188	2.11123e+06	16474.1
	1189	2.11021e+06	16461.1
	1190	2.10924e+06	16448.3
	1191	2.10832e+06	16435.5
	1192	2.10746e+06	16422.8
	1193	2.10665e+06	16410.2
	1194	2.1059e+06	16397.7
	1195	2.1052e+06	16385.2
	1196	2.10455e+06	16372.8
	1197	2.10397e+06	16360.5
	1198	2.10343e+06	16348.3
	1199	2.10296e+06	16336.2
	1200	2.10253e+06	16324.2
	1201	2.10217e+06	16312.3
	1202	2.10186e+06	16300.5
	1203	2.1016e+06	16288.9
	1204	2.1014e+06	16277.3
	1205	2.10126e+06	16265.8
	1206	2.10117e+06	16254.4
	1207	2.10114e+06	16243.2
	1208	2.10116e+06	16232.1
	1209	2.10124e+06	16221.1
	1210	2.10138e+06	16210.2
	1211	2.10157e+06	16199.5
	1212	2.10182e+06	16188.9
	1213	2.10212e+06	16178.4
	1214	2.10248e+06	16168
	1215	2.10289e+06	16157.8
	1216	2.10336e+06	16147.7
	1217	2.10389e+06	16137.8
	1218	2.10447e+06	16128
	1219	2.1051e+06	16118.4
	1220	2.10579e+06	16108.9
	1221	2.10654e+06	16099.5
	1222	2.10733e+06	16090.3
	1223	2.10819e+06	16081.3
	1224	2.10909e+06	16072.4
	1225	2.11005e+06	16063.7
	1226	2.11107e+06	16055.2
	1227	2.11214e+06	16046.8
	1228	2.11326e+06	16038.5
	1229	2.11443e+06	16030.5
	1230	2.11565e+06	16022.6
	1231	2.11693e+06	16014.8
	1232	2.11826e+06	16007.3
	1233	2.11964e+06	15999.9
	1234	2.12107e+06	15992.7
	1235	2.12255e+06	15985.7
	1236	2.12408e+06	15978.8
	1237	2.12566e+06	15972.1
	1238	2.12729e+06	15965.7
	1239	2.12896e+06	15959.4
	1240	2.13069e+06	15953.2
	1241	2.13246e+06	15947.3
	1242	2.13428e+06	15941.5
	1243	2.13615e+06	15936
	1244	2.13806e+06	15930.6
	1245	2.14001e+06	15925.4
	1246	2.14201e+06	15920.4
	1247	2.14406e+06	15915.6
	1248	2.14614e+06	15911
	1249	2.14827e+06	15906.6
	1250	2.15045e+06	15902.4
	1251	2.15266e+06	15898.4
	1252	2.15491e+06	15894.6
	1253	2.1572e+06	15891
	1254	2.15953e+06	15887.5
	1255	2.1619e+06	15884.3
	1256	2.16431e+06	15881.3
	1257	2.16675e+06	15878.5
	1258	2.16923e+06	15875.8
	1259	2.17174e+06	15873.4
	1260	2.17429e+06	15871.2
	1261	2.17687e+06	15869.2
	1262	2.17948e+06	15867.4
	1263	2.18212e+06	15865.8
	1264	2.18479e+06	15864.3
	1265	2.18749e+06	15863.1
	1266	2.19022e+06	15862.1
	1267	2.19298e+06	15861.3
	1268	2.19576e+06	15860.7
	1269	2.19857e+06	15860.3
	1270	2.2014e+06	15860.1
	1271	2.20426e+06	15860.1
	1272	2.20714e+06	15860.3
	1273	2.21004e+06	15860.7
	1274	2.21295e+06	15861.3
	1275	2.21589e+06	15862.1
	1276	2.21885e+06	15863.1
	1277	2.22182e+06	15864.3
	1278	2.22481e+06	15865.7
	1279	2.22781e+06	15867.3
	1280	2.23082e+06	15869.1
	1281	2.23385e+06	15871.1
	1282	2.23689e+06	15873.3
	1283	2.23994e+06	15875.7
	1284	2.243e+06	15878.2
	1285	2.24606e+06	15881
	1286	2.24913e+06	15883.9
	1287	2.25221e+06	15887.1
	1288	2.25529e+06	15890.4
	1289	2.25838e+06	15893.9
	1290	2.26146e+06	15897.6
	1291	2.26455e+06	15901.4
	1292	2.26764e+06	15905.5
	1293	2.27072e+06	15909.7
	1294	2.2738e+06	15914.1
	1295	2.27688e+06	15918.7
	1296	2.27996e+06	15923.4
	1297	2.28302e+06	15928.4
	1298	2.28608e+06	15933.5
	1299	2.28913e+06	15938.7
	1300	2.29218e+06	15944.1
	1301	2.29521e+06	15949.7
	1302	2.29823e+06	15955.5
	1303	2.30123e+06	15961.4
	1304	2.30423e+06	15967.5
	1305	2.3072e+06	15973.7
	1306	2.31016e+06	15980
	1307	2.31311e+06	15986.6
	1308	2.31603e+06	15993.2
	1309	2.31894e+06	16000
	1310	2.32183e+06	16007
	1311	2.32469e+06	16014.1
	1312	2.32753e+06	16021.3
	1313	2.33035e+06	16028.6
	1314	2.33314e+06	16036.1
	1315	2.33591e+06	16043.7
	1316	2.33866e+06	16051.5
	1317	2.34137e+06	16059.3
	1318	2.34406e+06	16067.3
	1319	2.34672e+06	16075.4
	1320	2.34934e+06	16083.6
	1321	2.35194e+06	16091.9
	1322	2.35451e+06	16100.3
	1323	2.35704e+06	16108.8
	1324	2.35954e+06	16117.5
	1325	2.36201e+06	16126.2
	1326	2.36444e+06	16135
	1327	2.36683e+06	16143.9
	1328	2.36919e+06	16152.9
	1329	2.37151e+06	16161.9
	1330	2.3738e+06	16171.1
	1331	2.37605e+06	16180.3
	1332	2.37825e+06	16189.6
	1333	2.38042e+06	16199
	1334	2.38255e+06	16208.4
	1335	2.38464e+06	16217.9
	1336	2.38668e+06	16227.4
	1337	2.38868e+06	16237.1
	1338	2.39065e+06	16246.7
	1339	2.39257e+06	16256.4
	1340	2.39444e+06	16266.2
	1341	2.39627e+06	16276
	1342	2.39806e+06	16285.8
	1343	2.3998e+06	16295.7
	1344	2.4015e+06	16305.6
	1345	2.40316e+06	16315.5
	1346	2.40476e+06	16325.5
	1347	2.40633e+06	16335.4
	1348	2.40784e+06	16345.4
	1349	2.40931e+06	16355.4
	1350	2.41074e+06	16365.5
	1351	2.41211e+06	16375.5
	1352	2.41344e+06	16385.5
	1353	2.41472e+06	16395.5
	1354	2.41596e+06	16405.6
	1355	2.41715e+06	16415.6
	1356	2.41829e+06	16425.6
	1357	2.41938e+06	16435.6
	1358	2.42042e+06	16445.5
	1359	2.42142e+06	16455.5
	1360	2.42237e+06	16465.4
	1361	2.42327e+06	16475.3
	1362	2.42413e+06	16485.2
	1363	2.42493e+06	16495
	1364	2.42569e+06	16504.8
	1365	2.42641e+06	16514.6
	1366	2.42707e+06	16524.3
	1367	2.42769e+06	16534
	1368	2.42826e+06	16543.6
	1369	2.42878e+06	16553.2
	1370	2.42926e+06	16562.7
	1371	2.42969e+06	16572.2
	1372	2.43007e+06	16581.6
	1373	2.43041e+06	16590.9
	1374	2.4307e+06	16600.2
	1375	2.43095e+06	16609.4
	1376	2.43115e+06	16618.5
	1377	2.4313e+06	16627.5
	1378	2.43141e+06	16636.5
	1379	2.43148e+06	16645.4
	1380	2.4315e+06	16654.2
	1381	2.43148e+06	16662.9
	1382	2.43141e+06	16671.5
	1383	2.4313e+06	16680.1
	1384	2.43115e+06	16688.5
	1385	2.43096e+06	16696.9
	1386	2.43072e+06	16705.2
	1387	2.43045e+06	16713.3
	1388	2.43013e+06	16721.4
	1389	2.42977e+06	16729.3
	1390	2.42937e+06	16737.2
	1391	2.42893e+06	16744.9
	1392	2.42845e+06	16752.5
	1393	2.42794e+06	16760.1
	1394	2.42738e+06	16767.5
	1395	2.42679e+06	16774.7
	1396	2.42616e+06	16781.9
	1397	2.42549e+06	16789
	1398	2.42479e+06	16795.9
	1399	2.42405e+06	16802.7
	1400	2.42327e+06	16809.4
	1401	2.42246e+06	16815.9
	1402	2.42162e+06	16822.4
	1403	2.42074e+06	16828.7
	1404	2.41983e+06	16834.9
	1405	2.41889e+06	16840.9
	1406	2.41791e+06	16846.8
	1407	2.41691e+06	16852.6
	1408	2.41587e+06	16858.2
	1409	2.4148e+06	16863.8
	1410	2.41371e+06	16869.1
	1411	2.41258e+06	16874.4
	1412	2.41143e+06	16879.5
	1413	2.41024e+06	16884.4
	1414	2.40904e+06	16889.2
	1415	2.4078e+06	16893.9
	1416	2.40654e+06	16898.5
	1417	2.40525e+06	16902.9
	1418	2.40393e+06	16907.1
	1419	2.4026e+06	16911.2
	1420	2.40124e+06	16915.2
	1421	2.39985e+06	16919
	1422	2.39845e+06	16922.7
	1423	2.39702e+06	16926.3
	1424	2.39557e+06	16929.7
	1425	2.3941e+06	16932.9
	1426	2.39261e+06	16936
	1427	2.3911e+06	16939
	1428	2.38957e+06	16941.8
	1429	2.38802e+06	16944.5
	1430	2.38645e+06	16947
	1431	2.38487e+06	16949.4
	1432	2.38327e+06	16951.7
	1433	2.38166e+06	16953.8
	1434	2.38003e+06	16955.7
	1435	2.37838e+06	16957.6
	1436	2.37673e+06	16959.2
	1437	2.37505e+06	16960.8
	1438	2.37337e+06	16962.2
	1439	2.37167e+06	16963.4
	1440	2.36996e+06	16964.5
	1441	2.36824e+06	16965.5
	1442	2.36651e+06	16966.3
	1443	2.36477e+06	16967
	1444	2.36302e+06	16967.6
	1445	2.36126e+06	16968
	1446	2.35949e+06	16968.3
	1447	2.35772e+06	16968.4
	1448	2.35594e+06	16968.4
	1449	2.35415e+06	16968.3
	1450	2.35235e+06	16968
	1451	2.35055e+06	16967.6
	1452	2.34875e+06	16967.1
	1453	2.34694e+06	16966.5
	1454	2.34513e+06	16965.7
	1455	2.34331e+06	16964.8
	1456	2.34149e+06	16963.7
	1457	2.33967e+06	16962.6
	1458	2.33785e+06	16961.3
	1459	2.33602e+06	16959.9
	1460	2.3342e+06	16958.3
	1461	2.33237e+06	16956.7
	1462	2.33055e+06	16954.9
	1463	2.32873e+06	16953
	1464	2.3269e+06	16951
	1465	2.32508e+06	16948.9
	1466	2.32327e+06	16946.7
	1467	2.32145e+06	16944.3
	1468	2.31964e+06	16941.9
	1469	2.31783e+06	16939.3
	1470	2.31603e+06	16936.6
	1471	2.31423e+06	16933.8
	1472	2.31244e+06	16930.9
	1473	2.31065e+06	16927.9
	1474	2.30887e+06	16924.8
	1475	2.30709e+06	16921.7
	1476	2.30533e+06	16918.4
	1477	2.30357e+06	16915
	1478	2.30181e+06	16911.5
	1479	2.30007e+06	16907.9
	1480	2.29834e+06	16904.2
	1481	2.29661e+06	16900.5
	1482	2.2949e+06	16896.6
	1483	2.29319e+06	16892.7
	1484	2.29149e+06	16888.7
	1485	2.28981e+06	16884.6
	1486	2.28814e+06	16880.4
	1487	2.28648e+06	16876.1
	1488	2.28483e+06	16871.8
	1489	2.28319e+06	16867.3
	1490	2.28157e+06	16862.8
	1491	2.27996e+06	16858.3
	1492	2.27836e+06	16853.6
	1493	2.27678e+06	16848.9
	1494	2.27521e+06	16844.1
	1495	2.27366e+06	16839.3
	1496	2.27212e+06	16834.4
	1497	2.27059e+06	16829.4
	1498	2.26909e+06	16824.4
	1499	2.2676e+06	16819.3
	1500	2.26612e+06	16814.2
	1501	2.26466e+06	16809
	1502	2.26322e+06	16803.7
	1503	2.2618e+06	16798.4
	1504	2.26039e+06	16793.1
	1505	2.259e+06	16787.7
	1506	2.25763e+06	16782.2
	1507	2.25628e+06	16776.7
	1508	2.25495e+06	16771.2
	1509	2.25363e+06	16765.7
	1510	2.25234e+06	16760.1
	1511	2.25106e+06	16754.4
	1512	2.24981e+06	16748.7
	1513	2.24857e+06	16743
	1514	2.24736e+06	16737.3
	1515	2.24617e+06	16731.6
	1516	2.24499e+06	16725.8
	1517	2.24384e+06	16719.9
	1518	2.24271e+06	16714.1
	1519	2.2416e+06	16708.3
	1520	2.24051e+06	16702.4
	1521	2.23945e+06	16696.5
	1522	2.23841e+06	16690.6
	1523	2.23739e+06	16684.7
	1524	2.23639e+06	16678.7
	1525	2.23541e+06	16672.8
	1526	2.23446e+06	16666.8
	1527	2.23353e+06	16660.9
	1528	2.23262e+06	16654.9
	1529	2.23174e+06	16649
	1530	2.23088e+06	16643
	1531	2.23005e+06	16637
	1532	2.22924e+06	16631.1
	1533	2.22845e+06	16625.1
	1534	2.22768e+06	16619.2
	1535	2.22695e+06	16613.2
	1536	2.22623e+06	16607.3
	1537	2.22554e+06	16601.4
	1538	2.22488e+06	16595.4
	1539	2.22423e+06	16589.5
	1540	2.22362e+06	16583.7
	1541	2.22303e+06	16577.8
	1542	2.22246e+06	16572
	1543	2.22192e+06	16566.1
	1544	2.22141e+06	16560.3
	1545	2.22091e+06	16554.6
	1546	2.22045e+06	16548.8
	1547	2.22001e+06	16543.1
	1548	2.21959e+06	16537.4
	1549	2.21921e+06	16531.7
	1550	2.21884e+06	16526.1
	1551	2.2185e+06	16520.5
	1552	2.21819e+06	16514.9
	1553	2.2179e+06	16509.4
	1554	2.21764e+06	16503.9
	1555	2.2174e+06	16498.5
	1556	2.21719e+06	16493.1
	1557	2.21701e+06	16487.7
	1558	2.21685e+06	16482.4
	1559	2.21671e+06	16477.1
	1560	2.2166e+06	16471.9
	1561	2.21652e+06	16466.7
	1562	2.21646e+06	16461.5
	1563	2.21643e+06	16456.5
	1564	2.21642e+06	16451.4
	1565	2.21643e+06	16446.4
	1566	2.21648e+06	16441.5
	1567	2.21654e+06	16436.6
	1568	2.21663e+06	16431.8
	1569	2.21675e+06	16427.1
	1570	2.21689e+06	16422.4
	1571	2.21706e+06	16417.7
	1572	2.21725e+06	16413.1
	1573	2.21746e+06	16408.6
	1574	2.2177e+06	16404.2
	1575	2.21796e+06	16399.8
	1576	2.21825e+06	16395.4
	1577	2.21855e+06	16391.2
	1578	2.21889e+06	16387
	1579	2.21924e+06	16382.9
	1580	2.21962e+06	16378.8
	1581	2.22003e+06	16374.8
	1582	2.22045e+06	16370.9
	1583	2.2209e+06	16367.1
	1584	2.22137e+06	16363.3
	1585	2.22186e+06	16359.6
	1586	2.22238e+06	16356
	1587	2.22291e+06	16352.5
	1588	2.22347e+06	16349
	1589	2.22405e+06	16345.6
	1590	2.22465e+06	16342.3
	1591	2.22527e+06	16339
	1592	2.22592e+06	16335.9
	1593	2.22658e+06	16332.8
	1594	2.22726e+06	16329.8
	1595	2.22796e+06	16326.9
	1596	2.22869e+06	16324
	1597	2.22943e+06	16321.3
	1598	2.23019e+06	16318.6
	1599	2.23097e+06	16316
	1600	2.23176e+06	16313.5
	1601	2.23258e+06	16311.1
	1602	2.23341e+06	16308.8
	1603	2.23426e+06	16306.5
	1604	2.23513e+06	16304.3
	1605	2.23602e+06	16302.2
	1606	2.23692e+06	16300.2
	1607	2.23783e+06	16298.3
	1608	2.23877e+06	16296.5
	1609	2.23972e+06	16294.8
	1610	2.24068e+06	16293.1
	1611	2.24166e+06	16291.5
	1612	2.24265e+06	16290.1
	1613	2.24366e+06	16288.7
	1614	2.24468e+06	16287.4
	1615	2.24571e+06	16286.1
	1616	2.24676e+06	16285
	1617	2.24782e+06	16284
	1618	2.24889e+06	16283
	1619	2.24997e+06	16282.1
	1620	2.25107e+06	16281.4
	1621	2.25217e+06	16280.7
	1622	2.25329e+06	16280
	1623	2.25442e+06	16279.5
	1624	2.25555e+06	16279.1
	1625	2.2567e+06	16278.7
	1626	2.25785e+06	16278.5
	1627	2.25902e+06	16278.3
	1628	2.26019e+06	16278.2
	1629	2.26137e+06	16278.2
	1630	2.26256e+06	16278.3
	1631	2.26375e+06	16278.4
	1632	2.26495e+06	16278.7
	1633	2.26616e+06	16279
	1634	2.26737e+06	16279.4
	1635	2.26858e+06	16279.9
	1636	2.26981e+06	16280.5
	1637	2.27103e+06	16281.2
	1638	2.27226e+06	16281.9
	1639	2.2735e+06	16282.8
	1640	2.27473e+06	16283.7
	1641	2.27597e+06	16284.7
	1642	2.27722e+06	16285.7
	1643	2.27846e+06	16286.9
	1644	2.2797e+06	16288.1
	1645	2.28095e+06	16289.4
	1646	2.2822e+06	16290.8
	1647	2.28344e+06	16292.2
	1648	2.28469e+06	16293.8
	1649	2.28594e+06	16295.4
	1650	2.28718e+06	16297.1
	1651	2.28843e+06	16298.8
	1652	2.28967e+06	16300.6
	1653	2.29091e+06	16302.5
	1654	2.29214e+06	16304.5
	1655	2.29338e+06	16306.5
	1656	2.29461e+06	16308.6
	1657	2.29583e+06	16310.8
	1658	2.29705e+06	16313.1
	1659	2.29827e+06	16315.4
	1660	2.29948e+06	16317.7
	1661	2.30069e+06	16320.2
	1662	2.30189e+06	16322.7
	1663	2.30308e+06	16325.2
	1664	2.30427e+06	16327.8
	1665	2.30545e+06	16330.5
	1666	2.30662e+06	16333.3
	1667	2.30778e+06	16336.1
	1668	2.30894e+06	16338.9
	1669	2.31009e+06	16341.8
	1670	2.31123e+06	16344.8
	1671	2.31236e+06	16347.8
	1672	2.31348e+06	16350.8
	1673	2.31459e+06	16354
	1674	2.31569e+06	16357.1
	1675	2.31678e+06	16360.3
	1676	2.31785e+06	16363.6
	1677	2.31892e+06	16366.9
	1678	2.31998e+06	16370.3
	1679	2.32102e+06	16373.6
	1680	2.32205e+06	16377.1
	1681	2.32307e+06	16380.6
	1682	2.32408e+06	16384.1
	1683	2.32507e+06	16387.6
	1684	2.32605e+06	16391.2
	1685	2.32702e+06	16394.8
	1686	2.32797e+06	16398.5
	1687	2.32891e+06	16402.2
	1688	2.32984e+06	16405.9
	1689	2.33075e+06	16409.7
	1690	2.33164e+06	16413.4
	1691	2.33253e+06	16417.2
	1692	2.33339e+06	16421.1
	1693	2.33424e+06	16424.9
	1694	2.33508e+06	16428.8
	1695	2.33589e+06	16432.7
	1696	2.3367e+06	16436.6
	1697	2.33748e+06	16440.6
	1698	2.33825e+06	16444.5
	1699	2.33901e+06	16448.5
	1700	2.33974e+06	16452.5
	1701	2.34046e+06	16456.5
	1702	2.34117e+06	16460.5
	1703	2.34185e+06	16464.5
	1704	2.34252e+06	16468.6
	1705	2.34317e+06	16472.6
	1706	2.34381e+06	16476.7
	1707	2.34442e+06	16480.7
	1708	2.34502e+06	16484.8
	1709	2.3456e+06	16488.9
	1710	2.34616e+06	16492.9
	1711	2.34671e+06	16497
	1712	2.34723e+06	16501.1
	1713	2.34774e+06	16505.1
	1714	2.34823e+06	16509.2
	1715	2.3487e+06	16513.2
	1716	2.34915e+06	16517.3
	1717	2.34959e+06	16521.3
	1718	2.35e+06	16525.4
	1719	2.3504e+06	16529.4
	1720	2.35078e+06	16533.4
	1721	2.35114e+06	16537.4
	1722	2.35148e+06	16541.4
	1723	2.3518e+06	16545.3
	1724	2.35211e+06	16549.3
	1725	2.3524e+06	16553.2
	1726	2.35266e+06	16557.1
	1727	2.35291e+06	16561
	1728	2.35314e+06	16564.9
	1729	2.35335e+06	16568.8
	1730	2.35355e+06	16572.6
	1731	2.35372e+06	16576.4
	1732	2.35388e+06	16580.2
	1733	2.35402e+06	16583.9
	1734	2.35414e+06	16587.6
	1735	2.35424e+06	16591.3
	1736	2.35433e+06	16595
	1737	2.35439e+06	16598.6
	1738	2.35444e+06	16602.2
	1739	2.35447e+06	16605.8
	1740	2.35449e+06	16609.3
	1741	2.35448e+06	16612.8
	1742	2.35446e+06	16616.3
	1743	2.35442e+06	16619.7
	1744	2.35436e+06	16623.1
	1745	2.35429e+06	16626.5
	1746	2.3542e+06	16629.8
	1747	2.35409e+06	16633
	1748	2.35397e+06	16636.3
	1749	2.35383e+06	16639.4
	1750	2.35367e+06	16642.6
	1751	2.3535e+06	16645.7
	1752	2.35331e+06	16648.7
	1753	2.3531e+06	16651.8
	1754	2.35288e+06	16654.7
	1755	2.35265e+06	16657.6
	1756	2.35239e+06	16660.5
	1757	2.35213e+06	16663.3
	1758	2.35185e+06	16666.1
	1759	2.35155e+06	16668.8
	1760	2.35124e+06	16671.5
	1761	2.35091e+06	16674.1
	1762	2.35057e+06	16676.7
	1763	2.35021e+06	16679.2
	1764	2.34985e+06	16681.7
	1765	2.34946e+06	16684.1
	1766	2.34907e+06	16686.5
	1767	2.34866e+06	16688.8
	1768	2.34824e+06	16691
	1769	2.3478e+06	16693.2
	1770	2.34735e+06	16695.4
	1771	2.34689e+06	16697.5
	1772	2.34642e+06	16699.5
	1773	2.34593e+06	16701.5
	1774	2.34544e+06	16703.4
	1775	2.34493e+06	16705.3
	1776	2.34441e+06	16707.1
	1777	2.34388e+06	16708.8
	1778	2.34334e+06	16710.5
	1779	2.34279e+06	16712.2
	1780	2.34223e+06	16713.7
	1781	2.34165e+06	16715.3
	1782	2.34107e+06	16716.7
	1783	2.34048e+06	16718.1
	1784	2.33988e+06	16719.5
	1785	2.33927e+06	16720.8
	1786	2.33865e+06	16722
	1787	2.33802e+06	16723.2
	1788	2.33738e+06	16724.3
	1789	2.33674e+06	16725.3
	1790	2.33609e+06	16726.3
	1791	2.33543e+06	16727.3
	1792	2.33476e+06	16728.1
	1793	2.33408e+06	16729
	1794	2.3334e+06	16729.7
	1795	2.33271e+06	16730.4
	1796	2.33202e+06	16731.1
	1797	2.33132e+06	16731.6
	1798	2.33061e+06	16732.2
	1799	2.3299e+06	16732.6
	1800	2.32918e+06	16733.1
	1801	2.32845e+06	16733.4
	1802	2.32773e+06	16733.7
	1803	2.32699e+06	16733.9
	1804	2.32626e+06	16734.1
	1805	2.32551e+06	16734.3
	1806	2.32477e+06	16734.3
	1807	2.32402e+06	16734.3
	1808	2.32327e+06	16734.3
	1809	2.32251e+06	16734.2
	1810	2.32175e+06	16734
	1811	2.32099e+06	16733.8
	1812	2.32022e+06	16733.6
	1813	2.31946e+06	16733.3
	1814	2.31869e+06	16732.9
	1815	2.31792e+06	16732.5
	1816	2.31715e+06	16732
	1817	2.31637e+06	16731.5
	1818	2.3156e+06	16730.9
	1819	2.31483e+06	16730.3
	1820	2.31405e+06	16729.6
	1821	2.31327e+06	16728.8
	1822	2.3125e+06	16728.1
	1823	2.31172e+06	16727.2
	1824	2.31095e+06	16726.4
	1825	2.31017e+06	16725.4
	1826	2.3094e+06	16724.4
	1827	2.30863e+06	16723.4
	1828	2.30786e+06	16722.4
	1829	2.30709e+06	16721.2
	1830	2.30632e+06	16720.1
	1831	2.30555e+06	16718.9
	1832	2.30479e+06	16717.6
	1833	2.30403e+06	16716.3
	1834	2.30327e+06	16715
	1835	2.30251e+06	16713.6
	1836	2.30176e+06	16712.2
	1837	2.30101e+06	16710.7
	1838	2.30026e+06	16709.2
	1839	2.29952e+06	16707.7
	1840	2.29878e+06	16706.1
	1841	2.29804e+06	16704.5
	1842	2.29731e+06	16702.9
	1843	2.29659e+06	16701.2
	1844	2.29586e+06	16699.4
	1845	2.29515e+06	16697.7
	1846	2.29444e+06	16695.9
	1847	2.29373e+06	16694
	1848	2.29303e+06	16692.2
	1849	2.29233e+06	16690.3
	1850	2.29164e+06	16688.4
	1851	2.29096e+06	16686.4
	1852	2.29028e+06	16684.4
	1853	2.28961e+06	16682.4
	1854	2.28894e+06	16680.4
	1855	2.28828e+06	16678.3
	1856	2.28763e+06	16676.2
	1857	2.28698e+06	16674.1
	1858	2.28635e+06	16671.9
	1859	2.28571e+06	16669.7
	1860	2.28509e+06	16667.5
	1861	2.28447e+06	16665.3
	1862	2.28387e+06	16663.1
	1863	2.28327e+06	16660.8
	1864	2.28267e+06	16658.5
	1865	2.28209e+06	16656.2
	1866	2.28151e+06	16653.9
	1867	2.28094e+06	16651.5
	1868	2.28038e+06	16649.2
	1869	2.27983e+06	16646.8
	1870	2.27929e+06	16644.4
	1871	2.27875e+06	16642
	1872	2.27823e+06	16639.6
	1873	2.27771e+06	16637.2
	1874	2.27721e+06	16634.7
	1875	2.27671e+06	16632.2
	1876	2.27622e+06	16629.8
	1877	2.27574e+06	16627.3
	1878	2.27527e+06	16624.8
	1879	2.27482e+06	16622.3
	1880	2.27437e+06	16619.8
	1881	2.27393e+06	16617.3
	1882	2.2735e+06	16614.8
	1883	2.27308e+06	16612.3
	1884	2.27267e+06	16609.7
	1885	2.27227e+06	16607.2
	1886	2.27188e+06	16604.7
	1887	2.2715e+06	16602.1
	1888	2.27113e+06	16599.6
	1889	2.27077e+06	16597.1
	1890	2.27043e+06	16594.5
	1891	2.27009e+06	16592
	1892	2.26976e+06	16589.5
	1893	2.26945e+06	16586.9
	1894	2.26914e+06	16584.4
	1895	2.26885e+06	16581.9
	1896	2.26857e+06	16579.4
	1897	2.2683e+06	16576.9
	1898	2.26803e+06	16574.4
	1899	2.26778e+06	16571.9
	1900	2.26754e+06	16569.4
	1901	2.26732e+06	16566.9
	1902	2.2671e+06	16564.4
	1903	2.26689e+06	16562
	1904	2.2667e+06	16559.5
	1905	2.26651e+06	16557.1
	1906	2.26634e+06	16554.6
	1907	2.26618e+06	16552.2
	1908	2.26603e+06	16549.8
	1909	2.26589e+06	16547.4
	1910	2.26576e+06	16545.1
	1911	2.26564e+06	16542.7
	1912	2.26553e+06	16540.4
	1913	2.26544e+06	16538
	1914	2.26535e+06	16535.7
	1915	2.26528e+06	16533.4
	1916	2.26521e+06	16531.2
	1917	2.26516e+06	16528.9
	1918	2.26512e+06	16526.7
	1919	2.26509e+06	16524.5
	1920	2.26507e+06	16522.3
	1921	2.26506e+06	16520.1
	1922	2.26506e+06	16518
	1923	2.26508e+06	16515.8
	1924	2.2651e+06	16513.7
	1925	2.26514e+06	16511.7
	1926	2.26518e+06	16509.6
	1927	2.26524e+06	16507.6
	1928	2.2653e+06	16505.6
	1929	2.26538e+06	16503.6
	1930	2.26546e+06	16501.6
	1931	2.26556e+06	16499.7
	1932	2.26567e+06	16497.8
	1933	2.26579e+06	16495.9
	1934	2.26591e+06	16494.1
	1935	2.26605e+06	16492.3
	1936	2.2662e+06	16490.5
	1937	2.26635e+06	16488.8
	1938	2.26652e+06	16487
	1939	2.2667e+06	16485.3
	1940	2.26688e+06	16483.7
	1941	2.26708e+06	16482
	1942	2.26728e+06	16480.4
	1943	2.2675e+06	16478.9
	1944	2.26772e+06	16477.3
	1945	2.26795e+06	16475.8
	1946	2.26819e+06	16474.3
	1947	2.26844e+06	16472.9
	1948	2.2687e+06	16471.5
	1949	2.26897e+06	16470.1
	1950	2.26924e+06	16468.8
	1951	2.26953e+06	16467.5
	1952	2.26982e+06	16466.2
	1953	2.27012e+06	16465
	1954	2.27042e+06	16463.8
	1955	2.27074e+06	16462.6
	1956	2.27106e+06	16461.5
	1957	2.2714e+06	16460.4
	1958	2.27173e+06	16459.3
	1959	2.27208e+06	16458.3
	1960	2.27243e+06	16457.3
	1961	2.27279e+06	16456.3
	1962	2.27316e+06	16455.4
	1963	2.27353e+06	16454.5
	1964	2.27391e+06	16453.7
	1965	2.2743e+06	16452.9
	1966	2.27469e+06	16452.1
	1967	2.27509e+06	16451.4
	1968	2.2755e+06	16450.7
	1969	2.27591e+06	16450
	1970	2.27632e+06	16449.4
	1971	2.27675e+06	16448.8
	1972	2.27717e+06	16448.2
	1973	2.27761e+06	16447.7
	1974	2.27805e+06	16447.2
	1975	2.27849e+06	16446.8
	1976	2.27894e+06	16446.4
	1977	2.27939e+06	16446
	1978	2.27984e+06	16445.7
	1979	2.28031e+06	16445.4
	1980	2.28077e+06	16445.1
	1981	2.28124e+06	16444.9
	1982	2.28171e+06	16444.7
	1983	2.28219e+06	16444.6
	1984	2.28267e+06	16444.5
	1985	2.28315e+06	16444.4
	1986	2.28364e+06	16444.4
	1987	2.28412e+06	16444.3
	1988	2.28462e+06	16444.4
	1989	2.28511e+06	16444.4
	1990	2.28561e+06	16444.5
	1991	2.28611e+06	16444.7
	1992	2.28661e+06	16444.9
	1993	2.28711e+06	16445.1
	1994	2.28761e+06	16445.3
	1995	2.28812e+06	16445.6
	1996	2.28863e+06	16445.9
	1997	2.28914e+06	16446.2
	1998	2.28965e+06	16446.6
	1999	2.29016e+06	16447
	2000	2.29067e+06	16447.5
	2001	2.29118e+06	16447.9
	2002	2.34106e+06	6620.23
	2003	2.39095e+06	6662.84
	2004	2.44076e+06	6707.03
	2005	2.49043e+06	6752.82
	2006	2.53987e+06	6800.23
	2007	2.58902e+06	6849.26
	2008	2.63781e+06	6899.94
	2009	2.68616e+06	6952.28
	2010	2.73401e+06	7006.27
	2011	2.78128e+06	7061.94
	2012	2.82792e+06	7119.29
	2013	2.87387e+06	7178.33
	2014	2.91906e+06	7239.05
	2015	2.96344e+06	7301.47
	2016	3.00697e+06	7365.57
	2017	3.04959e+06	7431.36
	2018	3.09125e+06	7498.83
	2019	3.13193e+06	7567.99
	2020	3.17158e+06	7638.81
	2021	3.21017e+06	7711.3
	2022	3.24768e+06	7785.43
	2023	3.28407e+06	7861.21
	2024	3.31933e+06	7938.62
	2025	3.35344e+06	8017.63
	2026	3.38639e+06	8098.24
	2027	3.41817e+06	8180.43
	2028	3.44877e+06	8264.17
	2029	3.47819e+06	8349.45
	2030	3.50643e+06	8436.24
	2031	3.53349e+06	8524.52
	2032	3.55937e+06	8614.26
	2033	3.58409e+06	8705.44
	2034	3.60765e+06	8798.04
	2035	3.63006e+06	8892.01
	2036	3.65134e+06	8987.33
	2037	3.67151e+06	9083.97
	2038	3.69058e+06	9181.91
	2039	3.70857e+06	9281.09
	2040	3.72549e+06	9381.5
	2041	3.74138e+06	9483.1
	2042	3.75624e+06	9585.84
	2043	3.77011e+06	9689.7
	2044	3.783e+06	9794.64
	2045	3.79494e+06	9900.61
	2046	3.80595e+06	10007.6
	2047	3.81606e+06	10115.5
	2048	3.82528e+06	10224.4
	2049	3.83365e+06	10334.1
	2050	3.84119e+06	10444.7
	2051	3.84791e+06	10556
	2052	3.85385e+06	10668.1
	2053	3.85903e+06	10781
	2054	3.86346e+06	10894.4
	2055	3.86718e+06	11008.6
	2056	3.87021e+06	11123.2
	2057	3.87256e+06	11238.4
	2058	3.87426e+06	11354.1
	2059	3.87533e+06	11470.3
	2060	3.87579e+06	11586.8
	2061	3.87566e+06	11703.7
	2062	3.87496e+06	11820.9
	2063	3.87371e+06	11938.3
	2064	3.87193e+06	12056
	2065	3.86963e+06	12173.8
	2066	3.86684e+06	12291.8
	2067	3.86357e+06	12409.8
	2068	3.85983e+06	12527.8
	2069	3.85565e+06	12645.8
	2070	3.85104e+06	12763.8
	2071	3.84601e+06	12881.6
	2072	3.84058e+06	12999.3
	2073	3.83476e+06	13116.7
	2074	3.82857e+06	13234
	2075	3.82203e+06	13350.9
	2076	3.81513e+06	13467.5
	2077	3.8079e+06	13583.7
	2078	3.80035e+06	13699.4
	2079	3.79249e+06	13814.7
	2080	3.78432e+06	13929.5
	2081	3.77587e+06	14043.7
	2082	3.76715e+06	14157.4
	2083	3.75815e+06	14270.3
	2084	3.7489e+06	14382.6
	2085	3.7394e+06	14494.2
	2086	3.72967e+06	14605
	2087	3.7197e+06	14715.1
	2088	3.70951e+06	14824.2
	2089	3.69912e+06	14932.6
	2090	3.68851e+06	15039.9
	2091	3.67772e+06	15146.4
	2092	3.66673e+06	15251.9
	2093	3.65557e+06	15356.3
	2094	3.64423e+06	15459.7
	2095	3.63273e+06	15562
	2096	3.62106e+06	15663.2
	2097	3.60925e+06	15763.3
	2098	3.59729e+06	15862.2
	2099	3.58519e+06	15959.8
	2100	3.57295e+06	16056.3
	2101	3.56059e+06	16151.5
	2102	3.54811e+06	16245.4
	2103	3.53551e+06	16338
	2104	3.52281e+06	16429.3
	2105	3.50999e+06	16519.3
	2106	3.49708e+06	16607.8
	2107	3.48407e+06	16695
	2108	3.47097e+06	16780.7
	2109	3.45779e+06	16865.1
	2110	3.44453e+06	16948
	2111	3.43119e+06	17029.4
	2112	3.41778e+06	17109.3
	2113	3.4043e+06	17187.8
	2114	3.39076e+06	17264.7
	2115	3.37717e+06	17340.1
	2116	3.36351e+06	17414
	2117	3.34981e+06	17486.4
	2118	3.33606e+06	17557.2
	2119	3.32227e+06	17626.5
	2120	3.30843e+06	17694.2
	2121	3.29456e+06	17760.3
	2122	3.28066e+06	17824.9
	2123	3.26673e+06	17887.8
	2124	3.25277e+06	17949.2
	2125	3.2388e+06	18009.1
	2126	3.2248e+06	18067.3
	2127	3.21078e+06	18124
	2128	3.19675e+06	18179
	2129	3.18271e+06	18232.5
	2130	3.16867e+06	18284.5
	2131	3.15461e+06	18334.8
	2132	3.14056e+06	18383.6
	2133	3.1265e+06	18430.8
	2134	3.11245e+06	18476.4
	2135	3.0984e+06	18520.5
	2136	3.08436e+06	18563
	2137	3.07034e+06	18604
	2138	3.05632e+06	18643.5
	2139	3.04231e+06	18681.4
	2140	3.02833e+06	18717.8
	2141	3.01436e+06	18752.7
	2142	3.00041e+06	18786.1
	2143	2.98649e+06	18818
	2144	2.97259e+06	18848.5
	2145	2.95872e+06	18877.5
	2146	2.94487e+06	18905
	2147	2.93106e+06	18931.1
	2148	2.91727e+06	18955.8
	2149	2.90352e+06	18979.1
	2150	2.88981e+06	19000.9
	2151	2.87613e+06	19021.4
	2152	2.86249e+06	19040.6
	2153	2.84889e+06	19058.3
	2154	2.83532e+06	19074.8
	2155	2.82181e+06	19089.9
	2156	2.80833e+06	19103.7
	2157	2.7949e+06	19116.2
	2158	2.78152e+06	19127.5
	2159	2.76818e+06	19137.5
	2160	2.75489e+06	19146.2
	2161	2.74165e+06	19153.7
	2162	2.72846e+06	19160.1
	2163	2.71533e+06	19165.2
	2164	2.70224e+06	19169.2
	2165	2.68921e+06	19172
	2166	2.67624e+06	19173.7
	2167	2.66331e+06	19174.3
	2168	2.65045e+06	19173.8
	2169	2.63764e+06	19172.1
	2170	2.62489e+06	19169.5
	2171	2.6122e+06	19165.8
	2172	2.59956e+06	19161
	2173	2.58699e+06	19155.3
	2174	2.57448e+06	19148.5
	2175	2.56202e+06	19140.8
	2176	2.54963e+06	19132.1
	2177	2.5373e+06	19122.5
	2178	2.52504e+06	19112
	2179	2.51283e+06	19100.5
	2180	2.50069e+06	19088.2
	2181	2.48862e+06	19075
	2182	2.47661e+06	19060.9
	2183	2.46466e+06	19046.1
	2184	2.45278e+06	19030.4
	2185	2.44096e+06	19013.9
	2186	2.42922e+06	18996.6
	2187	2.41753e+06	18978.6
	2188	2.40592e+06	18959.8
	2189	2.39437e+06	18940.2
	2190	2.38288e+06	18920
	2191	2.37147e+06	18899.1
	2192	2.36012e+06	18877.4
	2193	2.34884e+06	18855.1
	2194	2.33762e+06	18832.2
	2195	2.32648e+06	18808.6
	2196	2.3154e+06	18784.4
	2197	2.30439e+06	18759.6
	2198	2.29345e+06	18734.2
	2199	2.28258e+06	18708.2
	2200	2.27178e+06	18681.7
	2201	2.26104e+06	18654.6
	2202	2.25037e+06	18627
	2203	2.23978e+06	18598.9
	2204	2.22925e+06	18570.2
	2205	2.21878e+06	18541.1
	2206	2.20839e+06	18511.5
	2207	2.19807e+06	18481.4
	2208	2.18781e+06	18450.9
	2209	2.17763e+06	18420
	2210	2.16751e+06	18388.6
	2211	2.15746e+06	18356.8
	2212	2.14748e+06	18324.6
	2213	2.13757e+06	18292.1
	2214	2.12772e+06	18259.1
	2215	2.11795e+06	18225.8
	2216	2.10824e+06	18192.1
	2217	2.0986e+06	18158.1
	2218	2.08903e+06	18123.8
	2219	2.07952e+06	18089.2
	2220	2.07009e+06	18054.2
	2221	2.06072e+06	18019
	2222	2.05142e+06	17983.4
	2223	2.04219e+06	17947.6
	2224	2.03302e+06	17911.6
	2225	2.02392e+06	17875.2
	2226	2.01489e+06	17838.7
	2227	2.00593e+06	17801.9
	2228	1.99703e+06	17764.8
	2229	1.9882e+06	17727.6
	2230	1.97944e+06	17690.2
	2231	1.97074e+06	17652.5
	2232	1.96211e+06	17614.7
	2233	1.95354e+06	17576.7
	2234	1.94504e+06	17538.5
	2235	1.93661e+06	17500.2
	2236	1.92824e+06	17461.7
	2237	1.91994e+06	17423
	2238	1.91171e+06	17384.2
	2239	1.90354e+06	17345.3
	2240	1.89543e+06	17306.3
	2241	1.8874e+06	17267.2
	2242	1.87942e+06	17227.9
	2243	1.87151e+06	17188.5
	2244	1.86367e+06	17149.1
	2245	1.85589e+06	17109.6
	2246	1.84818e+06	17069.9
	2247	1.84053e+06	17030.3
	2248	1.83295e+06	16990.5
	2249	1.82543e+06	16950.7
	2250	1.81797e+06	16910.8
	2251	1.81058e+06	16870.9
	2252	1.80325e+06	16831
	2253	1.79599e+06	16791
	2254	1.78879e+06	16751
	2255	1.78166e+06	16710.9
	2256	1.77459e+06	16670.8
	2257	1.76759e+06	16630.8
	2258	1.76064e+06	16590.7
	2259	1.75377e+06	16550.6
	2260	1.74696e+06	16510.5
	2261	1.74021e+06	16470.4
	2262	1.73352e+06	16430.4
	2263	1.7269e+06	16390.3
	2264	1.72035e+06	16350.3
	2265	1.71386e+06	16310.3
	2266	1.70743e+06	16270.4
	2267	1.70107e+06	16230.5
	2268	1.69477e+06	16190.6
	2269	1.68854e+06	16150.7
	2270	1.68237e+06	16111
	2271	1.67627e+06	16071.2
	2272	1.67023e+06	16031.5
	2273	1.66426e+06	15991.9
	2274	1.65836e+06	15952.4
	2275	1.65252e+06	15912.9
	2276	1.64674e+06	15873.5
	2277	1.64103e+06	15834.2
	2278	1.63539e+06	15795
	2279	1.62981e+06	15755.8
	2280	1.62431e+06	15716.7
	2281	1.61886e+06	15677.8
	2282	1.61349e+06	15638.9
	2283	1.60819e+06	15600.1
	2284	1.60295e+06	15561.5
	2285	1.59778e+06	15522.9
	2286	1.59268e+06	15484.4
	2287	1.58765e+06	15446.1
	2288	1.58269e+06	15407.9
	2289	1.5778e+06	15369.8
	2290	1.57298e+06	15331.8
	2291	1.56823e+06	15293.9
	2292	1.56355e+06	15256.2
	2293	1.55895e+06	15218.6
	2294	1.55442e+06	15181.2
	2295	1.54996e+06	15143.9
	2296	1.54558e+06	15106.7
	2297	1.54127e+06	15069.7
	2298	1.53704e+06	15032.8
	2299	1.53288e+06	14996.1
	2300	1.5288e+06	14959.5
	2301	1.5248e+06	14923.1
	2302	1.52088e+06	14886.8
	2303	1.51704e+06	14850.7
	2304	1.51327e+06	14814.8
	2305	1.50959e+06	14779
	2306	1.50599e+06	14743.5
	2307	1.50248e+06	14708.1
	2308	1.49904e+06	14672.8
	2309	1.4957e+06	14637.8
	2310	1.49244e+06	14602.9
	2311	1.48926e+06	14568.2
	2312	1.48618e+06	14533.7
	2313	1.48318e+06	14499.5
	2314	1.48028e+06	14465.4
	2315	1.47747e+06	14431.5
	2316	1.47475e+06	14397.8
	2317	1.47213e+06	14364.3
	2318	1.4696e+06	14331
	2319	1.46717e+06	14297.9
	2320	1.46484e+06	14265.1
	2321	1.46261e+06	14232.5
	2322	1.46049e+06	14200
	2323	1.45847e+06	14167.9
	2324	1.45655e+06	14135.9
	2325	1.45474e+06	14104.2
	2326	1.45304e+06	14072.7
	2327	1.45145e+06	14041.5
	2328	1.44997e+06	14010.5
	2329	1.44861e+06	13979.7
	2330	1.44737e+06	13949.2
	2331	1.44624e+06	13918.9
	2332	1.44523e+06	13888.9
	2333	1.44435e+06	13859.2
	2334	1.44359e+06	13829.7
	2335	1.44296e+06	13800.6
	2336	1.44246e+06	13771.6
	2337	1.44209e+06	13743
	2338	1.44185e+06	13714.6
	2339	1.44175e+06	13686.5
	2340	1.44179e+06	13658.8
	2341	1.44197e+06	13631.3
	2342	1.44229e+06	13604.1
	2343	1.44276e+06	13577.2
	2344	1.44338e+06	13550.6
	2345	1.44415e+06	13524.4
	2346	1.44508e+06	13498.4
	2347	1.44616e+06	13472.8
	2348	1.4474e+06	13447.5
	2349	1.44881e+06	13422.6
	2350	1.45038e+06	13398
	2351	1.45211e+06	13373.7
	2352	1.45402e+06	13349.8
	2353	1.45611e+06	13326.2
	2354	1.45837e+06	13303
	2355	1.46081e+06	13280.2
	2356	1.46344e+06	13257.7
	2357	1.46625e+06	13235.7
	2358	1.46925e+06	13214
	2359	1.47245e+06	13192.7
	2360	1.47584e+06	13171.8
	2361	1.47943e+06	13151.3
	2362	1.48322e+06	13131.2
	2363	1.48721e+06	13111.5
	2364	1.49142e+06	13092.3
	2365	1.49583e+06	13073.5
	2366	1.50046e+06	13055.1
	2367	1.50531e+06	13037.2
	2368	1.51037e+06	13019.7
	2369	1.51566e+06	13002.7
	2370	1.52118e+06	12986.2
	2371	1.52692e+06	12970.1
	2372	1.53289e+06	12954.5
	2373	1.5391e+06	12939.4
	2374	1.54554e+06	12924.8
	2375	1.55223e+06	12910.8
	2376	1.55915e+06	12897.2
	2377	1.56632e+06	12884.2
	2378	1.57373e+06	12871.6
	2379	1.58139e+06	12859.7
	2380	1.5893e+06	12848.3
	2381	1.59746e+06	12837.4
	2382	1.60587e+06	12827.1
	2383	1.61453e+06	12817.4
	2384	1.62345e+06	12808.2
	2385	1.63263e+06	12799.7
	2386	1.64206e+06	12791.7
	2387	1.65175e+06	12784.4
	2388	1.6617e+06	12777.6
	2389	1.6719e+06	12771.5
	2390	1.68236e+06	12766.1
	2391	1.69308e+06	12761.2
	2392	1.70405e+06	12757.1
	2393	1.71528e+06	12753.6
	2394	1.72676e+06	12750.7
	2395	1.73849e+06	12748.6
	2396	1.75048e+06	12747.1
	2397	1.76271e+06	12746.3
	2398	1.77518e+06	12746.2
	2399	1.7879e+06	12746.9
	2400	1.80086e+06	12748.2
	2401	1.81405e+06	12750.3
	2402	1.82747e+06	12753.1
	2403	1.84112e+06	12756.7
	2404	1.855e+06	12761
	2405	1.86909e+06	12766
	2406	1.88339e+06	12771.9
	2407	1.89789e+06	12778.5
	2408	1.9126e+06	12785.9
	2409	1.9275e+06	12794
	2410	1.94258e+06	12803
	2411	1.95785e+06	12812.7
	2412	1.97328e+06	12823.3
	2413	1.98888e+06	12834.7
	2414	2.00463e+06	12846.8
	2415	2.02053e+06	12859.8
	2416	2.03657e+06	12873.6
	2417	2.05273e+06	12888.3
	2418	2.06901e+06	12903.7
	2419	2.0854e+06	12920
	2420	2.10189e+06	12937.1
	2421	2.11847e+06	12955.1
	2422	2.13512e+06	12973.9
	2423	2.15184e+06	12993.5
	2424	2.16862e+06	13014
	2425	2.18544e+06	13035.3
	2426	2.20229e+06	13057.4
	2427	2.21916e+06	13080.4
	2428	2.23605e+06	13104.2
	2429	2.25293e+06	13128.9
	2430	2.26979e+06	13154.3
	2431	2.28663e+06	13180.6
	2432	2.30343e+06	13207.8
	2433	2.32019e+06	13235.7
	2434	2.33688e+06	13264.5
	2435	2.35349e+06	13294
	2436	2.37003e+06	13324.4
	2437	2.38646e+06	13355.5
	2438	2.40279e+06	13387.5
	2439	2.419e+06	13420.2
	2440	2.43508e+06	13453.7
	2441	2.45101e+06	13488
	2442	2.4668e+06	13523
	2443	2.48242e+06	13558.7
	2444	2.49786e+06	13595.2
	2445	2.51313e+06	13632.4
	2446	2.5282e+06	13670.3
	2447	2.54307e+06	13708.9
	2448	2.55773e+06	13748.1
	2449	2.57216e+06	13788.1
	2450	2.58637e+06	13828.7
	2451	2.60034e+06	13869.9
	2452	2.61407e+06	13911.8
	2453	2.62754e+06	13954.2
	2454	2.64076e+06	13997.3
	2455	2.6537e+06	14040.9
	2456	2.66638e+06	14085.1
	2457	2.67878e+06	14129.8
	2458	2.6909e+06	14175
	2459	2.70272e+06	14220.8
	2460	2.71426e+06	14267
	2461	2.72549e+06	14313.7
	2462	2.73643e+06	14360.8
	2463	2.74706e+06	14408.4
	2464	2.75738e+06	14456.4
	2465	2.7674e+06	14504.7
	2466	2.7771e+06	14553.4
	2467	2.78648e+06	14602.5
	2468	2.79555e+06	14651.8
	2469	2.8043e+06	14701.5
	2470	2.81273e+06	14751.5
	2471	2.82084e+06	14801.7
	2472	2.82864e+06	14852.1
	2473	2.83611e+06	14902.8
	2474	2.84326e+06	14953.6
	2475	2.8501e+06	15004.6
	2476	2.85661e+06	15055.8
	2477	2.86282e+06	15107.1
	2478	2.8687e+06	15158.5
	2479	2.87427e+06	15209.9
	2480	2.87953e+06	15261.5
	2481	2.88448e+06	15313
	2482	2.88913e+06	15364.6
	2483	2.89347e+06	15416.1
	2484	2.89751e+06	15467.7
	2485	2.90125e+06	15519.1
	2486	2.90469e+06	15570.5
	2487	2.90784e+06	15621.8
	2488	2.9107e+06	15673
	2489	2.91328e+06	15724.1
	2490	2.91558e+06	15775
	2491	2.91759e+06	15825.7
	2492	2.91934e+06	15876.2
	2493	2.92081e+06	15926.5
	2494	2.92202e+06	15976.5
	2495	2.92296e+06	16026.3
	2496	2.92365e+06	16075.8
	2497	2.92409e+06	16125
	2498	2.92427e+06	16173.9
	2499	2.92422e+06	16222.5
	2500	2.92392e+06	16270.7
	2501	2.92339e+06	16318.5
	2502	2.92262e+06	16366
	2503	2.92163e+06	16413
	2504	2.92042e+06	16459.6
	2505	2.91899e+06	16505.8
	2506	2.91735e+06	16551.6
	2507	2.9155e+06	16596.8
	2508	2.91344e+06	16641.6
	2509	2.91119e+06	16685.9
	2510	2.90875e+06	16729.7
	2511	2.90611e+06	16772.9
	2512	2.90329e+06	16815.6
	2513	2.90028e+06	16857.8
	2514	2.8971e+06	16899.4
	2515	2.89375e+06	16940.4
	2516	2.89023e+06	16980.8
	2517	2.88655e+06	17020.6
	2518	2.88271e+06	17059.9
	2519	2.87872e+06	17098.5
	2520	2.87457e+06	17136.5
	2521	2.87028e+06	17173.8
	2522	2.86584e+06	17210.5
	2523	2.86127e+06	17246.5
	2524	2.85657e+06	17281.9
	2525	2.85173e+06	17316.6
	2526	2.84677e+06	17350.7
	2527	2.84169e+06	17384
	2528	2.83648e+06	17416.7
	2529	2.83117e+06	17448.6
	2530	2.82574e+06	17479.9
	2531	2.82021e+06	17510.5
	2532	2.81457e+06	17540.3
	2533	2.80883e+06	17569.5
	2534	2.803e+06	17597.9
	2535	2.79707e+06	17625.6
	2536	2.79106e+06	17652.6
	2537	2.78496e+06	17678.9
	2538	2.77877e+06	17704.4
	2539	2.77251e+06	17729.2
	2540	2.76617e+06	17753.3
	2541	2.75975e+06	17776.6
	2542	2.75327e+06	17799.2
	2543	2.74672e+06	17821.1
	2544	2.7401e+06	17842.2
	2545	2.73343e+06	17862.6
	2546	2.72669e+06	17882.3
	2547	2.7199e+06	17901.3
	2548	2.71306e+06	17919.5
	2549	2.70616e+06	17937
	2550	2.69922e+06	17953.8
	2551	2.69223e+06	17969.8
	2552	2.68521e+06	17985.1
	2553	2.67814e+06	17999.7
	2554	2.67103e+06	18013.6
	2555	2.66389e+06	18026.8
	2556	2.65671e+06	18039.3
	2557	2.64951e+06	18051.1
	2558	2.64227e+06	18062.2
	2559	2.63501e+06	18072.5
	2560	2.62773e+06	18082.2
	2561	2.62042e+06	18091.2
	2562	2.6131e+06	18099.6
	2563	2.60575e+06	18107.2
	2564	2.59839e+06	18114.2
	2565	2.59102e+06	18120.5
	2566	2.58364e+06	18126.2
	2567	2.57624e+06	18131.2
	2568	2.56884e+06	18135.5
	2569	2.56143e+06	18139.2
	2570	2.55401e+06	18142.3
	2571	2.54659e+06	18144.7
	2572	2.53917e+06	18146.6
	2573	2.53175e+06	18147.8
	2574	2.52434e+06	18148.4
	2575	2.51692e+06	18148.4
	2576	2.50951e+06	18147.8
	2577	2.50211e+06	18146.6
	2578	2.49471e+06	18144.9
	2579	2.48733e+06	18142.5
	2580	2.47995e+06	18139.6
	2581	2.47259e+06	18136.2
	2582	2.46524e+06	18132.2
	2583	2.4579e+06	18127.6
	2584	2.45058e+06	18122.5
	2585	2.44328e+06	18116.9
	2586	2.43599e+06	18110.8
	2587	2.42873e+06	18104.1
	2588	2.42148e+06	18097
	2589	2.41426e+06	18089.3
	2590	2.40706e+06	18081.2
	2591	2.39988e+06	18072.6
	2592	2.39273e+06	18063.5
	2593	2.38561e+06	18053.9
	2594	2.37851e+06	18043.9
	2595	2.37144e+06	18033.5
	2596	2.3644e+06	18022.6
	2597	2.3574e+06	18011.3
	2598	2.35042e+06	17999.5
	2599	2.34347e+06	17987.3
	2600	2.33656e+06	17974.8
	2601	2.32968e+06	17961.8
	2602	2.32283e+06	17948.4
	2603	2.31602e+06	17934.7
	2604	2.30925e+06	17920.5
	2605	2.30251e+06	17906
	2606	2.29582e+06	17891.2
	2607	2.28916e+06	17876
	2608	2.28254e+06	17860.4
	2609	2.27596e+06	17844.5
	2610	2.26942e+06	17828.3
	2611	2.26293e+06	17811.8
	2612	2.25647e+06	17794.9
	2613	2.25006e+06	17777.8
	2614	2.2437e+06	17760.3
	2615	2.23737e+06	17742.6
	2616	2.2311e+06	17724.5
	2617	2.22487e+06	17706.2
	2618	2.21868e+06	17687.7
	2619	2.21255e+06	17668.8
	2620	2.20646e+06	17649.7
	2621	2.20042e+06	17630.4
	2622	2.19443e+06	17610.8
	2623	2.18849e+06	17591
	2624	2.1826e+06	17571
	2625	2.17676e+06	17550.8
	2626	2.17097e+06	17530.3
	2627	2.16524e+06	17509.7
	2628	2.15955e+06	17488.8
	2629	2.15392e+06	17467.8
	2630	2.14835e+06	17446.6
	2631	2.14283e+06	17425.2
	2632	2.13736e+06	17403.6
	2633	2.13195e+06	17381.9
	2634	2.1266e+06	17360
	2635	2.1213e+06	17338
	2636	2.11606e+06	17315.8
	2637	2.11088e+06	17293.5
	2638	2.10575e+06	17271.1
	2639	2.10069e+06	17248.5
	2640	2.09568e+06	17225.9
	2641	2.09074e+06	17203.1
	2642	2.08585e+06	17180.2
	2643	2.08103e+06	17157.2
	2644	2.07627e+06	17134.2
	2645	2.07157e+06	17111
	2646	2.06693e+06	17087.8
	2647	2.06235e+06	17064.5
	2648	2.05784e+06	17041.1
	2649	2.0534e+06	17017.7
	2650	2.04901e+06	16994.2
	2651	2.0447e+06	16970.7
	2652	2.04045e+06	16947.1
	2653	2.03626e+06	16923.5
	2654	2.03214e+06	16899.8
	2655	2.02809e+06	16876.1
	2656	2.02411e+06	16852.4
	2657	2.0202e+06	16828.7
	2658	2.01635e+06	16805
	2659	2.01258e+06	16781.3
	2660	2.00887e+06	16757.5
	2661	2.00524e+06	16733.8
	2662	2.00167e+06	16710.1
	2663	1.99818e+06	16686.4
	2664	1.99476e+06	16662.7
	2665	1.99141e+06	16639.1
	2666	1.98814e+06	16615.5
	2667	1.98494e+06	16591.9
	2668	1.98181e+06	16568.4
	2669	1.97876e+06	16544.9
	2670	1.97578e+06	16521.4
	2671	1.97288e+06	16498
	2672	1.97006e+06	16474.7
	2673	1.96732e+06	16451.5
	2674	1.96465e+06	16428.3
	2675	1.96206e+06	16405.2
	2676	1.95955e+06	16382.1
	2677	1.95711e+06	16359.2
	2678	1.95476e+06	16336.3
	2679	1.95249e+06	16313.6
	2680	1.9503e+06	16290.9
	2681	1.94819e+06	16268.3
	2682	1.94616e+06	16245.9
	2683	1.94422e+06	16223.5
	2684	1.94236e+06	16201.3
	2685	1.94058e+06	16179.2
	2686	1.93889e+06	16157.2
	2687	1.93728e+06	16135.4
	2688	1.93575e+06	16113.7
	2689	1.93432e+06	16092.1
	2690	1.93297e+06	16070.7
	2691	1.9317e+06	16049.4
	2692	1.93053e+06	16028.2
	2693	1.92944e+06	16007.3
	2694	1.92844e+06	15986.4
	2695	1.92753e+06	15965.8
	2696	1.92671e+06	15945.3
	2697	1.92598e+06	15925
	2698	1.92534e+06	15904.8
	2699	1.92479e+06	15884.9
	2700	1.92434e+06	15865.1
	2701	1.92397e+06	15845.5
	2702	1.9237e+06	15826.1
	2703	1.92352e+06	15806.9
	2704	1.92344e+06	15787.9
	2705	1.92345e+06	15769.1
	2706	1.92355e+06	15750.5
	2707	1.92375e+06	15732.2
	2708	1.92404e+06	15714
	2709	1.92443e+06	15696.1
	2710	1.92491e+06	15678.3
	2711	1.92549e+06	15660.8
	2712	1.92617e+06	15643.6
	2713	1.92694e+06	15626.6
	2714	1.92781e+06	15609.8
	2715	1.92878e+06	15593.2
	2716	1.92984e+06	15576.9
	2717	1.93101e+06	15560.9
	2718	1.93227e+06	15545.1
	2719	1.93363e+06	15529.6
	2720	1.93509e+06	15514.3
	2721	1.93664e+06	15499.3
	2722	1.9383e+06	15484.5
	2723	1.94005e+06	15470
	2724	1.9419e+06	15455.8
	2725	1.94385e+06	15441.9
	2726	1.9459e+06	15428.3
	2727	1.94805e+06	15414.9
	2728	1.9503e+06	15401.8
	2729	1.95264e+06	15389.1
	2730	1.95508e+06	15376.6
	2731	1.95762e+06	15364.4
	2732	1.96026e+06	15352.5
	2733	1.963e+06	15340.9
	2734	1.96583e+06	15329.6
	2735	1.96876e+06	15318.7
	2736	1.97178e+06	15308
	2737	1.9749e+06	15297.7
	2738	1.97812e+06	15287.6
	2739	1.98143e+06	15277.9
	2740	1.98484e+06	15268.6
	2741	1.98833e+06	15259.5
	2742	1.99193e+06	15250.8
	2743	1.99561e+06	15242.4
	2744	1.99938e+06	15234.3
	2745	2.00325e+06	15226.6
	2746	2.0072e+06	15219.2
	2747	2.01125e+06	15212.2
	2748	2.01538e+06	15205.5
	2749	2.0196e+06	15199.2
	2750	2.0239e+06	15193.2
	2751	2.02829e+06	15187.5
	2752	2.03276e+06	15182.2
	2753	2.03731e+06	15177.3
	2754	2.04194e+06	15172.7
	2755	2.04665e+06	15168.4
	2756	2.05144e+06	15164.6
	2757	2.05631e+06	15161.1
	2758	2.06125e+06	15157.9
	2759	2.06626e+06	15155.1
	2760	2.07135e+06	15152.7
	2761	2.0765e+06	15150.7
	2762	2.08172e+06	15149
	2763	2.08701e+06	15147.7
	2764	2.09236e+06	15146.7
	2765	2.09778e+06	15146.1
	2766	2.10325e+06	15145.9
	2767	2.10879e+06	15146.1
	2768	2.11438e+06	15146.6
	2769	2.12002e+06	15147.5
	2770	2.12572e+06	15148.8
	2771	2.13147e+06	15150.5
	2772	2.13726e+06	15152.5
	2773	2.1431e+06	15154.9
	2774	2.14898e+06	15157.6
	2775	2.1549e+06	15160.8
	2776	2.16086e+06	15164.3
	2777	2.16686e+06	15168.1
	2778	2.17289e+06	15172.4
	2779	2.17895e+06	15177
	2780	2.18503e+06	15182
	2781	2.19115e+06	15187.3
	2782	2.19728e+06	15193
	2783	2.20344e+06	15199.1
	2784	2.20961e+06	15205.5
	2785	2.2158e+06	15212.3
	2786	2.222e+06	15219.4
	2787	2.22821e+06	15226.9
	2788	2.23443e+06	15234.8
	2789	2.24065e+06	15243
	2790	2.24687e+06	15251.5
	2791	2.25309e+06	15260.4
	2792	2.25931e+06	15269.6
	2793	2.26552e+06	15279.2
	2794	2.27172e+06	15289.1
	2795	2.2779e+06	15299.3
	2796	2.28407e+06	15309.9
	2797	2.29023e+06	15320.8
	2798	2.29636e+06	15332
	2799	2.30247e+06	15343.5
	2800	2.30855e+06	15355.4
	2801	2.3146e+06	15367.5
	2802	2.32062e+06	15380
	2803	2.32661e+06	15392.8
	2804	2.33256e+06	15405.8
	2805	2.33847e+06	15419.2
	2806	2.34434e+06	15432.8
	2807	2.35016e+06	15446.7
	2808	2.35594e+06	15460.9
	2809	2.36166e+06	15475.4
	2810	2.36734e+06	15490.1
	2811	2.37296e+06	15505.1
	2812	2.37852e+06	15520.4
	2813	2.38403e+06	15535.9
	2814	2.38947e+06	15551.6
	2815	2.39485e+06	15567.6
	2816	2.40017e+06	15583.8
	2817	2.40541e+06	15600.3
	2818	2.41059e+06	15616.9
	2819	2.4157e+06	15633.8
	2820	2.42073e+06	15650.9
	2821	2.42569e+06	15668.1
	2822	2.43057e+06	15685.6
	2823	2.43537e+06	15703.3
	2824	2.44009e+06	15721.1
	2825	2.44473e+06	15739.1
	2826	2.44928e+06	15757.3
	2827	2.45375e+06	15775.7
	2828	2.45814e+06	15794.2
	2829	2.46243e+06	15812.8
	2830	2.46664e+06	15831.6
	2831	2.47075e+06	15850.5
	2832	2.47477e+06	15869.5
	2833	2.47871e+06	15888.7
	2834	2.48254e+06	15907.9
	2835	2.48628e+06	15927.3
	2836	2.48993e+06	15946.7
	2837	2.49348e+06	15966.3
	2838	2.49693e+06	15985.9
	2839	2.50029e+06	16005.6
	2840	2.50354e+06	16025.3
	2841	2.5067e+06	16045.1
	2842	2.50976e+06	16065
	2843	2.51272e+06	16084.9
	2844	2.51557e+06	16104.9
	2845	2.51833e+06	16124.8
	2846	2.52098e+06	16144.8
	2847	2.52353e+06	16164.8
	2848	2.52598e+06	16184.8
	2849	2.52833e+06	16204.8
	2850	2.53058e+06	16224.8
	2851	2.53273e+06	16244.8
	2852	2.53477e+06	16264.7
	2853	2.53672e+06	16284.6
	2854	2.53856e+06	16304.5
	2855	2.5403e+06	16324.4
	2856	2.54194e+06	16344.1
	2857	2.54348e+06	16363.9
	2858	2.54491e+06	16383.5
	2859	2.54625e+06	16403.1
	2860	2.54749e+06	16422.6
	2861	2.54863e+06	16442
	2862	2.54968e+06	16461.3
	2863	2.55062e+06	16480.5
	2864	2.55147e+06	16499.7
	2865	2.55222e+06	16518.7
	2866	2.55288e+06	16537.5
	2867	2.55344e+06	16556.3
	2868	2.55391e+06	16574.9
	2869	2.55428e+06	16593.4
	2870	2.55456e+06	16611.7
	2871	2.55475e+06	16629.9
	2872	2.55485e+06	16647.9
	2873	2.55486e+06	16665.8
	2874	2.55478e+06	16683.5
	2875	2.55461e+06	16701.1
	2876	2.55435e+06	16718.4
	2877	2.55401e+06	16735.6
	2878	2.55359e+06	16752.6
	2879	2.55308e+06	16769.4
	2880	2.55249e+06	16786
	2881	2.55181e+06	16802.3
	2882	2.55106e+06	16818.5
	2883	2.55022e+06	16834.5
	2884	2.54931e+06	16850.3
	2885	2.54832e+06	16865.8
	2886	2.54726e+06	16881.1
	2887	2.54612e+06	16896.2
	2888	2.54491e+06	16911.1
	2889	2.54362e+06	16925.7
	2890	2.54227e+06	16940.1
	2891	2.54084e+06	16954.2
	2892	2.53935e+06	16968.1
	2893	2.53779e+06	16981.8
	2894	2.53616e+06	16995.2
	2895	2.53447e+06	17008.3
	2896	2.53271e+06	17021.2
	2897	2.53089e+06	17033.8
	2898	2.52901e+06	17046.2
	2899	2.52708e+06	17058.3
	2900	2.52508e+06	17070.1
	2901	2.52302e+06	17081.7
	2902	2.52091e+06	17093
	2903	2.51875e+06	17104
	2904	2.51653e+06	17114.8
	2905	2.51426e+06	17125.3
	2906	2.51194e+06	17135.4
	2907	2.50957e+06	17145.4
	2908	2.50715e+06	17155
	2909	2.50469e+06	17164.3
	2910	2.50218e+06	17173.4
	2911	2.49962e+06	17182.2
	2912	2.49702e+06	17190.7
	2913	2.49438e+06	17198.9
	2914	2.4917e+06	17206.9
	2915	2.48898e+06	17214.5
	2916	2.48622e+06	17221.9
	2917	2.48342e+06	17228.9
	2918	2.48059e+06	17235.7
	2919	2.47772e+06	17242.2
	2920	2.47482e+06	17248.4
	2921	2.47189e+06	17254.4
	2922	2.46892e+06	17260
	2923	2.46593e+06	17265.4
	2924	2.4629e+06	17270.4
	2925	2.45985e+06	17275.2
	2926	2.45678e+06	17279.7
	2927	2.45367e+06	17284
	2928	2.45055e+06	17287.9
	2929	2.4474e+06	17291.6
	2930	2.44422e+06	17294.9
	2931	2.44103e+06	17298
	2932	2.43782e+06	17300.9
	2933	2.43459e+06	17303.4
	2934	2.43134e+06	17305.7
	2935	2.42807e+06	17307.7
	2936	2.42479e+06	17309.4
	2937	2.42149e+06	17310.9
	2938	2.41818e+06	17312.1
	2939	2.41486e+06	17313
	2940	2.41153e+06	17313.6
	2941	2.40818e+06	17314
	2942	2.40483e+06	17314.2
	2943	2.40147e+06	17314
	2944	2.3981e+06	17313.7
	2945	2.39472e+06	17313
	2946	2.39134e+06	17312.1
	2947	2.38795e+06	17311
	2948	2.38456e+06	17309.6
	2949	2.38117e+06	17308
	2950	2.37777e+06	17306.1
	2951	2.37437e+06	17304
	2952	2.37098e+06	17301.7
	2953	2.36758e+06	17299.1
	2954	2.36418e+06	17296.3
	2955	2.36079e+06	17293.3
	2956	2.3574e+06	17290
	2957	2.35402e+06	17286.5
	2958	2.35064e+06	17282.8
	2959	2.34726e+06	17278.8
	2960	2.34389e+06	17274.7
	2961	2.34053e+06	17270.3
	2962	2.33718e+06	17265.8
	2963	2.33383e+06	17261
	2964	2.3305e+06	17256
	2965	2.32717e+06	17250.9
	2966	2.32386e+06	17245.5
	2967	2.32056e+06	17239.9
	2968	2.31727e+06	17234.2
	2969	2.31399e+06	17228.2
	2970	2.31073e+06	17222.1
	2971	2.30748e+06	17215.8
	2972	2.30425e+06	17209.3
	2973	2.30104e+06	17202.7
	2974	2.29784e+06	17195.8
	2975	2.29466e+06	17188.8
	2976	2.29149e+06	17181.7
	2977	2.28835e+06	17174.3
	2978	2.28522e+06	17166.9
	2979	2.28211e+06	17159.2
	2980	2.27903e+06	17151.4
	2981	2.27597e+06	17143.5
	2982	2.27292e+06	17135.4
	2983	2.2699e+06	17127.2
	2984	2.26691e+06	17118.9
	2985	2.26393e+06	17110.4
	2986	2.26098e+06	17101.7
	2987	2.25806e+06	17093
	2988	2.25516e+06	17084.1
	2989	2.25229e+06	17075.1
	2990	2.24944e+06	17066
	2991	2.24662e+06	17056.8
	2992	2.24383e+06	17047.5
	2993	2.24106e+06	17038
	2994	2.23832e+06	17028.5
	2995	2.23562e+06	17018.8
	2996	2.23294e+06	17009.1
	2997	2.23029e+06	16999.3
	2998	2.22767e+06	16989.4
	2999	2.22509e+06	16979.4
	3000	2.22253e+06	16969.3
	3001	2.22001e+06	16959.1
	3002	2.21752e+06	16948.8
	3003	2.21506e+06	16938.5
	3004	2.21263e+06	16928.1
	3005	2.21024e+06	16917.7
	3006	2.20788e+06	16907.2
	3007	2.20556e+06	16896.6
	3008	2.20327e+06	16886
	3009	2.20102e+06	16875.3
	3010	2.1988e+06	16864.6
	3011	2.19662e+06	16853.8
	3012	2.19448e+06	16843
	3013	2.19237e+06	16832.1
	3014	2.1903e+06	16821.2
	3015	2.18827e+06	16810.3
	3016	2.18627e+06	16799.3
	3017	2.18432e+06	16788.3
	3018	2.1824e+06	16777.3
	3019	2.18052e+06	16766.3
	3020	2.17868e+06	16755.2
	3021	2.17688e+06	16744.2
	3022	2.17512e+06	16733.1
	3023	2.1734e+06	16722
	3024	2.17172e+06	16711
	3025	2.17009e+06	16699.9
	3026	2.16849e+06	16688.8
	3027	2.16693e+06	16677.7
	3028	2.16542e+06	16666.6
	3029	2.16395e+06	16655.6
	3030	2.16252e+06	16644.5
	3031	2.16113e+06	16633.5
	3032	2.15979e+06	16622.5
	3033	2.15849e+06	16611.5
	3034	2.15723e+06	16600.5
	3035	2.15602e+06	16589.6
	3036	2.15485e+06	16578.7
	3037	2.15372e+06	16567.8
	3038	2.15264e+06	16557
	3039	2.1516e+06	16546.2
	3040	2.15061e+06	16535.5
	3041	2.14966e+06	16524.7
	3042	2.14875e+06	16514.1
	3043	2.14789e+06	16503.5
	3044	2.14708e+06	16492.9
	3045	2.14631e+06	16482.4
	3046	2.14559e+06	16472
	3047	2.14491e+06	16461.6
	3048	2.14427e+06	16451.3
	3049	2.14369e+06	16441
	3050	2.14314e+06	16430.9
	3051	2.14265e+06	16420.8
	3052	2.1422e+06	16410.7
	3053	2.14179e+06	16400.8
	3054	2.14144e+06	16390.9
	3055	2.14112e+06	16381.1
	3056	2.14086e+06	16371.4
	3057	2.14064e+06	16361.7
	3058	2.14046e+06	16352.2
	3059	2.14033e+06	16342.7
	3060	2.14025e+06	16333.4
	3061	2.14022e+06	16324.1
	3062	2.14023e+06	16315
	3063	2.14028e+06	16305.9
	3064	2.14038e+06	16296.9
	3065	2.14053e+06	16288.1
	3066	2.14072e+06	16279.3
	3067	2.14096e+06	16270.7
	3068	2.14125e+06	16262.1
	3069	2.14157e+06	16253.7
	3070	2.14195e+06	16245.4
	3071	2.14237e+06	16237.2
	3072	2.14283e+06	16229.1
	3073	2.14334e+06	16221.1
	3074	2.1439e+06	16213.3
	3075	2.1445e+06	16205.6
	3076	2.14514e+06	16198
	3077	2.14582e+06	16190.5
	3078	2.14655e+06	16183.2
	3079	2.14733e+06	16176
	3080	2.14814e+06	16168.9
	3081	2.149e+06	16162
	3082	2.14991e+06	16155.2
	3083	2.15085e+06	16148.5
	3084	2.15184e+06	16141.9
	3085	2.15287e+06	16135.6
	3086	2.15393e+06	16129.3
	3087	2.15505e+06	16123.2
	3088	2.1562e+06	16117.2
	3089	2.15739e+06	16111.4
	3090	2.15862e+06	16105.7
	3091	2.15989e+06	16100.2
	3092	2.1612e+06	16094.8
	3093	2.16255e+06	16089.6
	3094	2.16393e+06	16084.5
	3095	2.16536e+06	16079.6
	3096	2.16682e+06	16074.8
	3097	2.16832e+06	16070.2
	3098	2.16985e+06	16065.7
	3099	2.17142e+06	16061.4
	3100	2.17302e+06	16057.2
	3101	2.17466e+06	16053.2
	3102	2.17633e+06	16049.4
	3103	2.17804e+06	16045.7
	3104	2.17978e+06	16042.2
	3105	2.18155e+06	16038.8
	3106	2.18335e+06	16035.6
	3107	2.18519e+06	16032.6
	3108	2.18705e+06	16029.7
	3109	2.18895e+06	16027
	3110	2.19087e+06	16024.4
	3111	2.19282e+06	16022
	3112	2.1948e+06	16019.8
	3113	2.1968e+06	16017.7
	3114	2.19884e+06	16015.8
	3115	2.20089e+06	16014.1
	3116	2.20298e+06	16012.5
	3117	2.20508e+06	16011.1
	3118	2.20721e+06	16009.8
	3119	2.20936e+06	16008.8
	3120	2.21154e+06	16007.8
	3121	2.21373e+06	16007.1
	3122	2.21595e+06	16006.5
	3123	2.21818e+06	16006.1
	3124	2.22044e+06	16005.8
	3125	2.22271e+06	16005.7
	3126	2.225e+06	16005.8
	3127	2.2273e+06	16006
	3128	2.22962e+06	16006.4
	3129	2.23195e+06	16006.9
	3130	2.2343e+06	16007.6
	3131	2.23666e+06	16008.5
	3132	2.23903e+06	16009.5
	3133	2.24142e+06	16010.7
	3134	2.24381e+06	16012
	3135	2.24621e+06	16013.5
	3136	2.24862e+06	16015.2
	3137	2.25104e+06	16017
	3138	2.25347e+06	16018.9
	3139	2.2559e+06	16021
	3140	2.25833e+06	16023.3
	3141	2.26077e+06	16025.7
	3142	2.26322e+06	16028.3
	3143	2.26566e+06	16031
	3144	2.26811e+06	16033.9
	3145	2.27056e+06	16036.9
	3146	2.273e+06	16040
	3147	2.27545e+06	16043.3
	3148	2.27789e+06	16046.8
	3149	2.28033e+06	16050.3
	3150	2.28277e+06	16054.1
	3151	2.2852e+06	16057.9
	3152	2.28763e+06	16061.9
	3153	2.29004e+06	16066
	3154	2.29246e+06	16070.3
	3155	2.29486e+06	16074.7
	3156	2.29725e+06	16079.2
	3157	2.29964e+06	16083.8
	3158	2.30201e+06	16088.6
	3159	2.30437e+06	16093.5
	3160	2.30672e+06	16098.5
	3161	2.30906e+06	16103.6
	3162	2.31138e+06	16108.8
	3163	2.31369e+06	16114.2
	3164	2.31598e+06	16119.7
	3165	2.31826e+06	16125.2
	3166	2.32051e+06	16130.9
	3167	2.32275e+06	16136.7
	3168	2.32498e+06	16142.6
	3169	2.32718e+06	16148.6
	3170	2.32936e+06	16154.7
	3171	2.33152e+06	16160.9
	3172	2.33366e+06	16167.2
	3173	2.33578e+06	16173.6
	3174	2.33787e+06	16180.1
	3175	2.33994e+06	16186.6
	3176	2.34199e+06	16193.3
	3177	2.34401e+06	16200
	3178	2.34601e+06	16206.8
	3179	2.34797e+06	16213.7
	3180	2.34992e+06	16220.7
	3181	2.35183e+06	16227.7
	3182	2.35372e+06	16234.8
	3183	2.35558e+06	16242
	3184	2.35741e+06	16249.2
	3185	2.35921e+06	16256.5
	3186	2.36099e+06	16263.8
	3187	2.36273e+06	16271.3
	3188	2.36444e+06	16278.7
	3189	2.36612e+06	16286.2
	3190	2.36776e+06	16293.8
	3191	2.36938e+06	16301.4
	3192	2.37096e+06	16309.1
	3193	2.37251e+06	16316.7
	3194	2.37403e+06	16324.5
	3195	2.37551e+06	16332.2
	3196	2.37696e+06	16340
	3197	2.37837e+06	16347.8
	3198	2.37975e+06	16355.7
	3199	2.3811e+06	16363.6
	3200	2.38241e+06	16371.5
	3201	2.38368e+06	16379.4
	3202	2.38492e+06	16387.3
	3203	2.38612e+06	16395.2
	3204	2.38729e+06	16403.2
	3205	2.38842e+06	16411.1
	3206	2.38951e+06	16419.1
	3207	2.39057e+06	16427
	3208	2.39159e+06	16435
	3209	2.39257e+06	16443
	3210	2.39352e+06	16450.9
	3211	2.39443e+06	16458.9
	3212	2.3953e+06	16466.8
	3213	2.39613e+06	16474.7
	3214	2.39693e+06	16482.6
	3215	2.39769e+06	16490.5
	3216	2.39841e+06	16498.3
	3217	2.3991e+06	16506.2
	3218	2.39975e+06	16514
	3219	2.40036e+06	16521.7
	3220	2.40093e+06	16529.5
	3221	2.40147e+06	16537.2
	3222	2.40197e+06	16544.9
	3223	2.40243e+06	16552.5
	3224	2.40285e+06	16560.1
	3225	2.40324e+06	16567.6
	3226	2.4036e+06	16575.1
	3227	2.40391e+06	16582.6
	3228	2.40419e+06	16590
	3229	2.40443e+06	16597.3
	3230	2.40464e+06	16604.6
	3231	2.40481e+06	16611.9
	3232	2.40495e+06	16619
	3233	2.40505e+06	16626.2
	3234	2.40511e+06	16633.2
	3235	2.40514e+06	16640.2
	3236	2.40514e+06	16647.1
	3237	2.4051e+06	16654
	3238	2.40502e+06	16660.7
	3239	2.40492e+06	16667.4
	3240	2.40477e+06	16674.1
	3241	2.4046e+06	16680.6
	3242	2.40439e+06	16687.1
	3243	2.40415e+06	16693.5
	3244	2.40388e+06	16699.8
	3245	2.40358e+06	16706
	3246	2.40324e+06	16712.2
	3247	2.40287e+06	16718.2
	3248	2.40247e+06	16724.2
	3249	2.40204e+06	16730.1
	3250	2.40158e+06	16735.8
	3251	2.40109e+06	16741.5
	3252	2.40057e+06	16747.1
	3253	2.40002e+06	16752.6
	3254	2.39945e+06	16758
	3255	2.39884e+06	16763.4
	3256	2.39821e+06	16768.6
	3257	2.39755e+06	16773.7
	3258	2.39686e+06	16778.7
	3259	2.39614e+06	16783.6
	3260	2.3954e+06	16788.4
	3261	2.39463e+06	16793.1
	3262	2.39384e+06	16797.7
	3263	2.39302e+06	16802.2
	3264	2.39218e+06	16806.6
	3265	2.39131e+06	16810.8
	3266	2.39042e+06	16815
	3267	2.38951e+06	16819.1
	3268	2.38857e+06	16823
	3269	2.38762e+06	16826.8
	3270	2.38664e+06	16830.6
	3271	2.38564e+06	16834.2
	3272	2.38461e+06	16837.7
	3273	2.38357e+06	16841.1
	3274	2.38251e+06	16844.3
	3275	2.38143e+06	16847.5
	3276	2.38032e+06	16850.6
	3277	2.3792e+06	16853.5
	3278	2.37807e+06	16856.3
	3279	2.37691e+06	16859
	3280	2.37574e+06	16861.6
	3281	2.37455e+06	16864.1
	3282	2.37335e+06	16866.5
	3283	2.37213e+06	16868.7
	3284	2.37089e+06	16870.8
	3285	2.36964e+06	16872.9
	3286	2.36837e+06	16874.8
	3287	2.3671e+06	16876.6
	3288	2.36581e+06	16878.2
	3289	2.3645e+06	16879.8
	3290	2.36318e+06	16881.3
	3291	2.36186e+06	16882.6
	3292	2.36052e+06	16883.8
	3293	2.35917e+06	16884.9
	3294	2.35781e+06	16885.9
	3295	2.35643e+06	16886.8
	3296	2.35505e+06	16887.6
	3297	2.35367e+06	16888.2
	3298	2.35227e+06	16888.8
	3299	2.35086e+06	16889.2
	3300	2.34945e+06	16889.6
	3301	2.34803e+06	16889.8
	3302	2.3466e+06	16889.9
	3303	2.34517e+06	16889.9
	3304	2.34373e+06	16889.8
	3305	2.34229e+06	16889.6
	3306	2.34084e+06	16889.3
	3307	2.33939e+06	16888.9
	3308	2.33793e+06	16888.3
	3309	2.33647e+06	16887.7
	3310	2.33501e+06	16887
	3311	2.33354e+06	16886.1
	3312	2.33207e+06	16885.2
	3313	2.3306e+06	16884.2
	3314	2.32913e+06	16883
	3315	2.32766e+06	16881.8
	3316	2.32619e+06	16880.5
	3317	2.32472e+06	16879.1
	3318	2.32325e+06	16877.6
	3319	2.32178e+06	16875.9
	3320	2.32031e+06	16874.2
	3321	2.31884e+06	16872.4
	3322	2.31737e+06	16870.6
	3323	2.31591e+06	16868.6
	3324	2.31445e+06	16866.5
	3325	2.31299e+06	16864.4
	3326	2.31154e+06	16862.1
	3327	2.31009e+06	16859.8
	3328	2.30865e+06	16857.4
	3329	2.30721e+06	16854.9
	3330	2.30578e+06	16852.3
	3331	2.30435e+06	16849.7
	3332	2.30292e+06	16847
	3333	2.30151e+06	16844.2
	3334	2.3001e+06	16841.3
	3335	2.2987e+06	16838.3
	3336	2.2973e+06	16835.3
	3337	2.29591e+06	16832.2
	3338	2.29454e+06	16829
	3339	2.29317e+06	16825.8
	3340	2.2918e+06	16822.5
	3341	2.29045e+06	16819.1
	3342	2.28911e+06	16815.7
	3343	2.28778e+06	16812.2
	3344	2.28645e+06	16808.6
	3345	2.28514e+06	16805
	3346	2.28384e+06	16801.3
	3347	2.28255e+06	16797.6
	3348	2.28127e+06	16793.8
	3349	2.28e+06	16789.9
	3350	2.27875e+06	16786
	3351	2.2775e+06	16782.1
	3352	2.27627e+06	16778.1
	3353	2.27505e+06	16774
	3354	2.27385e+06	16769.9
	3355	2.27266e+06	16765.8
	3356	2.27148e+06	16761.6
	3357	2.27031e+06	16757.4
	3358	2.26917e+06	16753.1
	3359	2.26803e+06	16748.8
	3360	2.26691e+06	16744.4
	3361	2.2658e+06	16740
	3362	2.26471e+06	16735.6
	3363	2.26364e+06	16731.2
	3364	2.26258e+06	16726.7
	3365	2.26153e+06	16722.2
	3366	2.26051e+06	16717.6
	3367	2.2595e+06	16713
	3368	2.2585e+06	16708.4
	3369	2.25752e+06	16703.8
	3370	2.25656e+06	16699.2
	3371	2.25562e+06	16694.5
	3372	2.25469e+06	16689.8
	3373	2.25378e+06	16685.1
	3374	2.25289e+06	16680.4
	3375	2.25202e+06	16675.6
	3376	2.25116e+06	16670.9
	3377	2.25032e+06	16666.1
	3378	2.2495e+06	16661.3
	3379	2.2487e+06	16656.6
	3380	2.24792e+06	16651.8
	3381	2.24716e+06	16647
	3382	2.24641e+06	16642.2
	3383	2.24569e+06	16637.3
	3384	2.24498e+06	16632.5
	3385	2.2443e+06	16627.7
	3386	2.24363e+06	16622.9
	3387	2.24298e+06	16618.1
	3388	2.24235e+06	16613.3
	3389	2.24174e+06	16608.5
	3390	2.24116e+06	16603.7
	3391	2.24059e+06	16598.9
	3392	2.24004e+06	16594.1
	3393	2.23951e+06	16589.4
	3394	2.239e+06	16584.6
	3395	2.23851e+06	16579.9
	3396	2.23805e+06	16575.2
	3397	2.2376e+06	16570.4
	3398	2.23717e+06	16565.7
	3399	2.23677e+06	16561.1
	3400	2.23638e+06	16556.4
	3401	2.23602e+06	16551.8
	3402	2.23567e+06	16547.2
	3403	2.23535e+06	16542.6
	3404	2.23505e+06	16538
	3405	2.23476e+06	16533.5
	3406	2.2345e+06	16529
	3407	2.23426e+06	16524.5
	3408	2.23404e+06	16520
	3409	2.23384e+06	16515.6
	3410	2.23366e+06	16511.2
	3411	2.2335e+06	16506.9
	3412	2.23336e+06	16502.6
	3413	2.23325e+06	16498.3
	3414	2.23315e+06	16494
	3415	2.23308e+06	16489.8
	3416	2.23302e+06	16485.7
	3417	2.23298e+06	16481.5
	3418	2.23297e+06	16477.4
	3419	2.23298e+06	16473.4
	3420	2.233e+06	16469.4
	3421	2.23305e+06	16465.4
	3422	2.23311e+06	16461.5
	3423	2.2332e+06	16457.6
	3424	2.23331e+06	16453.8
	3425	2.23343e+06	16450
	3426	2.23358e+06	16446.3
	3427	2.23374e+06	16442.6
	3428	2.23393e+06	16439
	3429	2.23413e+06	16435.4
	3430	2.23435e+06	16431.9
	3431	2.2346e+06	16428.4
	3432	2.23486e+06	16425
	3433	2.23514e+06	16421.7
	3434	2.23544e+06	16418.4
	3435	2.23576e+06	16415.1
	3436	2.23609e+06	16411.9
	3437	2.23645e+06	16408.8
	3438	2.23682e+06	16405.7
	3439	2.23721e+06	16402.7
	3440	2.23762e+06	16399.8
	3441	2.23804e+06	16396.9
	3442	2.23848e+06	16394
	3443	2.23894e+06	16391.3
	3444	2.23942e+06	16388.5
	3445	2.23991e+06	16385.9
	3446	2.24042e+06	16383.3
	3447	2.24095e+06	16380.8
	3448	2.24149e+06	16378.3
	3449	2.24205e+06	16376
	3450	2.24263e+06	16373.6
	3451	2.24322e+06	16371.4
	3452	2.24382e+06	16369.2
	3453	2.24444e+06	16367.1
	3454	2.24508e+06	16365
	3455	2.24572e+06	16363
	3456	2.24639e+06	16361.1
	3457	2.24707e+06	16359.2
	3458	2.24776e+06	16357.4
	3459	2.24846e+06	16355.7
	3460	2.24918e+06	16354.1
	3461	2.24991e+06	16352.5
	3462	2.25065e+06	16351
	3463	2.25141e+06	16349.5
	3464	2.25218e+06	16348.2
	3465	2.25296e+06	16346.9
	3466	2.25375e+06	16345.6
	3467	2.25455e+06	16344.5
	3468	2.25536e+06	16343.4
	3469	2.25619e+06	16342.4
	3470	2.25702e+06	16341.4
	3471	2.25786e+06	16340.5
	3472	2.25872e+06	16339.7
	3473	2.25958e+06	16339
	3474	2.26045e+06	16338.3
	3475	2.26133e+06	16337.7
	3476	2.26222e+06	16337.2
	3477	2.26312e+06	16336.7
	3478	2.26403e+06	16336.3
	3479	2.26494e+06	16336
	3480	2.26586e+06	16335.7
	3481	2.26679e+06	16335.6
	3482	2.26772e+06	16335.4
	3483	2.26866e+06	16335.4
	3484	2.26961e+06	16335.4
	3485	2.27056e+06	16335.5
	3486	2.27151e+06	16335.7
	3487	2.27248e+06	16335.9
	3488	2.27344e+06	16336.2
	3489	2.27441e+06	16336.6
	3490	2.27539e+06	16337
	3491	2.27636e+06	16337.5
	3492	2.27734e+06	16338
	3493	2.27833e+06	16338.7
	3494	2.27931e+06	16339.4
	3495	2.2803e+06	16340.1
	3496	2.28129e+06	16340.9
	3497	2.28228e+06	16341.8
	3498	2.28328e+06	16342.8
	3499	2.28427e+06	16343.8
	3500	2.28526e+06	16344.8
	3501	2.28626e+06	16346
	3502	2.28725e+06	16347.2
	3503	2.28825e+06	16348.4
	3504	2.28924e+06	16349.7
	3505	2.29023e+06	16351.1
	3506	2.29122e+06	16352.5
	3507	2.29221e+06	16354
	3508	2.2932e+06	16355.5
	3509	2.29418e+06	16357.1
	3510	2.29516e+06	16358.8
	3511	2.29614e+06	16360.5
	3512	2.29712e+06	16362.3
	3513	2.29809e+06	16364.1
	3514	2.29905e+06	16365.9
	3515	2.30002e+06	16367.9
	3516	2.30098e+06	16369.8
	3517	2.30193e+06	16371.8
	3518	2.30288e+06	16373.9
	3519	2.30382e+06	16376
	3520	2.30476e+06	16378.2
	3521	2.30569e+06	16380.4
	3522	2.30661e+06	16382.7
	3523	2.30753e+06	16384.9
	3524	2.30844e+06	16387.3
	3525	2.30935e+06	16389.7
	3526	2.31024e+06	16392.1
	3527	2.31113e+06	16394.6
	3528	2.31201e+06	16397.1
	3529	2.31289e+06	16399.6
	3530	2.31375e+06	16402.2
	3531	2.31461e+06	16404.8
	3532	2.31545e+06	16407.5
	3533	2.31629e+06	16410.2
	3534	2.31712e+06	16412.9
	3535	2.31794e+06	16415.6
	3536	2.31874e+06	16418.4
	3537	2.31954e+06	16421.2
	3538	2.32033e+06	16424.1
	3539	2.32111e+06	16427
	3540	2.32187e+06	16429.9
	3541	2.32263e+06	16432.8
	3542	2.32337e+06	16435.8
	3543	2.32411e+06	16438.7
	3544	2.32483e+06	16441.7
	3545	2.32554e+06	16444.8
	3546	2.32624e+06	16447.8
	3547	2.32692e+06	16450.9
	3548	2.32759e+06	16454
	3549	2.32826e+06	16457.1
	3550	2.3289e+06	16460.2
	3551	2.32954e+06	16463.3
	3552	2.33016e+06	16466.5
	3553	2.33077e+06	16469.6
	3554	2.33137e+06	16472.8
	3555	2.33195e+06	16476
	3556	2.33252e+06	16479.2
	3557	2.33308e+06	16482.4
	3558	2.33362e+06	16485.6
	3559	2.33415e+06	16488.8
	3560	2.33467e+06	16492.1
	3561	2.33517e+06	16495.3
	3562	2.33566e+06	16498.6
	3563	2.33613e+06	16501.8
	3564	2.33659e+06	16505
	3565	2.33703e+06	16508.3
	3566	2.33746e+06	16511.5
	3567	2.33788e+06	16514.8
	3568	2.33828e+06	16518
	3569	2.33867e+06	16521.2
	3570	2.33904e+06	16524.5
	3571	2.3394e+06	16527.7
	3572	2.33975e+06	16530.9
	3573	2.34007e+06	16534.1
	3574	2.34039e+06	16537.3
	3575	2.34069e+06	16540.5
	3576	2.34097e+06	16543.7
	3577	2.34124e+06	16546.9
	3578	2.3415e+06	16550.1
	3579	2.34174e+06	16553.2
	3580	2.34197e+06	16556.3
	3581	2.34218e+06	16559.5
	3582	2.34237e+06	16562.6
	3583	2.34256e+06	16565.6
	3584	2.34272e+06	16568.7
	3585	2.34288e+06	16571.8
	3586	2.34301e+06	16574.8
	3587	2.34314e+06	16577.8
	3588	2.34325e+06	16580.8
	3589	2.34334e+06	16583.7
	3590	2.34342e+06	16586.7
	3591	2.34349e+06	16589.6
	3592	2.34354e+06	16592.5
	3593	2.34358e+06	16595.3
	3594	2.3436e+06	16598.2
	3595	2.34361e+06	16601
	3596	2.3436e+06	16603.8
	3597	2.34359e+06	16606.5
	3598	2.34355e+06	16609.3
	3599	2.34351e+06	16612
	3600	2.34345e+06	16614.6
	3601	2.34337e+06	16617.3
	3602	2.34329e+06	16619.9
	3603	2.34319e+06	16622.4
	3604	2.34307e+06	16625
	3605	2.34295e+06	16627.4
	3606	2.34281e+06	16629.9
	3607	2.34266e+06	16632.3
	3608	2.34249e+06	16634.7
	3609	2.34232e+06	16637.1
	3610	2.34213e+06	16639.4
	3611	2.34192e+06	16641.7
	3612	2.34171e+06	16643.9
	3613	2.34148e+06	16646.1
	3614	2.34124e+06	16648.3
	3615	2.34099e+06	16650.4
	3616	2.34073e+06	16652.5
	3617	2.34046e+06	16654.6
	3618	2.34018e+06	16656.6
	3619	2.33988e+06	16658.5
	3620	2.33957e+06	16660.4
	3621	2.33926e+06	16662.3
	3622	2.33893e+06	16664.1
	3623	2.33859e+06	16665.9
	3624	2.33824e+06	16667.7
	3625	2.33788e+06	16669.4
	3626	2.33751e+06	16671
	3627	2.33713e+06	16672.7
	3628	2.33675e+06	16674.2
	3629	2.33635e+06	16675.8
	3630	2.33594e+06	16677.2
	3631	2.33552e+06	16678.7
	3632	2.3351e+06	16680.1
	3633	2.33467e+06	16681.4
	3634	2.33422e+06	16682.7
	3635	2.33377e+06	16683.9
	3636	2.33331e+06	16685.1
	3637	2.33285e+06	16686.3
	3638	2.33237e+06	16687.4
	3639	2.33189e+06	16688.5
	3640	2.3314e+06	16689.5
	3641	2.3309e+06	16690.5
	3642	2.3304e+06	16691.4
	3643	2.32989e+06	16692.3
	3644	2.32937e+06	16693.1
	3645	2.32885e+06	16693.9
	3646	2.32832e+06	16694.6
	3647	2.32778e+06	16695.3
	3648	2.32724e+06	16696
	3649	2.3267e+06	16696.6
	3650	2.32614e+06	16697.1
