	0	5e+06	36000
	1	4.82576e+06	35986	0
	2	4.66213e+06	35945.7	0
	3	4.50794e+06	35881.2	0
	4	4.36216e+06	35794.6	0
	5	4.22392e+06	35687.9	0
	6	4.09246e+06	35562.8	0
	7	3.96713e+06	35420.7	0
	8	3.84734e+06	35263.4	0
	9	3.73259e+06	35091.9	0
	10	3.62243e+06	34907.8	0
	11	3.51646e+06	34711.9	0
	12	3.41432e+06	34505.5	0
	13	3.31568e+06	34289.6	0
	14	3.22025e+06	34064.9	0
	15	3.12778e+06	33832.3	0
	16	3.03801e+06	33592.6	0
	17	2.95073e+06	33346.5	0
	18	2.86573e+06	33094.6	0
	19	2.78282e+06	32837.6	0
	20	2.70183e+06	32575.8	0
	21	2.62259e+06	32310	0
	22	2.54495e+06	32040.4	0
	23	2.46875e+06	31767.5	0
	24	2.39387e+06	31491.7	0
	25	2.32016e+06	31213.4	0
	26	2.24749e+06	30932.8	0
	27	2.17575e+06	30650.1	0
	28	2.10482e+06	30365.8	0
	29	2.03456e+06	30080	0
	30	1.96487e+06	29792.8	0
	31	1.89562e+06	29504.6	0
	32	1.82671e+06	29215.3	0
	33	1.75801e+06	28925.2	0
	34	1.6894e+06	28634.4	0
	35	1.62077e+06	28343	0
	36	1.55198e+06	28051	0
	37	1.48291e+06	27758.6	0
	38	1.41343e+06	27465.7	0
	39	1.34339e+06	27172.3	0
	40	1.27265e+06	26878.6	0
	41	1.20105e+06	26584.5	0
	42	1.12842e+06	26289.9	0
	43	1.05459e+06	25994.9	0
	44	979361	25699.3	0
	45	902529	25403.2	0
	46	823866	25106.4	0
	47	743127	24808.8	0
	48	660041	24510.4	0
	49	574307	24210.9	0
	50	485594	23910.3	0
	51	393532	23608.2	0
	52	297706	23304.7	0
	53	197650	22999.3	0
	54	92837.1	22692	0
	55	0	22382.3	0
	56	0	22076.7	0
	57	0	21779.4	0
	58	0	21490	0
	59	0	21208.1	0
	60	0	20933.6	0
	61	0	20666.1	0
	62	0	20405.3	0
	63	0	20151	0
	64	0	19903	0
	65	0	19661	0
	66	0	19424.8	0
	67	0	19194.3	0
	68	0	18969.1	0
	69	0	18749.2	0
	70	0	18534.3	0
	71	0	18324.3	0
	72	0	18118.9	0
	73	0	17918.2	0
	74	0	17721.8	0
	75	0	17529.7	0
	76	0	17341.7	0
	77	0	17157.7	0
	78	0	16977.6	0
	79	0	16801.2	0
	80	0	16628.4	0
	81	0	16459.2	0
	82	0	16293.3	0
	83	0	16130.8	0
	84	0	15971.5	0
	85	0	15815.3	0
	86	0	15662.1	0
	87	0	15511.8	0
	88	0	15364.5	0
	89	0	15219.9	0
	90	0	15077.9	0
	91	0	14938.7	0
	92	0	14801.9	0
	93	0	14667.7	0
	94	0	14535.8	0
	95	0	14406.3	0
	96	0	14279.1	0
	97	0	14154.1	0
	98	0	14031.3	0
	99	0	13910.6	0
	100	0	13792	0
	101	0	13675.3	0
	102	0	13560.6	0
	103	0	13447.9	0
	104	0	13337	0
	105	0	13227.9	0
	106	0	13120.5	0
	107	0	13014.9	0
	108	0	12911	0
	109	0	12808.8	0
	110	0	12708.1	0
	111	0	12609	0
	112	0	12511.5	0
	113	0	12415.4	0
	114	0	12320.8	0
	115	0	12227.6	0
	116	0	12135.9	0
	117	0	12045.5	0
	118	0	11956.4	0
	119	0	11868.7	0
	120	0	11782.2	0
	121	0	11697	0
	122	0	11613	0
	123	0	11530.1	0
	124	0	11448.5	0
	125	0	11368	0
	126	0	11288.7	0
	127	0	11210.4	0
	128	0	11133.2	0
	129	0	11057.1	0
	130	0	10982	0
	131	0	10907.9	0
	132	0	10834.9	0
	133	0	10762.7	0
	134	0	10691.6	0
	135	0	10621.4	0
	136	0	10552.1	0
	137	0	10483.6	0
	138	0	10416.1	0
	139	0	10349.4	0
	140	0	10283.6	0
	141	0	10218.6	0
	142	0	10154.5	0
	143	0	10091.1	0
	144	0	10028.5	0
	145	0	9966.72	0
	146	0	9905.67	0
	147	0	9845.36	0
	148	0	9785.78	0
	149	0	9726.92	0
	150	0	9668.76	0
	151	0	9611.29	0
	152	0	9554.51	0
	153	0	9498.38	0
	154	0	9442.92	0
	155	0	9388.1	0
	156	0	9333.91	0
	157	0	9280.34	0
	158	0	9227.39	0
	159	0	9175.03	0
	160	0	9123.27	0
	161	0	9072.09	0
	162	0	9021.47	0
	163	0	8971.42	0
	164	0	8921.93	0
	165	0	8872.97	0
	166	0	8824.55	0
	167	0	8776.66	0
	168	0	8729.28	0
	169	0	8682.41	0
	170	0	8636.04	0
	171	0	8590.16	0
	172	0	8544.77	0
	173	0	8499.86	0
	174	0	8455.42	0
	175	0	8411.43	0
	176	0	8367.91	0
	177	0	8324.83	0
	178	0	8282.19	0
	179	0	8239.99	0
	180	0	8198.21	0
	181	0	8156.86	0
	182	0	8115.92	0
	183	0	8075.39	0
	184	0	8035.27	0
	185	0	7995.54	0
	186	0	7956.2	0
	187	0	7917.24	0
	188	0	7878.67	0
	189	0	7840.47	0
	190	0	7802.64	0
	191	0	7765.17	0
	192	0	7728.06	0
	193	0	7691.31	0
	194	0	7654.9	0
	195	0	7618.83	0
	196	0	7583.1	0
	197	0	7547.71	0
	198	0	7512.64	0
	199	0	7477.9	0
	200	0	7443.48	0
	201	0	7409.38	0
	202	0	7375.58	0
	203	0	7342.09	0
	204	0	7308.91	0
	205	0	7276.02	0
	206	0	7243.43	0
	207	0	7211.13	0
	208	0	7179.12	0
	209	0	7147.39	0
	210	0	7115.93	0
	211	0	7084.76	0
	212	0	7053.85	0
	213	0	7023.22	0
	214	0	6992.85	0
	215	0	6962.74	0
	216	0	6932.89	0
	217	0	6903.29	0
	218	0	6873.94	0
	219	0	6844.85	0
	220	0	6816	0
	221	0	6787.39	0
	222	0	6759.02	0
	223	0	6730.89	0
	224	0	6702.99	0
	225	0	6675.32	0
	226	0	6647.87	0
	227	0	6620.66	0
	228	0	6593.66	0
	229	0	6566.88	0
	230	0	6540.32	0
	231	0	6513.98	0
	232	0	6487.84	0
	233	0	6461.92	0
	234	0	6436.2	0
	235	0	6410.68	0
	236	0	6385.37	0
	237	0	6360.25	0
	238	0	6335.34	0
	239	0	6310.61	0
	240	0	6286.08	0
	241	0	6261.74	0
	242	0	6237.59	0
	243	0	6213.62	0
	244	0	6189.83	0
	245	0	6166.23	0
	246	0	6142.81	0
	247	0	6119.56	0
	248	0	6096.49	0
	249	0	6073.59	0
	250	0	6050.87	0
	251	0	6028.31	0
	252	0	6005.92	0
	253	0	5983.7	0
	254	0	5961.64	0
	255	0	5939.74	0
	256	0	5918	0
	257	0	5896.42	0
	258	0	5875	0
	259	0	5853.73	0
	260	0	5832.62	0
	261	0	5811.66	0
	262	0	5790.85	0
	263	0	5770.18	0
	264	0	5749.67	0
	265	0	5729.3	0
	266	0	5709.07	0
	267	0	5688.98	0
	268	0	5669.04	0
	269	0	5649.23	0
	270	0	5629.57	0
	271	0	5610.04	0
	272	0	5590.64	0
	273	0	5571.38	0
	274	0	5552.25	0
	275	0	5533.25	0
	276	0	5514.38	0
	277	0	5495.64	0
	278	0	5477.03	0
	279	0	5458.54	0
	280	0	5440.18	0
	281	0	5421.94	0
	282	0	5403.82	0
	283	0	5385.82	0
	284	0	5367.94	0
	285	0	5350.18	0
	286	0	5332.54	0
	287	0	5315.01	0
	288	0	5297.6	0
	289	0	5280.3	0
	290	0	5263.12	0
	291	0	5246.04	0
	292	0	5229.08	0
	293	0	5212.22	0
	294	0	5195.48	0
	295	0	5178.84	0
	296	0	5162.31	0
	297	0	5145.88	0
	298	0	5129.56	0
	299	0	5113.34	0
	300	0	5097.22	0
	301	0	5081.2	0
	302	0	5065.29	0
	303	0	5049.47	0
	304	0	5033.75	0
	305	0	5018.13	0
	306	0	5002.61	0
	307	0	4987.18	0
	308	0	4971.84	0
	309	0	4956.6	0
	310	0	4941.46	0
	311	0	4926.4	0
	312	0	4911.44	0
	313	0	4896.57	0
	314	0	4881.79	0
	315	0	4867.09	0
	316	0	4852.49	0
	317	0	4837.97	0
	318	0	4823.54	0
	319	0	4809.2	0
	320	0	4794.94	0
	321	0	4780.76	0
	322	0	4766.67	0
	323	0	4752.66	0
	324	0	4738.73	0
	325	0	4724.89	0
	326	0	4711.12	0
	327	0	4697.43	0
	328	0	4683.83	0
	329	0	4670.3	0
	330	0	4656.85	0
	331	0	4643.48	0
	332	0	4630.18	0
	333	0	4616.96	0
	334	0	4603.82	0
	335	0	4590.75	0
	336	0	4577.75	0
	337	0	4564.83	0
	338	0	4551.98	0
	339	0	4539.2	0
	340	0	4526.5	0
	341	0	4513.86	0
	342	0	4501.3	0
	343	0	4488.8	0
	344	0	4476.38	0
	345	0	4464.02	0
	346	0	4451.73	0
	347	0	4439.51	0
	348	0	4427.36	0
	349	0	4415.27	0
	350	0	4403.24	0
	351	0	4391.29	0
	352	0	4379.39	0
	353	0	4367.57	0
	354	0	4355.8	0
	355	0	4344.1	0
	356	0	4332.46	0
	357	0	4320.89	0
	358	0	4309.37	0
	359	0	4297.92	0
	360	0	4286.52	0
	361	0	4275.19	0
	362	0	4263.92	0
	363	0	4252.71	0
	364	0	4241.55	0
	365	0	4230.45	0
	366	0	4219.42	0
	367	0	4208.43	0
	368	0	4197.51	0
	369	0	4186.64	0
	370	0	4175.83	0
	371	0	4165.08	0
	372	0	4154.38	0
	373	0	4143.73	0
	374	0	4133.14	0
	375	0	4122.6	0
	376	0	4112.12	0
	377	0	4101.69	0
	378	0	4091.31	0
	379	0	4080.99	0
	380	0	4070.71	0
	381	0	4060.49	0
	382	0	4050.32	0
	383	0	4040.2	0
	384	0	4030.13	0
	385	0	4020.11	0
	386	0	4010.14	0
	387	0	4000.22	0
	388	0	3990.35	0
	389	0	3980.53	0
	390	0	3970.76	0
	391	0	3961.03	0
	392	0	3951.35	0
	393	0	3941.72	0
	394	0	3932.14	0
	395	0	3922.6	0
	396	0	3913.1	0
	397	0	3903.66	0
	398	0	3894.26	0
	399	0	3884.9	0
	400	0	3875.59	0
	401	0	3866.33	0
	402	0	3857.1	0
	403	0	3847.93	0
	404	0	3838.79	0
	405	0	3829.7	0
	406	0	3820.65	0
	407	0	3811.65	0
	408	0	3802.68	0
	409	0	3793.76	0
	410	0	3784.88	0
	411	0	3776.04	0
	412	0	3767.25	0
	413	0	3758.49	0
	414	0	3749.77	0
	415	0	3741.1	0
	416	0	3732.46	0
	417	0	3723.87	0
	418	0	3715.31	0
	419	0	3706.8	0
	420	0	3698.32	0
	421	0	3689.88	0
	422	0	3681.48	0
	423	0	3673.12	0
	424	0	3664.79	0
	425	0	3656.51	0
	426	0	3648.26	0
	427	0	3640.05	0
	428	0	3631.87	0
	429	0	3623.73	0
	430	0	3615.63	0
	431	0	3607.56	0
	432	0	3599.53	0
	433	0	3591.54	0
	434	0	3583.58	0
	435	0	3575.66	0
	436	0	3567.77	0
	437	0	3559.91	0
	438	0	3552.09	0
	439	0	3544.31	0
	440	0	3536.56	0
	441	0	3528.84	0
	442	0	3521.15	0
	443	0	3513.5	0
	444	0	3505.89	0
	445	0	3498.3	0
	446	0	3490.75	0
	447	0	3483.23	0
	448	0	3475.74	0
	449	0	3468.29	0
	450	0	3460.87	0
	451	0	3453.48	0
	452	0	3446.12	0
	453	0	3438.79	0
	454	0	3431.49	0
	455	0	3424.22	0
	456	0	3416.99	0
	457	0	3409.78	0
	458	0	3402.61	0
	459	0	3395.46	0
	460	0	3388.35	0
	461	0	3381.26	0
	462	0	3374.21	0
	463	0	3367.18	0
	464	0	3360.19	0
	465	0	3353.22	0
	466	0	3346.28	0
	467	0	3339.37	0
	468	0	3332.49	0
	469	0	3325.63	0
	470	0	3318.81	0
	471	0	3312.01	0
	472	0	3305.24	0
	473	0	3298.5	0
	474	0	3291.79	0
	475	0	3285.1	0
	476	0	3278.44	0
	477	0	3271.8	0
	478	0	3265.2	0
	479	0	3258.62	0
	480	0	3252.07	0
	481	0	3245.54	0
	482	0	3239.04	0
	483	0	3232.56	0
	484	0	3226.11	0
	485	0	3219.69	0
	486	0	3213.29	0
	487	0	3206.92	0
	488	0	3200.57	0
	489	0	3194.25	0
	490	0	3187.95	0
	491	0	3181.68	0
	492	0	3175.43	0
	493	0	3169.21	0
	494	0	3163.01	0
	495	0	3156.84	0
	496	0	3150.69	0
	497	0	3144.56	0
	498	0	3138.46	0
	499	0	3132.38	0
	500	0	3126.32	0
	501	0	3120.29	0
	502	0	3114.28	0
	503	0	3108.29	0
	504	0	3102.33	0
	505	0	3096.39	0
	506	0	3090.47	0
	507	0	3084.58	0
	508	0	3078.7	0
	509	0	3072.85	0
	510	0	3067.03	0
	511	0	3061.22	0
	512	0	3055.44	0
	513	0	3049.67	0
	514	0	3043.93	0
	515	0	3038.21	0
	516	0	3032.52	0
	517	0	3026.84	0
	518	0	3021.18	0
	519	0	3015.55	0
	520	0	3009.94	0
	521	0	3004.35	0
	522	0	2998.77	0
	523	0	2993.22	0
	524	0	2987.69	0
	525	0	2982.18	0
	526	0	2976.69	0
	527	0	2971.22	0
	528	0	2965.78	0
	529	0	2960.35	0
	530	0	2954.94	0
	531	0	2949.55	0
	532	0	2944.18	0
	533	0	2938.83	0
	534	0	2933.49	0
	535	0	2928.18	0
	536	0	2922.89	0
	537	0	2917.62	0
	538	0	2912.36	0
	539	0	2907.13	0
	540	0	2901.91	0
	541	0	2896.71	0
	542	0	2891.53	0
	543	0	2886.37	0
	544	0	2881.23	0
	545	0	2876.1	0
	546	0	2871	0
	547	0	2865.91	0
	548	0	2860.84	0
	549	0	2855.79	0
	550	0	2850.75	0
	551	0	2845.73	0
	552	0	2840.74	0
	553	0	2835.75	0
	554	0	2830.79	0
	555	0	2825.84	0
	556	0	2820.91	0
	557	0	2816	0
	558	0	2811.11	0
	559	0	2806.23	0
	560	0	2801.37	0
	561	0	2796.52	0
	562	0	2791.69	0
	563	0	2786.88	0
	564	0	2782.09	0
	565	0	2777.31	0
	566	0	2772.55	0
	567	0	2767.8	0
	568	0	2763.07	0
	569	0	2758.36	0
	570	0	2753.66	0
	571	0	2748.98	0
	572	0	2744.32	0
	573	0	2739.67	0
	574	0	2735.03	0
	575	0	2730.42	0
	576	0	2725.81	0
	577	0	2721.23	0
	578	0	2716.65	0
	579	0	2712.1	0
	580	0	2707.56	0
	581	0	2703.03	0
	582	0	2698.52	0
	583	0	2694.03	0
	584	0	2689.54	0
	585	0	2685.08	0
	586	0	2680.63	0
	587	0	2676.19	0
	588	0	2671.77	0
	589	0	2667.36	0
	590	0	2662.97	0
	591	0	2658.59	0
	592	0	2654.23	0
	593	0	2649.88	0
	594	0	2645.54	0
	595	0	2641.22	0
	596	0	2636.92	0
	597	0	2632.62	0
	598	0	2628.34	0
	599	0	2624.08	0
	600	0	2619.83	0
	601	0	2615.59	0
	602	0	2611.37	0
	603	0	2607.16	0
	604	0	2602.96	0
	605	0	2598.78	0
	606	0	2594.61	0
	607	0	2590.45	0
	608	0	2586.31	0
	609	0	2582.18	0
	610	0	2578.06	0
	611	0	2573.96	0
	612	0	2569.87	0
	613	0	2565.79	0
	614	0	2561.72	0
	615	0	2557.67	0
	616	0	2553.63	0
	617	0	2549.61	0
	618	0	2545.59	0
	619	0	2541.59	0
	620	0	2537.6	0
	621	0	2533.63	0
	622	0	2529.66	0
	623	0	2525.71	0
	624	0	2521.78	0
	625	0	2517.85	0
	626	0	2513.93	0
	627	0	2510.03	0
	628	0	2506.14	0
	629	0	2502.26	0
	630	0	2498.4	0
	631	0	2494.54	0
	632	0	2490.7	0
	633	0	2486.87	0
	634	0	2483.05	0
	635	0	2479.25	0
	636	0	2475.45	0
	637	0	2471.67	0
	638	0	2467.9	0
	639	0	2464.13	0
	640	0	2460.39	0
	641	0	2456.65	0
	642	0	2452.92	0
	643	0	2449.21	0
	644	0	2445.5	0
	645	0	2441.81	0
	646	0	2438.13	0
	647	0	2434.46	0
	648	0	2430.8	0
	649	0	2427.15	0
	650	0	2423.51	0
	651	0	2419.89	0
	652	0	2416.27	0
	653	0	2412.66	0
	654	0	2409.07	0
	655	0	2405.49	0
	656	0	2401.91	0
	657	0	2398.35	0
	658	0	2394.8	0
	659	0	2391.26	0
	660	0	2387.73	0
	661	0	2384.21	0
	662	0	2380.7	0
	663	0	2377.2	0
	664	0	2373.71	0
	665	0	2370.23	0
	666	0	2366.76	0
	667	0	2363.3	0
	668	0	2359.85	0
	669	0	2356.41	0
	670	0	2352.98	0
	671	0	2349.56	0
	672	0	2346.16	0
	673	0	2342.76	0
	674	0	2339.37	0
	675	0	2335.99	0
	676	0	2332.62	0
	677	0	2329.26	0
	678	0	2325.91	0
	679	0	2322.57	0
	680	0	2319.24	0
	681	0	2315.92	0
	682	0	2312.6	0
	683	0	2309.3	0
	684	0	2306.01	0
	685	0	2302.72	0
	686	0	2299.45	0
	687	0	2296.18	0
	688	0	2292.93	0
	689	0	2289.68	0
	690	0	2286.44	0
	691	0	2283.22	0
	692	0	2280	0
	693	0	2276.79	0
	694	0	2273.59	0
	695	0	2270.39	0
	696	0	2267.21	0
	697	0	2264.04	0
	698	0	2260.87	0
	699	0	2257.71	0
	700	0	2254.57	0
	701	0	2251.43	0
	702	0	2248.3	0
	703	0	2245.18	0
	704	0	2242.06	0
	705	0	2238.96	0
	706	0	2235.86	0
	707	0	2232.78	0
	708	0	2229.7	0
	709	0	2226.63	0
	710	0	2223.57	0
	711	0	2220.51	0
	712	0	2217.47	0
	713	0	2214.43	0
	714	0	2211.4	0
	715	0	2208.38	0
	716	0	2205.37	0
	717	0	2202.37	0
	718	0	2199.37	0
	719	0	2196.38	0
	720	0	2193.4	0
	721	0	2190.43	0
	722	0	2187.47	0
	723	0	2184.52	0
	724	0	2181.57	0
	725	0	2178.63	0
	726	0	2175.7	0
	727	0	2172.77	0
	728	0	2169.86	0
	729	0	2166.95	0
	730	0	2164.05	0
	731	0	2161.16	0
	732	0	2158.28	0
	733	0	2155.4	0
	734	0	2152.53	0
	735	0	2149.67	0
	736	0	2146.81	0
	737	0	2143.97	0
	738	0	2141.13	0
	739	0	2138.3	0
	740	0	2135.47	0
	741	0	2132.66	0
	742	0	2129.85	0
	743	0	2127.05	0
	744	0	2124.25	0
	745	0	2121.47	0
	746	0	2118.69	0
	747	0	2115.91	0
	748	0	2113.15	0
	749	0	2110.39	0
	750	0	2107.64	0
	751	0	2104.9	0
	752	0	2102.16	0
	753	0	2099.43	0
	754	0	2096.71	0
	755	0	2093.99	0
	756	0	2091.29	0
	757	0	2088.59	0
	758	0	2085.89	0
	759	0	2083.2	0
	760	0	2080.52	0
	761	0	2077.85	0
	762	0	2075.18	0
	763	0	2072.52	0
	764	0	2069.87	0
	765	0	2067.23	0
	766	0	2064.59	0
	767	0	2061.95	0
	768	0	2059.33	0
	769	0	2056.71	0
	770	0	2054.1	0
	771	0	2051.49	0
	772	0	2048.89	0
	773	0	2046.3	0
	774	0	2043.71	0
	775	0	2041.13	0
	776	0	2038.56	0
	777	0	2035.99	0
	778	0	2033.43	0
	779	0	2030.88	0
	780	0	2028.33	0
	781	0	2025.79	0
	782	0	2023.26	0
	783	0	2020.73	0
	784	0	2018.21	0
	785	0	2015.69	0
	786	0	2013.18	0
	787	0	2010.68	0
	788	0	2008.18	0
	789	0	2005.69	0
	790	0	2003.21	0
	791	0	2000.73	0
	792	0	1998.25	0
	793	0	1995.79	0
	794	0	1993.33	0
	795	0	1990.87	0
	796	0	1988.43	0
	797	0	1985.98	0
	798	0	1983.55	0
	799	0	1981.12	0
	800	0	1978.69	0
	801	0	1976.28	0
	802	0	1973.86	0
	803	0	1971.46	0
	804	0	1969.06	0
	805	0	1966.66	0
	806	0	1964.27	0
	807	0	1961.89	0
	808	0	1959.51	0
	809	0	1957.14	0
	810	0	1954.77	0
	811	0	1952.41	0
	812	0	1950.06	0
	813	0	1947.71	0
	814	0	1945.37	0
	815	0	1943.03	0
	816	0	1940.7	0
	817	0	1938.37	0
	818	0	1936.05	0
	819	0	1933.74	0
	820	0	1931.43	0
	821	0	1929.12	0
	822	0	1926.82	0
	823	0	1924.53	0
	824	0	1922.24	0
	825	0	1919.96	0
	826	0	1917.68	0
	827	0	1915.41	0
	828	0	1913.15	0
	829	0	1910.89	0
	830	0	1908.63	0
	831	0	1906.38	0
	832	0	1904.14	0
	833	0	1901.9	0
	834	0	1899.66	0
	835	0	1897.43	0
	836	0	1895.21	0
	837	0	1892.99	0
	838	0	1890.78	0
	839	0	1888.57	0
	840	0	1886.37	0
	841	0	1884.17	0
	842	0	1881.98	0
	843	0	1879.79	0
	844	0	1877.6	0
	845	0	1875.43	0
	846	0	1873.25	0
	847	0	1871.09	0
	848	0	1868.92	0
	849	0	1866.77	0
	850	0	1864.61	0
	851	0	1862.47	0
	852	0	1860.32	0
	853	0	1858.19	0
	854	0	1856.05	0
	855	0	1853.93	0
	856	0	1851.8	0
	857	0	1849.69	0
	858	0	1847.57	0
	859	0	1845.46	0
	860	0	1843.36	0
	861	0	1841.26	0
	862	0	1839.17	0
	863	0	1837.08	0
	864	0	1834.99	0
	865	0	1832.91	0
	866	0	1830.84	0
	867	0	1828.77	0
	868	0	1826.7	0
	869	0	1824.64	0
	870	0	1822.58	0
	871	0	1820.53	0
	872	0	1818.48	0
	873	0	1816.44	0
	874	0	1814.4	0
	875	0	1812.37	0
	876	0	1810.34	0
	877	0	1808.32	0
	878	0	1806.3	0
	879	0	1804.28	0
	880	0	1802.27	0
	881	0	1800.26	0
	882	0	1798.26	0
	883	0	1796.26	0
	884	0	1794.27	0
	885	0	1792.28	0
	886	0	1790.3	0
	887	0	1788.32	0
	888	0	1786.34	0
	889	0	1784.37	0
	890	0	1782.41	0
	891	0	1780.44	0
	892	0	1778.48	0
	893	0	1776.53	0
	894	0	1774.58	0
	895	0	1772.64	0
	896	0	1770.69	0
	897	0	1768.76	0
	898	0	1766.83	0
	899	0	1764.9	0
	900	0	1762.97	0
	901	0	1761.05	0
	902	0	1759.14	0
	903	0	1757.23	0
	904	0	1755.32	0
	905	0	1753.42	0
	906	0	1751.52	0
	907	0	1749.62	0
	908	0	1747.73	0
	909	0	1745.84	0
	910	0	1743.96	0
	911	0	1742.08	0
	912	0	1740.21	0
	913	0	1738.34	0
	914	0	1736.47	0
	915	0	1734.61	0
	916	0	1732.75	0
	917	0	1730.89	0
	918	0	1729.04	0
	919	0	1727.2	0
	920	0	1725.35	0
	921	0	1723.51	0
	922	0	1721.68	0
	923	0	1719.85	0
	924	0	1718.02	0
	925	0	1716.2	0
	926	0	1714.38	0
	927	0	1712.56	0
	928	0	1710.75	0
	929	0	1708.94	0
	930	0	1707.14	0
	931	0	1705.34	0
	932	0	1703.54	0
	933	0	1701.75	0
	934	0	1699.96	0
	935	0	1698.17	0
	936	0	1696.39	0
	937	0	1694.62	0
	938	0	1692.84	0
	939	0	1691.07	0
	940	0	1689.3	0
	941	0	1687.54	0
	942	0	1685.78	0
	943	0	1684.03	0
	944	0	1682.28	0
	945	0	1680.53	0
	946	0	1678.78	0
	947	0	1677.04	0
	948	0	1675.3	0
	949	0	1673.57	0
	950	0	1671.84	0
	951	0	1670.11	0
	952	0	1668.39	0
	953	0	1666.67	0
	954	0	1664.95	0
	955	0	1663.24	0
	956	0	1661.53	0
	957	0	1659.83	0
	958	0	1658.13	0
	959	0	1656.43	0
	960	0	1654.73	0
	961	0	1653.04	0
	962	0	1651.35	0
	963	0	1649.67	0
	964	0	1647.99	0
	965	0	1646.31	0
	966	0	1644.63	0
	967	0	1642.96	0
	968	0	1641.3	0
	969	0	1639.63	0
	970	0	1637.97	0
	971	0	1636.31	0
	972	0	1634.66	0
	973	0	1633.01	0
	974	0	1631.36	0
	975	0	1629.72	0
	976	0	1628.08	0
	977	0	1626.44	0
	978	0	1624.8	0
	979	0	1623.17	0
	980	0	1621.55	0
	981	0	1619.92	0
	982	0	1618.3	0
	983	0	1616.68	0
	984	0	1615.07	0
	985	0	1613.46	0
	986	0	1611.85	0
	987	0	1610.24	0
	988	0	1608.64	0
	989	0	1607.04	0
	990	0	1605.45	0
	991	0	1603.86	0
	992	0	1602.27	0
	993	0	1600.68	0
	994	0	1599.1	0
	995	0	1597.52	0
	996	0	1595.94	0
	997	0	1594.37	0
	998	0	1592.8	0
	999	0	1591.23	0
	1000	0	1589.67	0
	1001	0	1588.1	0
	1002	0	1586.55	0
	1003	0	1584.99	0
	1004	0	1583.44	0
	1005	0	1581.89	0
	1006	0	1580.34	0
	1007	0	1578.8	0
	1008	0	1577.26	0
	1009	0	1575.72	0
	1010	0	1574.19	0
	1011	0	1572.66	0
	1012	0	1571.13	0
	1013	0	1569.61	0
	1014	0	1568.08	0
	1015	0	1566.57	0
	1016	0	1565.05	0
	1017	0	1563.54	0
	1018	0	1562.03	0
	1019	0	1560.52	0
	1020	0	1559.01	0
	1021	0	1557.51	0
	1022	0	1556.01	0
	1023	0	1554.52	0
	1024	0	1553.02	0
	1025	0	1551.53	0
	1026	0	1550.05	0
	1027	0	1548.56	0
	1028	0	1547.08	0
	1029	0	1545.6	0
	1030	0	1544.13	0
	1031	0	1542.65	0
	1032	0	1541.18	0
	1033	0	1539.72	0
	1034	0	1538.25	0
	1035	0	1536.79	0
	1036	0	1535.33	0
	1037	0	1533.87	0
	1038	0	1532.42	0
	1039	0	1530.97	0
	1040	0	1529.52	0
	1041	0	1528.08	0
	1042	0	1526.63	0
	1043	0	1525.19	0
	1044	0	1523.76	0
	1045	0	1522.32	0
	1046	0	1520.89	0
	1047	0	1519.46	0
	1048	0	1518.03	0
	1049	0	1516.61	0
	1050	0	1515.19	0
	1051	0	1513.77	0
	1052	0	1512.36	0
	1053	0	1510.94	0
	1054	0	1509.53	0
	1055	0	1508.12	0
	1056	0	1506.72	0
	1057	0	1505.32	0
	1058	0	1503.92	0
	1059	0	1502.52	0
	1060	0	1501.12	0
	1061	0	1499.73	0
	1062	0	1498.34	0
	1063	0	1496.96	0
	1064	0	1495.57	0
	1065	0	1494.19	0
	1066	0	1492.81	0
	1067	0	1491.43	0
	1068	0	1490.06	0
	1069	0	1488.69	0
	1070	0	1487.32	0
	1071	0	1485.95	0
	1072	0	1484.59	0
	1073	0	1483.23	0
	1074	0	1481.87	0
	1075	0	1480.51	0
	1076	0	1479.16	0
	1077	0	1477.8	0
	1078	0	1476.45	0
	1079	0	1475.11	0
	1080	0	1473.76	0
	1081	0	1472.42	0
	1082	0	1471.08	0
	1083	0	1469.74	0
	1084	0	1468.41	0
	1085	0	1467.08	0
	1086	0	1465.75	0
	1087	0	1464.42	0
	1088	0	1463.1	0
	1089	0	1461.77	0
	1090	0	1460.45	0
	1091	0	1459.14	0
	1092	0	1457.82	0
	1093	0	1456.51	0
	1094	0	1455.2	0
	1095	0	1453.89	0
	1096	0	1452.58	0
	1097	0	1451.28	0
	1098	0	1449.98	0
	1099	0	1448.68	0
	1100	0	1447.38	0
	1101	0	1446.09	0
	1102	0	1444.79	0
	1103	0	1443.51	0
	1104	0	1442.22	0
	1105	0	1440.93	0
	1106	0	1439.65	0
	1107	0	1438.37	0
	1108	0	1437.09	0
	1109	0	1435.81	0
	1110	0	1434.54	0
	1111	0	1433.27	0
	1112	0	1432	0
	1113	0	1430.73	0
	1114	0	1429.47	0
	1115	0	1428.21	0
	1116	0	1426.95	0
	1117	0	1425.69	0
	1118	0	1424.43	0
	1119	0	1423.18	0
	1120	0	1421.93	0
	1121	0	1420.68	0
	1122	0	1419.43	0
	1123	0	1418.19	0
	1124	0	1416.94	0
	1125	0	1415.7	0
	1126	0	1414.46	0
	1127	0	1413.23	0
	1128	0	1411.99	0
	1129	0	1410.76	0
	1130	0	1409.53	0
	1131	0	1408.31	0
	1132	0	1407.08	0
	1133	0	1405.86	0
	1134	0	1404.64	0
	1135	0	1403.42	0
	1136	0	1402.2	0
	1137	0	1400.98	0
	1138	0	1399.77	0
	1139	0	1398.56	0
	1140	0	1397.35	0
	1141	0	1396.15	0
	1142	0	1394.94	0
	1143	0	1393.74	0
	1144	0	1392.54	0
	1145	0	1391.34	0
	1146	0	1390.15	0
	1147	0	1388.95	0
	1148	0	1387.76	0
	1149	0	1386.57	0
	1150	0	1385.38	0
	1151	0	1384.2	0
	1152	0	1383.01	0
	1153	0	1381.83	0
	1154	0	1380.65	0
	1155	0	1379.47	0
	1156	0	1378.3	0
	1157	0	1377.12	0
	1158	0	1375.95	0
	1159	0	1374.78	0
	1160	0	1373.61	0
	1161	0	1372.45	0
	1162	0	1371.28	0
	1163	0	1370.12	0
	1164	0	1368.96	0
	1165	0	1367.8	0
	1166	0	1366.65	0
	1167	0	1365.49	0
	1168	0	1364.34	0
	1169	0	1363.19	0
	1170	0	1362.04	0
	1171	0	1360.9	0
	1172	0	1359.75	0
	1173	0	1358.61	0
	1174	0	1357.47	0
	1175	0	1356.33	0
	1176	0	1355.2	0
	1177	0	1354.06	0
	1178	0	1352.93	0
	1179	0	1351.8	0
	1180	0	1350.67	0
	1181	0	1349.54	0
	1182	0	1348.41	0
	1183	0	1347.29	0
	1184	0	1346.17	0
	1185	0	1345.05	0
	1186	0	1343.93	0
	1187	0	1342.82	0
	1188	0	1341.7	0
	1189	0	1340.59	0
	1190	0	1339.48	0
	1191	0	1338.37	0
	1192	0	1337.26	0
	1193	0	1336.16	0
	1194	0	1335.06	0
	1195	0	1333.95	0
	1196	0	1332.86	0
	1197	0	1331.76	0
	1198	0	1330.66	0
	1199	0	1329.57	0
	1200	0	1328.48	0
	1201	0	1327.38	0
	1202	0	1326.3	0
	1203	0	1325.21	0
	1204	0	1324.12	0
	1205	0	1323.04	0
	1206	0	1321.96	0
	1207	0	1320.88	0
	1208	0	1319.8	0
	1209	0	1318.72	0
	1210	0	1317.65	0
	1211	0	1316.58	0
	1212	0	1315.51	0
	1213	0	1314.44	0
	1214	0	1313.37	0
	1215	0	1312.3	0
	1216	0	1311.24	0
	1217	0	1310.18	0
	1218	0	1309.12	0
	1219	0	1308.06	0
	1220	0	1307	0
	1221	0	1305.94	0
	1222	0	1304.89	0
	1223	0	1303.84	0
	1224	0	1302.79	0
	1225	0	1301.74	0
	1226	0	1300.69	0
	1227	0	1299.65	0
	1228	0	1298.6	0
	1229	0	1297.56	0
	1230	0	1296.52	0
	1231	0	1295.48	0
	1232	0	1294.45	0
	1233	0	1293.41	0
	1234	0	1292.38	0
	1235	0	1291.34	0
	1236	0	1290.31	0
	1237	0	1289.29	0
	1238	0	1288.26	0
	1239	0	1287.23	0
	1240	0	1286.21	0
	1241	0	1285.19	0
	1242	0	1284.17	0
	1243	0	1283.15	0
	1244	0	1282.13	0
	1245	0	1281.11	0
	1246	0	1280.1	0
	1247	0	1279.09	0
	1248	0	1278.08	0
	1249	0	1277.07	0
	1250	0	1276.06	0
	1251	0	1275.05	0
	1252	0	1274.05	0
	1253	0	1273.05	0
	1254	0	1272.04	0
	1255	0	1271.04	0
	1256	0	1270.05	0
	1257	0	1269.05	0
	1258	0	1268.05	0
	1259	0	1267.06	0
	1260	0	1266.07	0
	1261	0	1265.08	0
	1262	0	1264.09	0
	1263	0	1263.1	0
	1264	0	1262.12	0
	1265	0	1261.13	0
	1266	0	1260.15	0
	1267	0	1259.17	0
	1268	0	1258.19	0
	1269	0	1257.21	0
	1270	0	1256.23	0
	1271	0	1255.26	0
	1272	0	1254.28	0
	1273	0	1253.31	0
	1274	0	1252.34	0
	1275	0	1251.37	0
	1276	0	1250.41	0
	1277	0	1249.44	0
	1278	0	1248.47	0
	1279	0	1247.51	0
	1280	0	1246.55	0
	1281	0	1245.59	0
	1282	0	1244.63	0
	1283	0	1243.67	0
	1284	0	1242.72	0
	1285	0	1241.76	0
	1286	0	1240.81	0
	1287	0	1239.86	0
	1288	0	1238.91	0
	1289	0	1237.96	0
	1290	0	1237.01	0
	1291	0	1236.07	0
	1292	0	1235.12	0
	1293	0	1234.18	0
	1294	0	1233.24	0
	1295	0	1232.3	0
	1296	0	1231.36	0
	1297	0	1230.43	0
	1298	0	1229.49	0
	1299	0	1228.56	0
	1300	0	1227.62	0
	1301	0	1226.69	0
	1302	0	1225.76	0
	1303	0	1224.83	0
	1304	0	1223.91	0
	1305	0	1222.98	0
	1306	0	1222.06	0
	1307	0	1221.13	0
	1308	0	1220.21	0
	1309	0	1219.29	0
	1310	0	1218.37	0
	1311	0	1217.46	0
	1312	0	1216.54	0
	1313	0	1215.63	0
	1314	0	1214.71	0
	1315	0	1213.8	0
	1316	0	1212.89	0
	1317	0	1211.98	0
	1318	0	1211.07	0
	1319	0	1210.17	0
	1320	0	1209.26	0
	1321	0	1208.36	0
	1322	0	1207.46	0
	1323	0	1206.56	0
	1324	0	1205.66	0
	1325	0	1204.76	0
	1326	0	1203.86	0
	1327	0	1202.97	0
	1328	0	1202.07	0
	1329	0	1201.18	0
	1330	0	1200.29	0
	1331	0	1199.4	0
	1332	0	1198.51	0
	1333	0	1197.62	0
	1334	0	1196.73	0
	1335	0	1195.85	0
	1336	0	1194.96	0
	1337	0	1194.08	0
	1338	0	1193.2	0
	1339	0	1192.32	0
	1340	0	1191.44	0
	1341	0	1190.57	0
	1342	0	1189.69	0
	1343	0	1188.82	0
	1344	0	1187.94	0
	1345	0	1187.07	0
	1346	0	1186.2	0
	1347	0	1185.33	0
	1348	0	1184.46	0
	1349	0	1183.59	0
	1350	0	1182.73	0
	1351	0	1181.86	0
	1352	0	1181	0
	1353	0	1180.14	0
	1354	0	1179.28	0
	1355	0	1178.42	0
	1356	0	1177.56	0
	1357	0	1176.7	0
	1358	0	1175.85	0
	1359	0	1174.99	0
	1360	0	1174.14	0
	1361	0	1173.29	0
	1362	0	1172.44	0
	1363	0	1171.59	0
	1364	0	1170.74	0
	1365	0	1169.89	0
	1366	0	1169.05	0
	1367	0	1168.2	0
	1368	0	1167.36	0
	1369	0	1166.52	0
	1370	0	1165.68	0
	1371	0	1164.84	0
	1372	0	1164	0
	1373	0	1163.16	0
	1374	0	1162.33	0
	1375	0	1161.49	0
	1376	0	1160.66	0
	1377	0	1159.83	0
	1378	0	1158.99	0
	1379	0	1158.16	0
	1380	0	1157.33	0
	1381	0	1156.51	0
	1382	0	1155.68	0
	1383	0	1154.86	0
	1384	0	1154.03	0
	1385	0	1153.21	0
	1386	0	1152.39	0
	1387	0	1151.57	0
	1388	0	1150.75	0
	1389	0	1149.93	0
	1390	0	1149.11	0
	1391	0	1148.29	0
	1392	0	1147.48	0
	1393	0	1146.67	0
	1394	0	1145.85	0
	1395	0	1145.04	0
	1396	0	1144.23	0
	1397	0	1143.42	0
	1398	0	1142.62	0
	1399	0	1141.81	0
	1400	0	1141	0
	1401	0	1140.2	0
	1402	0	1139.39	0
	1403	0	1138.59	0
	1404	0	1137.79	0
	1405	0	1136.99	0
	1406	0	1136.19	0
	1407	0	1135.39	0
	1408	0	1134.6	0
	1409	0	1133.8	0
	1410	0	1133.01	0
	1411	0	1132.22	0
	1412	0	1131.42	0
	1413	0	1130.63	0
	1414	0	1129.84	0
	1415	0	1129.05	0
	1416	0	1128.27	0
	1417	0	1127.48	0
	1418	0	1126.69	0
	1419	0	1125.91	0
	1420	0	1125.13	0
	1421	0	1124.34	0
	1422	0	1123.56	0
	1423	0	1122.78	0
	1424	0	1122	0
	1425	0	1121.22	0
	1426	0	1120.45	0
	1427	0	1119.67	0
	1428	0	1118.9	0
	1429	0	1118.12	0
	1430	0	1117.35	0
	1431	0	1116.58	0
	1432	0	1115.81	0
	1433	0	1115.04	0
	1434	0	1114.27	0
	1435	0	1113.5	0
	1436	0	1112.74	0
	1437	0	1111.97	0
	1438	0	1111.21	0
	1439	0	1110.45	0
	1440	0	1109.68	0
	1441	0	1108.92	0
	1442	0	1108.16	0
	1443	0	1107.4	0
	1444	0	1106.65	0
	1445	0	1105.89	0
	1446	0	1105.13	0
	1447	0	1104.38	0
	1448	0	1103.62	0
	1449	0	1102.87	0
	1450	0	1102.12	0
	1451	0	1101.37	0
	1452	0	1100.62	0
	1453	0	1099.87	0
	1454	0	1099.12	0
	1455	0	1098.38	0
	1456	0	1097.63	0
	1457	0	1096.89	0
	1458	0	1096.14	0
	1459	0	1095.4	0
	1460	0	1094.66	0
	1461	0	1093.92	0
	1462	0	1093.18	0
	1463	0	1092.44	0
	1464	0	1091.7	0
	1465	0	1090.97	0
	1466	0	1090.23	0
	1467	0	1089.5	0
	1468	0	1088.76	0
	1469	0	1088.03	0
	1470	0	1087.3	0
	1471	0	1086.57	0
	1472	0	1085.84	0
	1473	0	1085.11	0
	1474	0	1084.38	0
	1475	0	1083.66	0
	1476	0	1082.93	0
	1477	0	1082.21	0
	1478	0	1081.48	0
	1479	0	1080.76	0
	1480	0	1080.04	0
	1481	0	1079.32	0
	1482	0	1078.6	0
	1483	0	1077.88	0
	1484	0	1077.16	0
	1485	0	1076.44	0
	1486	0	1075.73	0
	1487	0	1075.01	0
	1488	0	1074.3	0
	1489	0	1073.58	0
	1490	0	1072.87	0
	1491	0	1072.16	0
	1492	0	1071.45	0
	1493	0	1070.74	0
	1494	0	1070.03	0
	1495	0	1069.32	0
	1496	0	1068.62	0
	1497	0	1067.91	0
	1498	0	1067.21	0
	1499	0	1066.5	0
	1500	0	1065.8	0
	1501	0	1065.1	0
	1502	0	1064.4	0
	1503	0	1063.7	0
	1504	0	1063	0
	1505	0	1062.3	0
	1506	0	1061.6	0
	1507	0	1060.91	0
	1508	0	1060.21	0
	1509	0	1059.52	0
	1510	0	1058.82	0
	1511	0	1058.13	0
	1512	0	1057.44	0
	1513	0	1056.75	0
	1514	0	1056.06	0
	1515	0	1055.37	0
	1516	0	1054.68	0
	1517	0	1053.99	0
	1518	0	1053.3	0
	1519	0	1052.62	0
	1520	0	1051.93	0
	1521	0	1051.25	0
	1522	0	1050.57	0
	1523	0	1049.89	0
	1524	0	1049.2	0
	1525	0	1048.52	0
	1526	0	1047.84	0
	1527	0	1047.17	0
	1528	0	1046.49	0
	1529	0	1045.81	0
	1530	0	1045.14	0
	1531	0	1044.46	0
	1532	0	1043.79	0
	1533	0	1043.11	0
	1534	0	1042.44	0
	1535	0	1041.77	0
	1536	0	1041.1	0
	1537	0	1040.43	0
	1538	0	1039.76	0
	1539	0	1039.09	0
	1540	0	1038.42	0
	1541	0	1037.76	0
	1542	0	1037.09	0
	1543	0	1036.43	0
	1544	0	1035.76	0
	1545	0	1035.1	0
	1546	0	1034.44	0
	1547	0	1033.78	0
	1548	0	1033.12	0
	1549	0	1032.46	0
	1550	0	1031.8	0
	1551	0	1031.14	0
	1552	0	1030.48	0
	1553	0	1029.83	0
	1554	0	1029.17	0
	1555	0	1028.52	0
	1556	0	1027.86	0
	1557	0	1027.21	0
	1558	0	1026.56	0
	1559	0	1025.91	0
	1560	0	1025.26	0
	1561	0	1024.61	0
	1562	0	1023.96	0
	1563	0	1023.31	0
	1564	0	1022.66	0
	1565	0	1022.02	0
	1566	0	1021.37	0
	1567	0	1020.73	0
	1568	0	1020.08	0
	1569	0	1019.44	0
	1570	0	1018.8	0
	1571	0	1018.16	0
	1572	0	1017.52	0
	1573	0	1016.88	0
	1574	0	1016.24	0
	1575	0	1015.6	0
	1576	0	1014.96	0
	1577	0	1014.32	0
	1578	0	1013.69	0
	1579	0	1013.05	0
	1580	0	1012.42	0
	1581	0	1011.79	0
	1582	0	1011.15	0
	1583	0	1010.52	0
	1584	0	1009.89	0
	1585	0	1009.26	0
	1586	0	1008.63	0
	1587	0	1008	0
	1588	0	1007.37	0
	1589	0	1006.75	0
	1590	0	1006.12	0
	1591	0	1005.49	0
	1592	0	1004.87	0
	1593	0	1004.25	0
	1594	0	1003.62	0
	1595	0	1003	0
	1596	0	1002.38	0
	1597	0	1001.76	0
	1598	0	1001.14	0
	1599	0	1000.52	0
	1600	0	999.899	0
	1601	0	999.281	0
	1602	0	998.664	0
	1603	0	998.047	0
	1604	0	997.432	0
	1605	0	996.817	0
	1606	0	996.203	0
	1607	0	995.589	0
	1608	0	994.977	0
	1609	0	994.365	0
	1610	0	993.754	0
	1611	0	993.143	0
	1612	0	992.534	0
	1613	0	991.925	0
	1614	0	991.317	0
	1615	0	990.71	0
	1616	0	990.103	0
	1617	0	989.497	0
	1618	0	988.892	0
	1619	0	988.288	0
	1620	0	987.684	0
	1621	0	987.081	0
	1622	0	986.479	0
	1623	0	985.878	0
	1624	0	985.277	0
	1625	0	984.677	0
	1626	0	984.078	0
	1627	0	983.479	0
	1628	0	982.882	0
	1629	0	982.285	0
	1630	0	981.688	0
	1631	0	981.093	0
	1632	0	980.498	0
	1633	0	979.904	0
	1634	0	979.31	0
	1635	0	978.717	0
	1636	0	978.125	0
	1637	0	977.534	0
	1638	0	976.944	0
	1639	0	976.354	0
	1640	0	975.765	0
	1641	0	975.176	0
	1642	0	974.588	0
	1643	0	974.001	0
	1644	0	973.415	0
	1645	0	972.83	0
	1646	0	972.245	0
	1647	0	971.66	0
	1648	0	971.077	0
	1649	0	970.494	0
	1650	0	969.912	0
	1651	0	969.331	0
	1652	0	968.75	0
	1653	0	968.17	0
	1654	0	967.591	0
	1655	0	967.012	0
	1656	0	966.434	0
	1657	0	965.857	0
	1658	0	965.28	0
	1659	0	964.704	0
	1660	0	964.129	0
	1661	0	963.555	0
	1662	0	962.981	0
	1663	0	962.408	0
	1664	0	961.835	0
	1665	0	961.264	0
	1666	0	960.693	0
	1667	0	960.122	0
	1668	0	959.552	0
	1669	0	958.983	0
	1670	0	958.415	0
	1671	0	957.847	0
	1672	0	957.28	0
	1673	0	956.714	0
	1674	0	956.148	0
	1675	0	955.583	0
	1676	0	955.019	0
	1677	0	954.455	0
	1678	0	953.892	0
	1679	0	953.33	0
	1680	0	952.768	0
	1681	0	952.207	0
	1682	0	951.647	0
	1683	0	951.087	0
	1684	0	950.528	0
	1685	0	949.97	0
	1686	0	949.412	0
	1687	0	948.855	0
	1688	0	948.298	0
	1689	0	947.743	0
	1690	0	947.187	0
	1691	0	946.633	0
	1692	0	946.079	0
	1693	0	945.526	0
	1694	0	944.973	0
	1695	0	944.422	0
	1696	0	943.87	0
	1697	0	943.32	0
	1698	0	942.77	0
	1699	0	942.22	0
	1700	0	941.672	0
	1701	0	941.124	0
	1702	0	940.576	0
	1703	0	940.03	0
	1704	0	939.483	0
	1705	0	938.938	0
	1706	0	938.393	0
	1707	0	937.849	0
	1708	0	937.305	0
	1709	0	936.762	0
	1710	0	936.22	0
	1711	0	935.678	0
	1712	0	935.137	0
	1713	0	934.597	0
	1714	0	934.057	0
	1715	0	933.518	0
	1716	0	932.979	0
	1717	0	932.441	0
	1718	0	931.904	0
	1719	0	931.367	0
	1720	0	930.831	0
	1721	0	930.295	0
	1722	0	929.76	0
	1723	0	929.226	0
	1724	0	928.692	0
	1725	0	928.159	0
	1726	0	927.627	0
	1727	0	927.095	0
	1728	0	926.564	0
	1729	0	926.033	0
	1730	0	925.503	0
	1731	0	924.974	0
	1732	0	924.445	0
	1733	0	923.917	0
	1734	0	923.389	0
	1735	0	922.862	0
	1736	0	922.336	0
	1737	0	921.81	0
	1738	0	921.285	0
	1739	0	920.761	0
	1740	0	920.237	0
	1741	0	919.713	0
	1742	0	919.19	0
	1743	0	918.668	0
	1744	0	918.147	0
	1745	0	917.626	0
	1746	0	917.105	0
	1747	0	916.585	0
	1748	0	916.066	0
	1749	0	915.547	0
	1750	0	915.029	0
	1751	0	914.512	0
	1752	0	913.995	0
	1753	0	913.479	0
	1754	0	912.963	0
	1755	0	912.448	0
	1756	0	911.933	0
	1757	0	911.419	0
	1758	0	910.906	0
	1759	0	910.393	0
	1760	0	909.881	0
	1761	0	909.369	0
	1762	0	908.858	0
	1763	0	908.348	0
	1764	0	907.838	0
	1765	0	907.328	0
	1766	0	906.819	0
	1767	0	906.311	0
	1768	0	905.804	0
	1769	0	905.296	0
	1770	0	904.79	0
	1771	0	904.284	0
	1772	0	903.779	0
	1773	0	903.274	0
	1774	0	902.769	0
	1775	0	902.266	0
	1776	0	901.763	0
	1777	0	901.26	0
	1778	0	900.758	0
	1779	0	900.256	0
	1780	0	899.756	0
	1781	0	899.255	0
	1782	0	898.755	0
	1783	0	898.256	0
	1784	0	897.758	0
	1785	0	897.259	0
	1786	0	896.762	0
	1787	0	896.265	0
	1788	0	895.768	0
	1789	0	895.272	0
	1790	0	894.777	0
	1791	0	894.282	0
	1792	0	893.788	0
	1793	0	893.294	0
	1794	0	892.801	0
	1795	0	892.308	0
	1796	0	891.816	0
	1797	0	891.325	0
	1798	0	890.834	0
	1799	0	890.343	0
	1800	0	889.853	0
	1801	0	889.364	0
	1802	0	888.875	0
	1803	0	888.387	0
	1804	0	887.899	0
	1805	0	887.412	0
	1806	0	886.925	0
	1807	0	886.439	0
	1808	0	885.953	0
	1809	0	885.468	0
	1810	0	884.983	0
	1811	0	884.499	0
	1812	0	884.016	0
	1813	0	883.533	0
	1814	0	883.05	0
	1815	0	882.568	0
	1816	0	882.087	0
	1817	0	881.606	0
	1818	0	881.126	0
	1819	0	880.646	0
	1820	0	880.166	0
	1821	0	879.688	0
	1822	0	879.209	0
	1823	0	878.732	0
	1824	0	878.254	0
	1825	0	877.778	0
	1826	0	877.301	0
	1827	0	876.826	0
	1828	0	876.35	0
	1829	0	875.876	0
	1830	0	875.402	0
	1831	0	874.928	0
	1832	0	874.455	0
	1833	0	873.982	0
	1834	0	873.51	0
	1835	0	873.039	0
	1836	0	872.567	0
	1837	0	872.097	0
	1838	0	871.627	0
	1839	0	871.157	0
	1840	0	870.688	0
	1841	0	870.22	0
	1842	0	869.752	0
	1843	0	869.284	0
	1844	0	868.817	0
	1845	0	868.35	0
	1846	0	867.884	0
	1847	0	867.419	0
	1848	0	866.954	0
	1849	0	866.489	0
	1850	0	866.025	0
	1851	0	865.562	0
	1852	0	865.099	0
	1853	0	864.636	0
	1854	0	864.174	0
	1855	0	863.712	0
	1856	0	863.251	0
	1857	0	862.791	0
	1858	0	862.331	0
	1859	0	861.871	0
	1860	0	861.412	0
	1861	0	860.953	0
	1862	0	860.495	0
	1863	0	860.038	0
	1864	0	859.58	0
	1865	0	859.124	0
	1866	0	858.668	0
	1867	0	858.212	0
	1868	0	857.757	0
	1869	0	857.302	0
	1870	0	856.848	0
	1871	0	856.394	0
	1872	0	855.941	0
	1873	0	855.488	0
	1874	0	855.035	0
	1875	0	854.584	0
	1876	0	854.132	0
	1877	0	853.681	0
	1878	0	853.231	0
	1879	0	852.781	0
	1880	0	852.331	0
	1881	0	851.882	0
	1882	0	851.434	0
	1883	0	850.986	0
	1884	0	850.538	0
	1885	0	850.091	0
	1886	0	849.644	0
	1887	0	849.198	0
	1888	0	848.752	0
	1889	0	848.307	0
	1890	0	847.862	0
	1891	0	847.418	0
	1892	0	846.974	0
	1893	0	846.531	0
	1894	0	846.088	0
	1895	0	845.646	0
	1896	0	845.204	0
	1897	0	844.762	0
	1898	0	844.321	0
	1899	0	843.88	0
	1900	0	843.44	0
	1901	0	843	0
	1902	0	842.561	0
	1903	0	842.122	0
	1904	0	841.684	0
	1905	0	841.246	0
	1906	0	840.809	0
	1907	0	840.372	0
	1908	0	839.935	0
	1909	0	839.499	0
	1910	0	839.064	0
	1911	0	838.629	0
	1912	0	838.194	0
	1913	0	837.76	0
	1914	0	837.326	0
	1915	0	836.893	0
	1916	0	836.46	0
	1917	0	836.027	0
	1918	0	835.595	0
	1919	0	835.164	0
	1920	0	834.733	0
	1921	0	834.302	0
	1922	0	833.872	0
	1923	0	833.442	0
	1924	0	833.013	0
	1925	0	832.584	0
	1926	0	832.155	0
	1927	0	831.727	0
	1928	0	831.3	0
	1929	0	830.873	0
	1930	0	830.446	0
	1931	0	830.02	0
	1932	0	829.594	0
	1933	0	829.168	0
	1934	0	828.743	0
	1935	0	828.319	0
	1936	0	827.895	0
	1937	0	827.471	0
	1938	0	827.048	0
	1939	0	826.625	0
	1940	0	826.203	0
	1941	0	825.781	0
	1942	0	825.36	0
	1943	0	824.938	0
	1944	0	824.518	0
	1945	0	824.098	0
	1946	0	823.678	0
	1947	0	823.259	0
	1948	0	822.84	0
	1949	0	822.421	0
	1950	0	822.003	0
	1951	0	821.585	0
	1952	0	821.168	0
	1953	0	820.751	0
	1954	0	820.335	0
	1955	0	819.919	0
	1956	0	819.504	0
	1957	0	819.089	0
	1958	0	818.674	0
	1959	0	818.26	0
	1960	0	817.846	0
	1961	0	817.432	0
	1962	0	817.019	0
	1963	0	816.607	0
	1964	0	816.195	0
	1965	0	815.783	0
	1966	0	815.372	0
	1967	0	814.961	0
	1968	0	814.55	0
	1969	0	814.14	0
	1970	0	813.73	0
	1971	0	813.321	0
	1972	0	812.912	0
	1973	0	812.504	0
	1974	0	812.096	0
	1975	0	811.688	0
	1976	0	811.281	0
	1977	0	810.874	0
	1978	0	810.468	0
	1979	0	810.062	0
	1980	0	809.656	0
	1981	0	809.251	0
	1982	0	808.846	0
	1983	0	808.442	0
	1984	0	808.038	0
	1985	0	807.634	0
	1986	0	807.231	0
	1987	0	806.828	0
	1988	0	806.426	0
	1989	0	806.024	0
	1990	0	805.622	0
	1991	0	805.221	0
	1992	0	804.82	0
	1993	0	804.42	0
	1994	0	804.02	0
	1995	0	803.621	0
	1996	0	803.221	0
	1997	0	802.823	0
	1998	0	802.424	0
	1999	0	802.026	0
	2000	0	801.629	0
	2001	0	801.232	0
	2002	0	800.835	0
	2003	0	800.438	0
	2004	0	800.042	0
	2005	0	799.647	0
	2006	0	799.251	0
	2007	0	798.857	0
	2008	0	798.462	0
	2009	0	798.068	0
	2010	0	797.674	0
	2011	0	797.281	0
	2012	0	796.888	0
	2013	0	796.496	0
	2014	0	796.104	0
	2015	0	795.712	0
	2016	0	795.321	0
	2017	0	794.93	0
	2018	0	794.539	0
	2019	0	794.149	0
	2020	0	793.759	0
	2021	0	793.37	0
	2022	0	792.981	0
	2023	0	792.592	0
	2024	0	792.204	0
	2025	0	791.816	0
	2026	0	791.428	0
	2027	0	791.041	0
	2028	0	790.654	0
	2029	0	790.268	0
	2030	0	789.882	0
	2031	0	789.496	0
	2032	0	789.111	0
	2033	0	788.726	0
	2034	0	788.342	0
	2035	0	787.957	0
	2036	0	787.574	0
	2037	0	787.19	0
	2038	0	786.807	0
	2039	0	786.425	0
	2040	0	786.042	0
	2041	0	785.66	0
	2042	0	785.279	0
	2043	0	784.898	0
	2044	0	784.517	0
	2045	0	784.137	0
	2046	0	783.756	0
	2047	0	783.377	0
	2048	0	782.997	0
	2049	0	782.619	0
	2050	0	782.24	0
	2051	0	781.862	0
	2052	0	781.484	0
	2053	0	781.106	0
	2054	0	780.729	0
	2055	0	780.353	0
	2056	0	779.976	0
	2057	0	779.6	0
	2058	0	779.224	0
	2059	0	778.849	0
	2060	0	778.474	0
	2061	0	778.1	0
	2062	0	777.725	0
	2063	0	777.352	0
	2064	0	776.978	0
	2065	0	776.605	0
	2066	0	776.232	0
	2067	0	775.86	0
	2068	0	775.488	0
	2069	0	775.116	0
	2070	0	774.745	0
	2071	0	774.374	0
	2072	0	774.003	0
	2073	0	773.633	0
	2074	0	773.263	0
	2075	0	772.893	0
	2076	0	772.524	0
	2077	0	772.155	0
	2078	0	771.786	0
	2079	0	771.418	0
	2080	0	771.05	0
	2081	0	770.683	0
	2082	0	770.316	0
	2083	0	769.949	0
	2084	0	769.583	0
	2085	0	769.217	0
	2086	0	768.851	0
	2087	0	768.485	0
	2088	0	768.12	0
	2089	0	767.756	0
	2090	0	767.391	0
	2091	0	767.027	0
	2092	0	766.664	0
	2093	0	766.3	0
	2094	0	765.937	0
	2095	0	765.575	0
	2096	0	765.213	0
	2097	0	764.851	0
	2098	0	764.489	0
	2099	0	764.128	0
	2100	0	763.767	0
	2101	0	763.406	0
	2102	0	763.046	0
	2103	0	762.686	0
	2104	0	762.327	0
	2105	0	761.967	0
	2106	0	761.609	0
	2107	0	761.25	0
	2108	0	760.892	0
	2109	0	760.534	0
	2110	0	760.177	0
	2111	0	759.819	0
	2112	0	759.462	0
	2113	0	759.106	0
	2114	0	758.75	0
	2115	0	758.394	0
	2116	0	758.038	0
	2117	0	757.683	0
	2118	0	757.328	0
	2119	0	756.974	0
	2120	0	756.62	0
	2121	0	756.266	0
	2122	0	755.912	0
	2123	0	755.559	0
	2124	0	755.206	0
	2125	0	754.854	0
	2126	0	754.502	0
	2127	0	754.15	0
	2128	0	753.798	0
	2129	0	753.447	0
	2130	0	753.096	0
	2131	0	752.745	0
	2132	0	752.395	0
	2133	0	752.045	0
	2134	0	751.696	0
	2135	0	751.347	0
	2136	0	750.998	0
	2137	0	750.649	0
	2138	0	750.301	0
	2139	0	749.953	0
	2140	0	749.605	0
	2141	0	749.258	0
	2142	0	748.911	0
	2143	0	748.564	0
	2144	0	748.218	0
	2145	0	747.872	0
	2146	0	747.526	0
	2147	0	747.181	0
	2148	0	746.835	0
	2149	0	746.491	0
	2150	0	746.146	0
	2151	0	745.802	0
	2152	0	745.458	0
	2153	0	745.115	0
	2154	0	744.772	0
	2155	0	744.429	0
	2156	0	744.086	0
	2157	0	743.744	0
	2158	0	743.402	0
	2159	0	743.061	0
	2160	0	742.719	0
	2161	0	742.378	0
	2162	0	742.038	0
	2163	0	741.697	0
	2164	0	741.357	0
	2165	0	741.018	0
	2166	0	740.678	0
	2167	0	740.339	0
	2168	0	740	0
	2169	0	739.662	0
	2170	0	739.324	0
	2171	0	738.986	0
	2172	0	738.648	0
	2173	0	738.311	0
	2174	0	737.974	0
	2175	0	737.637	0
	2176	0	737.301	0
	2177	0	736.965	0
	2178	0	736.629	0
	2179	0	736.294	0
	2180	0	735.959	0
	2181	0	735.624	0
	2182	0	735.29	0
	2183	0	734.955	0
	2184	0	734.621	0
	2185	0	734.288	0
	2186	0	733.955	0
	2187	0	733.622	0
	2188	0	733.289	0
	2189	0	732.957	0
	2190	0	732.625	0
	2191	0	732.293	0
	2192	0	731.961	0
	2193	0	731.63	0
	2194	0	731.299	0
	2195	0	730.969	0
	2196	0	730.638	0
	2197	0	730.308	0
	2198	0	729.979	0
	2199	0	729.649	0
	2200	0	729.32	0
	2201	0	728.992	0
	2202	0	728.663	0
	2203	0	728.335	0
	2204	0	728.007	0
	2205	0	727.679	0
	2206	0	727.352	0
	2207	0	727.025	0
	2208	0	726.698	0
	2209	0	726.372	0
	2210	0	726.046	0
	2211	0	725.72	0
	2212	0	725.394	0
	2213	0	725.069	0
	2214	0	724.744	0
	2215	0	724.42	0
	2216	0	724.095	0
	2217	0	723.771	0
	2218	0	723.447	0
	2219	0	723.124	0
	2220	0	722.801	0
	2221	0	722.478	0
	2222	0	722.155	0
	2223	0	721.833	0
	2224	0	721.511	0
	2225	0	721.189	0
	2226	0	720.867	0
	2227	0	720.546	0
	2228	0	720.225	0
	2229	0	719.904	0
	2230	0	719.584	0
	2231	0	719.264	0
	2232	0	718.944	0
	2233	0	718.625	0
	2234	0	718.306	0
	2235	0	717.987	0
	2236	0	717.668	0
	2237	0	717.35	0
	2238	0	717.032	0
	2239	0	716.714	0
	2240	0	716.396	0
	2241	0	716.079	0
	2242	0	715.762	0
	2243	0	715.445	0
	2244	0	715.129	0
	2245	0	714.813	0
	2246	0	714.497	0
	2247	0	714.181	0
	2248	0	713.866	0
	2249	0	713.551	0
	2250	0	713.236	0
	2251	0	712.922	0
	2252	0	712.608	0
	2253	0	712.294	0
	2254	0	711.98	0
	2255	0	711.667	0
	2256	0	711.354	0
	2257	0	711.041	0
	2258	0	710.729	0
	2259	0	710.416	0
	2260	0	710.104	0
	2261	0	709.793	0
	2262	0	709.481	0
	2263	0	709.17	0
	2264	0	708.859	0
	2265	0	708.549	0
	2266	0	708.238	0
	2267	0	707.928	0
	2268	0	707.619	0
	2269	0	707.309	0
	2270	0	707	0
	2271	0	706.691	0
	2272	0	706.382	0
	2273	0	706.074	0
	2274	0	705.766	0
	2275	0	705.458	0
	2276	0	705.15	0
	2277	0	704.843	0
	2278	0	704.536	0
	2279	0	704.229	0
	2280	0	703.922	0
	2281	0	703.616	0
	2282	0	703.31	0
	2283	0	703.004	0
	2284	0	702.699	0
	2285	0	702.393	0
	2286	0	702.089	0
	2287	0	701.784	0
	2288	0	701.479	0
	2289	0	701.175	0
	2290	0	700.871	0
	2291	0	700.568	0
	2292	0	700.264	0
	2293	0	699.961	0
	2294	0	699.658	0
	2295	0	699.356	0
	2296	0	699.053	0
	2297	0	698.751	0
	2298	0	698.45	0
	2299	0	698.148	0
	2300	0	697.847	0
	2301	0	697.546	0
	2302	0	697.245	0
	2303	0	696.944	0
	2304	0	696.644	0
	2305	0	696.344	0
	2306	0	696.045	0
	2307	0	695.745	0
	2308	0	695.446	0
	2309	0	695.147	0
	2310	0	694.848	0
	2311	0	694.55	0
	2312	0	694.252	0
	2313	0	693.954	0
	2314	0	693.656	0
	2315	0	693.359	0
	2316	0	693.061	0
	2317	0	692.764	0
	2318	0	692.468	0
	2319	0	692.171	0
	2320	0	691.875	0
	2321	0	691.579	0
	2322	0	691.284	0
	2323	0	690.988	0
	2324	0	690.693	0
	2325	0	690.398	0
	2326	0	690.104	0
	2327	0	689.809	0
	2328	0	689.515	0
	2329	0	689.221	0
	2330	0	688.928	0
	2331	0	688.634	0
	2332	0	688.341	0
	2333	0	688.048	0
	2334	0	687.756	0
	2335	0	687.463	0
	2336	0	687.171	0
	2337	0	686.879	0
	2338	0	686.588	0
	2339	0	686.296	0
	2340	0	686.005	0
	2341	0	685.714	0
	2342	0	685.424	0
	2343	0	685.133	0
	2344	0	684.843	0
	2345	0	684.553	0
	2346	0	684.263	0
	2347	0	683.974	0
	2348	0	683.685	0
	2349	0	683.396	0
	2350	0	683.107	0
	2351	0	682.819	0
	2352	0	682.531	0
	2353	0	682.243	0
	2354	0	681.955	0
	2355	0	681.667	0
	2356	0	681.38	0
	2357	0	681.093	0
	2358	0	680.806	0
	2359	0	680.52	0
	2360	0	680.234	0
	2361	0	679.948	0
	2362	0	679.662	0
	2363	0	679.376	0
	2364	0	679.091	0
	2365	0	678.806	0
	2366	0	678.521	0
	2367	0	678.237	0
	2368	0	677.952	0
	2369	0	677.668	0
	2370	0	677.384	0
	2371	0	677.101	0
	2372	0	676.817	0
	2373	0	676.534	0
	2374	0	676.251	0
	2375	0	675.968	0
	2376	0	675.686	0
	2377	0	675.404	0
	2378	0	675.122	0
	2379	0	674.84	0
	2380	0	674.559	0
	2381	0	674.277	0
	2382	0	673.996	0
	2383	0	673.715	0
	2384	0	673.435	0
	2385	0	673.154	0
	2386	0	672.874	0
	2387	0	672.595	0
	2388	0	672.315	0
	2389	0	672.035	0
	2390	0	671.756	0
	2391	0	671.477	0
	2392	0	671.199	0
	2393	0	670.92	0
	2394	0	670.642	0
	2395	0	670.364	0
	2396	0	670.086	0
	2397	0	669.809	0
	2398	0	669.531	0
	2399	0	669.254	0
	2400	0	668.977	0
	2401	0	668.701	0
	2402	0	668.424	0
	2403	0	668.148	0
	2404	0	667.872	0
	2405	0	667.596	0
	2406	0	667.321	0
	2407	0	667.046	0
	2408	0	666.771	0
	2409	0	666.496	0
	2410	0	666.221	0
	2411	0	665.947	0
	2412	0	665.673	0
	2413	0	665.399	0
	2414	0	665.125	0
	2415	0	664.852	0
	2416	0	664.578	0
	2417	0	664.305	0
	2418	0	664.033	0
	2419	0	663.76	0
	2420	0	663.488	0
	2421	0	663.216	0
	2422	0	662.944	0
	2423	0	662.672	0
	2424	0	662.401	0
	2425	0	662.129	0
	2426	0	661.858	0
	2427	0	661.588	0
	2428	0	661.317	0
	2429	0	661.047	0
	2430	0	660.777	0
	2431	0	660.507	0
	2432	0	660.237	0
	2433	0	659.967	0
	2434	0	659.698	0
	2435	0	659.429	0
	2436	0	659.16	0
	2437	0	658.892	0
	2438	0	658.624	0
	2439	0	658.355	0
	2440	0	658.087	0
	2441	0	657.82	0
	2442	0	657.552	0
	2443	0	657.285	0
	2444	0	657.018	0
	2445	0	656.751	0
	2446	0	656.484	0
	2447	0	656.218	0
	2448	0	655.952	0
	2449	0	655.686	0
	2450	0	655.42	0
	2451	0	655.155	0
	2452	0	654.889	0
	2453	0	654.624	0
	2454	0	654.359	0
	2455	0	654.095	0
	2456	0	653.83	0
	2457	0	653.566	0
	2458	0	653.302	0
	2459	0	653.038	0
	2460	0	652.774	0
	2461	0	652.511	0
	2462	0	652.248	0
	2463	0	651.985	0
	2464	0	651.722	0
	2465	0	651.46	0
	2466	0	651.197	0
	2467	0	650.935	0
	2468	0	650.673	0
	2469	0	650.411	0
	2470	0	650.15	0
	2471	0	649.889	0
	2472	0	649.628	0
	2473	0	649.367	0
	2474	0	649.106	0
	2475	0	648.846	0
	2476	0	648.585	0
	2477	0	648.325	0
	2478	0	648.065	0
	2479	0	647.806	0
	2480	0	647.546	0
	2481	0	647.287	0
	2482	0	647.028	0
	2483	0	646.769	0
	2484	0	646.511	0
	2485	0	646.253	0
	2486	0	645.994	0
	2487	0	645.736	0
	2488	0	645.479	0
	2489	0	645.221	0
	2490	0	644.964	0
	2491	0	644.707	0
	2492	0	644.45	0
	2493	0	644.193	0
	2494	0	643.936	0
	2495	0	643.68	0
	2496	0	643.424	0
	2497	0	643.168	0
	2498	0	642.912	0
	2499	0	642.657	0
	2500	0	642.402	0
	2501	0	642.146	0
	2502	0	641.892	0
	2503	0	641.637	0
	2504	0	641.382	0
	2505	0	641.128	0
	2506	0	640.874	0
	2507	0	640.62	0
	2508	0	640.366	0
	2509	0	640.113	0
	2510	0	639.86	0
	2511	0	639.607	0
	2512	0	639.354	0
	2513	0	639.101	0
	2514	0	638.849	0
	2515	0	638.596	0
	2516	0	638.344	0
	2517	0	638.092	0
	2518	0	637.841	0
	2519	0	637.589	0
	2520	0	637.338	0
	2521	0	637.087	0
	2522	0	636.836	0
	2523	0	636.585	0
	2524	0	636.335	0
	2525	0	636.084	0
	2526	0	635.834	0
	2527	0	635.584	0
	2528	0	635.335	0
	2529	0	635.085	0
	2530	0	634.836	0
	2531	0	634.587	0
	2532	0	634.338	0
	2533	0	634.089	0
	2534	0	633.84	0
	2535	0	633.592	0
	2536	0	633.344	0
	2537	0	633.096	0
	2538	0	632.848	0
	2539	0	632.601	0
	2540	0	632.353	0
	2541	0	632.106	0
	2542	0	631.859	0
	2543	0	631.612	0
	2544	0	631.366	0
	2545	0	631.119	0
	2546	0	630.873	0
	2547	0	630.627	0
	2548	0	630.381	0
	2549	0	630.136	0
	2550	0	629.89	0
	2551	0	629.645	0
	2552	0	629.4	0
	2553	0	629.155	0
	2554	0	628.91	0
	2555	0	628.666	0
	2556	0	628.421	0
	2557	0	628.177	0
	2558	0	627.933	0
	2559	0	627.69	0
	2560	0	627.446	0
	2561	0	627.203	0
	2562	0	626.96	0
	2563	0	626.717	0
	2564	0	626.474	0
	2565	0	626.231	0
	2566	0	625.989	0
	2567	0	625.746	0
	2568	0	625.504	0
	2569	0	625.263	0
	2570	0	625.021	0
	2571	0	624.779	0
	2572	0	624.538	0
	2573	0	624.297	0
	2574	0	624.056	0
	2575	0	623.815	0
	2576	0	623.575	0
	2577	0	623.334	0
	2578	0	623.094	0
	2579	0	622.854	0
	2580	0	622.614	0
	2581	0	622.375	0
	2582	0	622.135	0
	2583	0	621.896	0
	2584	0	621.657	0
	2585	0	621.418	0
	2586	0	621.179	0
	2587	0	620.941	0
	2588	0	620.703	0
	2589	0	620.464	0
	2590	0	620.226	0
	2591	0	619.989	0
	2592	0	619.751	0
	2593	0	619.514	0
	2594	0	619.276	0
	2595	0	619.039	0
	2596	0	618.802	0
	2597	0	618.566	0
	2598	0	618.329	0
	2599	0	618.093	0
	2600	0	617.857	0
	2601	0	617.621	0
	2602	0	617.385	0
	2603	0	617.149	0
	2604	0	616.914	0
	2605	0	616.679	0
	2606	0	616.443	0
	2607	0	616.209	0
	2608	0	615.974	0
	2609	0	615.739	0
	2610	0	615.505	0
	2611	0	615.271	0
	2612	0	615.037	0
	2613	0	614.803	0
	2614	0	614.569	0
	2615	0	614.336	0
	2616	0	614.102	0
	2617	0	613.869	0
	2618	0	613.636	0
	2619	0	613.404	0
	2620	0	613.171	0
	2621	0	612.939	0
	2622	0	612.706	0
	2623	0	612.474	0
	2624	0	612.242	0
	2625	0	612.011	0
	2626	0	611.779	0
	2627	0	611.548	0
	2628	0	611.317	0
	2629	0	611.086	0
	2630	0	610.855	0
	2631	0	610.624	0
	2632	0	610.394	0
	2633	0	610.163	0
	2634	0	609.933	0
	2635	0	609.703	0
	2636	0	609.473	0
	2637	0	609.244	0
	2638	0	609.014	0
	2639	0	608.785	0
	2640	0	608.556	0
	2641	0	608.327	0
	2642	0	608.098	0
	2643	0	607.87	0
	2644	0	607.641	0
	2645	0	607.413	0
	2646	0	607.185	0
	2647	0	606.957	0
	2648	0	606.729	0
	2649	0	606.502	0
	2650	0	606.274	0
	2651	0	606.047	0
	2652	0	605.82	0
	2653	0	605.593	0
	2654	0	605.367	0
	2655	0	605.14	0
	2656	0	604.914	0
	2657	0	604.687	0
	2658	0	604.461	0
	2659	0	604.236	0
	2660	0	604.01	0
	2661	0	603.784	0
	2662	0	603.559	0
	2663	0	603.334	0
	2664	0	603.109	0
	2665	0	602.884	0
	2666	0	602.659	0
	2667	0	602.435	0
	2668	0	602.21	0
	2669	0	601.986	0
	2670	0	601.762	0
	2671	0	601.538	0
	2672	0	601.315	0
	2673	0	601.091	0
	2674	0	600.868	0
	2675	0	600.645	0
	2676	0	600.422	0
	2677	0	600.199	0
	2678	0	599.976	0
	2679	0	599.753	0
	2680	0	599.531	0
	2681	0	599.309	0
	2682	0	599.087	0
	2683	0	598.865	0
	2684	0	598.643	0
	2685	0	598.422	0
	2686	0	598.2	0
	2687	0	597.979	0
	2688	0	597.758	0
	2689	0	597.537	0
	2690	0	597.317	0
	2691	0	597.096	0
	2692	0	596.876	0
	2693	0	596.655	0
	2694	0	596.435	0
	2695	0	596.215	0
	2696	0	595.996	0
	2697	0	595.776	0
	2698	0	595.557	0
	2699	0	595.337	0
	2700	0	595.118	0
	2701	0	594.899	0
	2702	0	594.681	0
	2703	0	594.462	0
	2704	0	594.244	0
	2705	0	594.025	0
	2706	0	593.807	0
	2707	0	593.589	0
	2708	0	593.371	0
	2709	0	593.154	0
	2710	0	592.936	0
	2711	0	592.719	0
	2712	0	592.502	0
	2713	0	592.285	0
	2714	0	592.068	0
	2715	0	591.851	0
	2716	0	591.635	0
	2717	0	591.418	0
	2718	0	591.202	0
	2719	0	590.986	0
	2720	0	590.77	0
	2721	0	590.554	0
	2722	0	590.339	0
	2723	0	590.123	0
	2724	0	589.908	0
	2725	0	589.693	0
	2726	0	589.478	0
	2727	0	589.263	0
	2728	0	589.048	0
	2729	0	588.834	0
	2730	0	588.62	0
	2731	0	588.405	0
	2732	0	588.191	0
	2733	0	587.978	0
	2734	0	587.764	0
	2735	0	587.55	0
	2736	0	587.337	0
	2737	0	587.124	0
	2738	0	586.911	0
	2739	0	586.698	0
	2740	0	586.485	0
	2741	0	586.272	0
	2742	0	586.06	0
	2743	0	585.847	0
	2744	0	585.635	0
	2745	0	585.423	0
	2746	0	585.211	0
	2747	0	585	0
	2748	0	584.788	0
	2749	0	584.577	0
	2750	0	584.365	0
	2751	0	584.154	0
	2752	0	583.943	0
	2753	0	583.733	0
	2754	0	583.522	0
	2755	0	583.311	0
	2756	0	583.101	0
	2757	0	582.891	0
	2758	0	582.681	0
	2759	0	582.471	0
	2760	0	582.261	0
	2761	0	582.052	0
	2762	0	581.842	0
	2763	0	581.633	0
	2764	0	581.424	0
	2765	0	581.215	0
	2766	0	581.006	0
	2767	0	580.797	0
	2768	0	580.589	0
	2769	0	580.381	0
	2770	0	580.172	0
	2771	0	579.964	0
	2772	0	579.756	0
	2773	0	579.549	0
	2774	0	579.341	0
	2775	0	579.133	0
	2776	0	578.926	0
	2777	0	578.719	0
	2778	0	578.512	0
	2779	0	578.305	0
	2780	0	578.098	0
	2781	0	577.892	0
	2782	0	577.685	0
	2783	0	577.479	0
	2784	0	577.273	0
	2785	0	577.067	0
	2786	0	576.861	0
	2787	0	576.655	0
	2788	0	576.45	0
	2789	0	576.244	0
	2790	0	576.039	0
	2791	0	575.834	0
	2792	0	575.629	0
	2793	0	575.424	0
	2794	0	575.219	0
	2795	0	575.015	0
	2796	0	574.81	0
	2797	0	574.606	0
	2798	0	574.402	0
	2799	0	574.198	0
	2800	0	573.994	0
	2801	0	573.791	0
	2802	0	573.587	0
	2803	0	573.384	0
	2804	0	573.18	0
	2805	0	572.977	0
	2806	0	572.774	0
	2807	0	572.572	0
	2808	0	572.369	0
	2809	0	572.166	0
	2810	0	571.964	0
	2811	0	571.762	0
	2812	0	571.56	0
	2813	0	571.358	0
	2814	0	571.156	0
	2815	0	570.954	0
	2816	0	570.753	0
	2817	0	570.551	0
	2818	0	570.35	0
	2819	0	570.149	0
	2820	0	569.948	0
	2821	0	569.747	0
	2822	0	569.547	0
	2823	0	569.346	0
	2824	0	569.146	0
	2825	0	568.945	0
	2826	0	568.745	0
	2827	0	568.545	0
	2828	0	568.346	0
	2829	0	568.146	0
	2830	0	567.946	0
	2831	0	567.747	0
	2832	0	567.548	0
	2833	0	567.349	0
	2834	0	567.15	0
	2835	0	566.951	0
	2836	0	566.752	0
	2837	0	566.553	0
	2838	0	566.355	0
	2839	0	566.157	0
	2840	0	565.959	0
	2841	0	565.761	0
	2842	0	565.563	0
	2843	0	565.365	0
	2844	0	565.167	0
	2845	0	564.97	0
	2846	0	564.773	0
	2847	0	564.575	0
	2848	0	564.378	0
	2849	0	564.181	0
	2850	0	563.985	0
	2851	0	563.788	0
	2852	0	563.592	0
	2853	0	563.395	0
	2854	0	563.199	0
	2855	0	563.003	0
	2856	0	562.807	0
	2857	0	562.611	0
	2858	0	562.416	0
	2859	0	562.22	0
	2860	0	562.025	0
	2861	0	561.829	0
	2862	0	561.634	0
	2863	0	561.439	0
	2864	0	561.244	0
	2865	0	561.05	0
	2866	0	560.855	0
	2867	0	560.661	0
	2868	0	560.466	0
	2869	0	560.272	0
	2870	0	560.078	0
	2871	0	559.884	0
	2872	0	559.69	0
	2873	0	559.497	0
	2874	0	559.303	0
	2875	0	559.11	0
	2876	0	558.917	0
	2877	0	558.723	0
	2878	0	558.53	0
	2879	0	558.338	0
	2880	0	558.145	0
	2881	0	557.952	0
	2882	0	557.76	0
	2883	0	557.568	0
	2884	0	557.375	0
	2885	0	557.183	0
	2886	0	556.991	0
	2887	0	556.8	0
	2888	0	556.608	0
	2889	0	556.416	0
	2890	0	556.225	0
	2891	0	556.034	0
	2892	0	555.843	0
	2893	0	555.652	0
	2894	0	555.461	0
	2895	0	555.27	0
	2896	0	555.079	0
	2897	0	554.889	0
	2898	0	554.699	0
	2899	0	554.508	0
	2900	0	554.318	0
	2901	0	554.128	0
	2902	0	553.939	0
	2903	0	553.749	0
	2904	0	553.559	0
	2905	0	553.37	0
	2906	0	553.181	0
	2907	0	552.991	0
	2908	0	552.802	0
	2909	0	552.613	0
	2910	0	552.425	0
	2911	0	552.236	0
	2912	0	552.048	0
	2913	0	551.859	0
	2914	0	551.671	0
	2915	0	551.483	0
	2916	0	551.295	0
	2917	0	551.107	0
	2918	0	550.919	0
	2919	0	550.731	0
	2920	0	550.544	0
	2921	0	550.357	0
	2922	0	550.169	0
	2923	0	549.982	0
	2924	0	549.795	0
	2925	0	549.608	0
	2926	0	549.422	0
	2927	0	549.235	0
	2928	0	549.049	0
	2929	0	548.862	0
	2930	0	548.676	0
	2931	0	548.49	0
	2932	0	548.304	0
	2933	0	548.118	0
	2934	0	547.932	0
	2935	0	547.747	0
	2936	0	547.561	0
	2937	0	547.376	0
	2938	0	547.191	0
	2939	0	547.006	0
	2940	0	546.821	0
	2941	0	546.636	0
	2942	0	546.451	0
	2943	0	546.266	0
	2944	0	546.082	0
	2945	0	545.898	0
	2946	0	545.713	0
	2947	0	545.529	0
	2948	0	545.345	0
	2949	0	545.161	0
	2950	0	544.978	0
	2951	0	544.794	0
	2952	0	544.611	0
	2953	0	544.427	0
	2954	0	544.244	0
	2955	0	544.061	0
	2956	0	543.878	0
	2957	0	543.695	0
	2958	0	543.512	0
	2959	0	543.33	0
	2960	0	543.147	0
	2961	0	542.965	0
	2962	0	542.783	0
	2963	0	542.601	0
	2964	0	542.419	0
	2965	0	542.237	0
	2966	0	542.055	0
	2967	0	541.873	0
	2968	0	541.692	0
	2969	0	541.51	0
	2970	0	541.329	0
	2971	0	541.148	0
	2972	0	540.967	0
	2973	0	540.786	0
	2974	0	540.605	0
	2975	0	540.424	0
	2976	0	540.244	0
	2977	0	540.064	0
	2978	0	539.883	0
	2979	0	539.703	0
	2980	0	539.523	0
	2981	0	539.343	0
	2982	0	539.163	0
	2983	0	538.983	0
	2984	0	538.804	0
	2985	0	538.624	0
	2986	0	538.445	0
	2987	0	538.266	0
	2988	0	538.087	0
	2989	0	537.908	0
	2990	0	537.729	0
	2991	0	537.55	0
	2992	0	537.371	0
	2993	0	537.193	0
	2994	0	537.015	0
	2995	0	536.836	0
	2996	0	536.658	0
	2997	0	536.48	0
	2998	0	536.302	0
	2999	0	536.124	0
	3000	0	535.947	0
	3001	0	535.769	0
	3002	0	535.592	0
	3003	0	535.414	0
	3004	0	535.237	0
	3005	0	535.06	0
	3006	0	534.883	0
	3007	0	534.706	0
	3008	0	534.529	0
	3009	0	534.353	0
	3010	0	534.176	0
	3011	0	534	0
	3012	0	533.824	0
	3013	0	533.647	0
	3014	0	533.471	0
	3015	0	533.295	0
	3016	0	533.12	0
	3017	0	532.944	0
	3018	0	532.768	0
	3019	0	532.593	0
	3020	0	532.418	0
	3021	0	532.242	0
	3022	0	532.067	0
	3023	0	531.892	0
	3024	0	531.717	0
	3025	0	531.542	0
	3026	0	531.368	0
	3027	0	531.193	0
	3028	0	531.019	0
	3029	0	530.845	0
	3030	0	530.67	0
	3031	0	530.496	0
	3032	0	530.322	0
	3033	0	530.148	0
	3034	0	529.975	0
	3035	0	529.801	0
	3036	0	529.628	0
	3037	0	529.454	0
	3038	0	529.281	0
	3039	0	529.108	0
	3040	0	528.935	0
	3041	0	528.762	0
	3042	0	528.589	0
	3043	0	528.416	0
	3044	0	528.243	0
	3045	0	528.071	0
	3046	0	527.899	0
	3047	0	527.726	0
	3048	0	527.554	0
	3049	0	527.382	0
	3050	0	527.21	0
	3051	0	527.038	0
	3052	0	526.867	0
	3053	0	526.695	0
	3054	0	526.523	0
	3055	0	526.352	0
	3056	0	526.181	0
	3057	0	526.01	0
	3058	0	525.839	0
	3059	0	525.668	0
	3060	0	525.497	0
	3061	0	525.326	0
	3062	0	525.156	0
	3063	0	524.985	0
	3064	0	524.815	0
	3065	0	524.644	0
	3066	0	524.474	0
	3067	0	524.304	0
	3068	0	524.134	0
	3069	0	523.964	0
	3070	0	523.795	0
	3071	0	523.625	0
	3072	0	523.456	0
	3073	0	523.286	0
	3074	0	523.117	0
	3075	0	522.948	0
	3076	0	522.779	0
	3077	0	522.61	0
	3078	0	522.441	0
	3079	0	522.272	0
	3080	0	522.104	0
	3081	0	521.935	0
	3082	0	521.767	0
	3083	0	521.598	0
	3084	0	521.43	0
	3085	0	521.262	0
	3086	0	521.094	0
	3087	0	520.926	0
	3088	0	520.758	0
	3089	0	520.591	0
	3090	0	520.423	0
	3091	0	520.256	0
	3092	0	520.088	0
	3093	0	519.921	0
	3094	0	519.754	0
	3095	0	519.587	0
	3096	0	519.42	0
	3097	0	519.253	0
	3098	0	519.087	0
	3099	0	518.92	0
	3100	0	518.754	0
	3101	0	518.587	0
	3102	0	518.421	0
	3103	0	518.255	0
	3104	0	518.089	0
	3105	0	517.923	0
	3106	0	517.757	0
	3107	0	517.591	0
	3108	0	517.426	0
	3109	0	517.26	0
	3110	0	517.095	0
	3111	0	516.93	0
	3112	0	516.764	0
	3113	0	516.599	0
	3114	0	516.434	0
	3115	0	516.27	0
	3116	0	516.105	0
	3117	0	515.94	0
	3118	0	515.776	0
	3119	0	515.611	0
	3120	0	515.447	0
	3121	0	515.282	0
	3122	0	515.118	0
	3123	0	514.954	0
	3124	0	514.79	0
	3125	0	514.627	0
	3126	0	514.463	0
	3127	0	514.299	0
	3128	0	514.136	0
	3129	0	513.972	0
	3130	0	513.809	0
	3131	0	513.646	0
	3132	0	513.483	0
	3133	0	513.32	0
	3134	0	513.157	0
	3135	0	512.994	0
	3136	0	512.831	0
	3137	0	512.669	0
	3138	0	512.506	0
	3139	0	512.344	0
	3140	0	512.182	0
	3141	0	512.019	0
	3142	0	511.857	0
	3143	0	511.695	0
	3144	0	511.533	0
	3145	0	511.372	0
	3146	0	511.21	0
	3147	0	511.048	0
	3148	0	510.887	0
	3149	0	510.726	0
	3150	0	510.564	0
	3151	0	510.403	0
	3152	0	510.242	0
	3153	0	510.081	0
	3154	0	509.92	0
	3155	0	509.76	0
	3156	0	509.599	0
	3157	0	509.438	0
	3158	0	509.278	0
	3159	0	509.118	0
	3160	0	508.957	0
	3161	0	508.797	0
	3162	0	508.637	0
	3163	0	508.477	0
	3164	0	508.318	0
	3165	0	508.158	0
	3166	0	507.998	0
	3167	0	507.839	0
	3168	0	507.679	0
	3169	0	507.52	0
	3170	0	507.361	0
	3171	0	507.201	0
	3172	0	507.042	0
	3173	0	506.884	0
	3174	0	506.725	0
	3175	0	506.566	0
	3176	0	506.407	0
	3177	0	506.249	0
	3178	0	506.09	0
	3179	0	505.932	0
	3180	0	505.774	0
	3181	0	505.616	0
	3182	0	505.458	0
	3183	0	505.3	0
	3184	0	505.142	0
	3185	0	504.984	0
	3186	0	504.826	0
	3187	0	504.669	0
	3188	0	504.511	0
	3189	0	504.354	0
	3190	0	504.197	0
	3191	0	504.04	0
	3192	0	503.883	0
	3193	0	503.726	0
	3194	0	503.569	0
	3195	0	503.412	0
	3196	0	503.255	0
	3197	0	503.099	0
	3198	0	502.942	0
	3199	0	502.786	0
	3200	0	502.63	0
	3201	0	502.473	0
	3202	0	502.317	0
	3203	0	502.161	0
	3204	0	502.005	0
	3205	0	501.85	0
	3206	0	501.694	0
	3207	0	501.538	0
	3208	0	501.383	0
	3209	0	501.227	0
	3210	0	501.072	0
	3211	0	500.917	0
	3212	0	500.762	0
	3213	0	500.607	0
	3214	0	500.452	0
	3215	0	500.297	0
	3216	0	500.142	0
	3217	0	499.988	0
	3218	0	499.833	0
	3219	0	499.679	0
	3220	0	499.524	0
	3221	0	499.37	0
	3222	0	499.216	0
	3223	0	499.062	0
	3224	0	498.908	0
	3225	0	498.754	0
	3226	0	498.6	0
	3227	0	498.447	0
	3228	0	498.293	0
	3229	0	498.139	0
	3230	0	497.986	0
	3231	0	497.833	0
	3232	0	497.68	0
	3233	0	497.526	0
	3234	0	497.373	0
	3235	0	497.22	0
	3236	0	497.068	0
	3237	0	496.915	0
	3238	0	496.762	0
	3239	0	496.61	0
	3240	0	496.457	0
	3241	0	496.305	0
	3242	0	496.153	0
	3243	0	496	0
	3244	0	495.848	0
	3245	0	495.696	0
	3246	0	495.544	0
	3247	0	495.393	0
	3248	0	495.241	0
	3249	0	495.089	0
	3250	0	494.938	0
	3251	0	494.786	0
	3252	0	494.635	0
	3253	0	494.484	0
	3254	0	494.332	0
	3255	0	494.181	0
	3256	0	494.03	0
	3257	0	493.88	0
	3258	0	493.729	0
	3259	0	493.578	0
	3260	0	493.427	0
	3261	0	493.277	0
	3262	0	493.127	0
	3263	0	492.976	0
	3264	0	492.826	0
	3265	0	492.676	0
	3266	0	492.526	0
	3267	0	492.376	0
	3268	0	492.226	0
	3269	0	492.076	0
	3270	0	491.926	0
	3271	0	491.777	0
	3272	0	491.627	0
	3273	0	491.478	0
	3274	0	491.329	0
	3275	0	491.179	0
	3276	0	491.03	0
	3277	0	490.881	0
	3278	0	490.732	0
	3279	0	490.583	0
	3280	0	490.434	0
	3281	0	490.286	0
	3282	0	490.137	0
	3283	0	489.989	0
	3284	0	489.84	0
	3285	0	489.692	0
	3286	0	489.544	0
	3287	0	489.396	0
	3288	0	489.247	0
	3289	0	489.099	0
	3290	0	488.952	0
	3291	0	488.804	0
	3292	0	488.656	0
	3293	0	488.508	0
	3294	0	488.361	0
	3295	0	488.213	0
	3296	0	488.066	0
	3297	0	487.919	0
	3298	0	487.772	0
	3299	0	487.625	0
	3300	0	487.478	0
	3301	0	487.331	0
	3302	0	487.184	0
	3303	0	487.037	0
	3304	0	486.891	0
	3305	0	486.744	0
	3306	0	486.597	0
	3307	0	486.451	0
	3308	0	486.305	0
	3309	0	486.159	0
	3310	0	486.013	0
	3311	0	485.866	0
	3312	0	485.721	0
	3313	0	485.575	0
	3314	0	485.429	0
	3315	0	485.283	0
	3316	0	485.138	0
	3317	0	484.992	0
	3318	0	484.847	0
	3319	0	484.701	0
	3320	0	484.556	0
	3321	0	484.411	0
	3322	0	484.266	0
	3323	0	484.121	0
	3324	0	483.976	0
	3325	0	483.831	0
	3326	0	483.687	0
	3327	0	483.542	0
	3328	0	483.397	0
	3329	0	483.253	0
	3330	0	483.109	0
	3331	0	482.964	0
	3332	0	482.82	0
	3333	0	482.676	0
	3334	0	482.532	0
	3335	0	482.388	0
	3336	0	482.244	0
	3337	0	482.1	0
	3338	0	481.957	0
	3339	0	481.813	0
	3340	0	481.67	0
	3341	0	481.526	0
	3342	0	481.383	0
	3343	0	481.24	0
	3344	0	481.096	0
	3345	0	480.953	0
	3346	0	480.81	0
	3347	0	480.667	0
	3348	0	480.525	0
	3349	0	480.382	0
	3350	0	480.239	0
	3351	0	480.097	0
	3352	0	479.954	0
	3353	0	479.812	0
	3354	0	479.669	0
	3355	0	479.527	0
	3356	0	479.385	0
	3357	0	479.243	0
	3358	0	479.101	0
	3359	0	478.959	0
	3360	0	478.817	0
	3361	0	478.675	0
	3362	0	478.534	0
	3363	0	478.392	0
	3364	0	478.251	0
	3365	0	478.109	0
	3366	0	477.968	0
	3367	0	477.827	0
	3368	0	477.686	0
	3369	0	477.545	0
	3370	0	477.404	0
	3371	0	477.263	0
	3372	0	477.122	0
	3373	0	476.981	0
	3374	0	476.84	0
	3375	0	476.7	0
	3376	0	476.559	0
	3377	0	476.419	0
	3378	0	476.279	0
	3379	0	476.138	0
	3380	0	475.998	0
	3381	0	475.858	0
	3382	0	475.718	0
	3383	0	475.578	0
	3384	0	475.438	0
	3385	0	475.299	0
	3386	0	475.159	0
	3387	0	475.019	0
	3388	0	474.88	0
	3389	0	474.741	0
	3390	0	474.601	0
	3391	0	474.462	0
	3392	0	474.323	0
	3393	0	474.184	0
	3394	0	474.045	0
	3395	0	473.906	0
	3396	0	473.767	0
	3397	0	473.628	0
	3398	0	473.49	0
	3399	0	473.351	0
	3400	0	473.212	0
	3401	0	473.074	0
	3402	0	472.936	0
	3403	0	472.797	0
	3404	0	472.659	0
	3405	0	472.521	0
	3406	0	472.383	0
	3407	0	472.245	0
	3408	0	472.107	0
	3409	0	471.969	0
	3410	0	471.832	0
	3411	0	471.694	0
	3412	0	471.556	0
	3413	0	471.419	0
	3414	0	471.282	0
	3415	0	471.144	0
	3416	0	471.007	0
	3417	0	470.87	0
	3418	0	470.733	0
	3419	0	470.596	0
	3420	0	470.459	0
	3421	0	470.322	0
	3422	0	470.185	0
	3423	0	470.049	0
	3424	0	469.912	0
	3425	0	469.776	0
	3426	0	469.639	0
	3427	0	469.503	0
	3428	0	469.367	0
	3429	0	469.23	0
	3430	0	469.094	0
	3431	0	468.958	0
	3432	0	468.822	0
	3433	0	468.686	0
	3434	0	468.551	0
	3435	0	468.415	0
	3436	0	468.279	0
	3437	0	468.144	0
	3438	0	468.008	0
	3439	0	467.873	0
	3440	0	467.737	0
	3441	0	467.602	0
	3442	0	467.467	0
	3443	0	467.332	0
	3444	0	467.197	0
	3445	0	467.062	0
	3446	0	466.927	0
	3447	0	466.792	0
	3448	0	466.658	0
	3449	0	466.523	0
	3450	0	466.388	0
	3451	0	466.254	0
	3452	0	466.119	0
	3453	0	465.985	0
	3454	0	465.851	0
	3455	0	465.717	0
	3456	0	465.583	0
	3457	0	465.449	0
	3458	0	465.315	0
	3459	0	465.181	0
	3460	0	465.047	0
	3461	0	464.913	0
	3462	0	464.78	0
	3463	0	464.646	0
	3464	0	464.513	0
	3465	0	464.379	0
	3466	0	464.246	0
	3467	0	464.113	0
	3468	0	463.98	0
	3469	0	463.847	0
	3470	0	463.714	0
	3471	0	463.581	0
	3472	0	463.448	0
	3473	0	463.315	0
	3474	0	463.182	0
	3475	0	463.05	0
	3476	0	462.917	0
	3477	0	462.785	0
	3478	0	462.652	0
	3479	0	462.52	0
	3480	0	462.388	0
	3481	0	462.255	0
	3482	0	462.123	0
	3483	0	461.991	0
	3484	0	461.859	0
	3485	0	461.727	0
	3486	0	461.596	0
	3487	0	461.464	0
	3488	0	461.332	0
	3489	0	461.201	0
	3490	0	461.069	0
	3491	0	460.938	0
	3492	0	460.806	0
	3493	0	460.675	0
	3494	0	460.544	0
	3495	0	460.413	0
	3496	0	460.282	0
	3497	0	460.151	0
	3498	0	460.02	0
	3499	0	459.889	0
	3500	0	459.758	0
	3501	0	459.628	0
	3502	0	459.497	0
	3503	0	459.367	0
	3504	0	459.236	0
	3505	0	459.106	0
	3506	0	458.975	0
	3507	0	458.845	0
	3508	0	458.715	0
	3509	0	458.585	0
	3510	0	458.455	0
	3511	0	458.325	0
	3512	0	458.195	0
	3513	0	458.065	0
	3514	0	457.936	0
	3515	0	457.806	0
	3516	0	457.676	0
	3517	0	457.547	0
	3518	0	457.417	0
	3519	0	457.288	0
	3520	0	457.159	0
	3521	0	457.03	0
	3522	0	456.9	0
	3523	0	456.771	0
	3524	0	456.642	0
	3525	0	456.514	0
	3526	0	456.385	0
	3527	0	456.256	0
	3528	0	456.127	0
	3529	0	455.999	0
	3530	0	455.87	0
	3531	0	455.742	0
	3532	0	455.613	0
	3533	0	455.485	0
	3534	0	455.357	0
	3535	0	455.228	0
	3536	0	455.1	0
	3537	0	454.972	0
	3538	0	454.844	0
	3539	0	454.716	0
	3540	0	454.589	0
	3541	0	454.461	0
	3542	0	454.333	0
	3543	0	454.205	0
	3544	0	454.078	0
	3545	0	453.95	0
	3546	0	453.823	0
	3547	0	453.696	0
	3548	0	453.568	0
	3549	0	453.441	0
	3550	0	453.314	0
	3551	0	453.187	0
	3552	0	453.06	0
	3553	0	452.933	0
	3554	0	452.806	0
	3555	0	452.68	0
	3556	0	452.553	0
	3557	0	452.426	0
	3558	0	452.3	0
	3559	0	452.173	0
	3560	0	452.047	0
	3561	0	451.921	0
	3562	0	451.794	0
	3563	0	451.668	0
	3564	0	451.542	0
	3565	0	451.416	0
	3566	0	451.29	0
	3567	0	451.164	0
	3568	0	451.038	0
	3569	0	450.913	0
	3570	0	450.787	0
	3571	0	450.661	0
	3572	0	450.536	0
	3573	0	450.41	0
	3574	0	450.285	0
	3575	0	450.159	0
	3576	0	450.034	0
	3577	0	449.909	0
	3578	0	449.784	0
	3579	0	449.659	0
	3580	0	449.534	0
	3581	0	449.409	0
	3582	0	449.284	0
	3583	0	449.159	0
	3584	0	449.034	0
	3585	0	448.91	0
	3586	0	448.785	0
	3587	0	448.661	0
	3588	0	448.536	0
	3589	0	448.412	0
	3590	0	448.287	0
	3591	0	448.163	0
	3592	0	448.039	0
	3593	0	447.915	0
	3594	0	447.791	0
	3595	0	447.667	0
	3596	0	447.543	0
	3597	0	447.419	0
	3598	0	447.295	0
	3599	0	447.172	0
	3600	0	447.048	0
	3601	0	446.925	0
	3602	0	446.801	0
	3603	0	446.678	0
	3604	0	446.554	0
	3605	0	446.431	0
	3606	0	446.308	0
	3607	0	446.185	0
	3608	0	446.062	0
	3609	0	445.939	0
	3610	0	445.816	0
	3611	0	445.693	0
	3612	0	445.57	0
	3613	0	445.447	0
	3614	0	445.325	0
	3615	0	445.202	0
	3616	0	445.079	0
	3617	0	444.957	0
	3618	0	444.835	0
	3619	0	444.712	0
	3620	0	444.59	0
	3621	0	444.468	0
	3622	0	444.346	0
	3623	0	444.224	0
	3624	0	444.102	0
	3625	0	443.98	0
	3626	0	443.858	0
	3627	0	443.736	0
	3628	0	443.614	0
	3629	0	443.493	0
	3630	0	443.371	0
	3631	0	443.25	0
	3632	0	443.128	0
	3633	0	443.007	0
	3634	0	442.885	0
	3635	0	442.764	0
	3636	0	442.643	0
	3637	0	442.522	0
	3638	0	442.401	0
	3639	0	442.28	0
	3640	0	442.159	0
	3641	0	442.038	0
	3642	0	441.917	0
	3643	0	441.796	0
	3644	0	441.676	0
	3645	0	441.555	0
	3646	0	441.435	0
	3647	0	441.314	0
	3648	0	441.194	0
	3649	0	441.073	0
	3650	0	440.953	0
